
     Program PWSCF v.7.0 starts on  6Mar2023 at 10:33:22 

     This program is part of the open-source Quantum ESPRESSO suite
     for quantum simulation of materials; please cite
         "P. Giannozzi et al., J. Phys.:Condens. Matter 21 395502 (2009);
         "P. Giannozzi et al., J. Phys.:Condens. Matter 29 465901 (2017);
         "P. Giannozzi et al., J. Chem. Phys. 152 154105 (2020);
          URL http://www.quantum-espresso.org", 
     in publications or presentations arising from this work. More details at
     http://www.quantum-espresso.org/quote

     Parallel version (MPI & OpenMP), running on      32 processor cores
     Number of MPI processes:                32
     Threads/MPI process:                     1

     MPI processes distributed on     1 nodes
     R & G space division:  proc/nbgrp/npool/nimage =      32
     166055 MiB available memory on the printing compute node when the environment starts
 
     Reading input from espresso_4292.pwi
Warning: card &CELL ignored
Warning: card / ignored

     Current dimensions of program PWSCF are:
     Max number of different atomic species (ntypx) = 10
     Max number of k-points (npk) =  40000
     Max angular momentum in pseudopotentials (lmaxx) =  4
     file K.pbe-spn-kjpaw_psl.1.0.0.UPF: wavefunction(s)  3S renormalized

     gamma-point specific algorithms are used
     Message from routine setup:
     using ibrav=0 with symmetry is DISCOURAGED, use correct ibrav instead

     Subspace diagonalization in iterative solution of the eigenvalue problem:
     one sub-group per band group will be used
     scalapack distributed-memory algorithm (size of sub-group:  5*  5 procs)

 
     Parallelization info
     --------------------
     sticks:   dense  smooth     PW     G-vecs:    dense   smooth      PW
     Min          70      34      7                 2215      780      94
     Max          73      36     10                 2220      790     102
     Sum        2257    1135    283                70985    25125    3143
 
     Using Slab Decomposition
 


     bravais-lattice index     =            0
     lattice parameter (alat)  =      11.7037  a.u.
     unit-cell volume          =    1133.5966 (a.u.)^3
     number of atoms/cell      =            4
     number of atomic types    =            3
     number of electrons       =        42.00
     number of Kohn-Sham states=           25
     kinetic-energy cutoff     =      30.0000  Ry
     charge density cutoff     =     240.0000  Ry
     scf convergence threshold =      1.0E-06
     mixing beta               =       0.7000
     number of iterations used =            8  plain     mixing
     Exchange-correlation=  SLA  PW   PBX  PBC
                           (   1   4   3   4   0   0   0)

     celldm(1)=  11.703736  celldm(2)=   0.000000  celldm(3)=   0.000000
     celldm(4)=   0.000000  celldm(5)=   0.000000  celldm(6)=   0.000000

     crystal axes: (cart. coord. in units of alat)
               a(1) = (   1.000000   0.000000   0.000000 )  
               a(2) = (   0.500000   0.866025   0.000000 )  
               a(3) = (   0.500000   0.288675   0.816497 )  

     reciprocal axes: (cart. coord. in units 2 pi/alat)
               b(1) = (  1.000000 -0.577350 -0.408248 )  
               b(2) = (  0.000000  1.154701 -0.408248 )  
               b(3) = (  0.000000  0.000000  1.224745 )  


     PseudoPot. # 1 for Cs read from file:
     /home/pragov/projects/rrg-bengioy-ad/pragov/crystal_structure_design/SSSP/Cs_pbe_v1.uspp.F.UPF
     MD5 check sum: 3476d69cb178dfad3ffaa59df4e07ca4
     Pseudo is Ultrasoft + core correction, Zval =  9.0
     Generated by new atomic code, or converted to UPF format
     Using radial grid of  905 points,  6 beta functions with: 
                l(1) =   0
                l(2) =   0
                l(3) =   1
                l(4) =   1
                l(5) =   2
                l(6) =   2
     Q(r) pseudized with  6 coefficients,  rinner =    1.500   1.500   1.500
                                                       1.500   1.500

     PseudoPot. # 2 for K  read from file:
     /home/pragov/projects/rrg-bengioy-ad/pragov/crystal_structure_design/SSSP/K.pbe-spn-kjpaw_psl.1.0.0.UPF
     MD5 check sum: 7d58810084cac21f60fbe77ea2b688fd
     Pseudo is Projector augmented-wave + core cor, Zval =  9.0
     Generated using "atomic" code by A. Dal Corso  v.5.1
     Shape of augmentation charge: PSQ
     Using radial grid of 1165 points,  6 beta functions with: 
                l(1) =   0
                l(2) =   0
                l(3) =   1
                l(4) =   1
                l(5) =   2
                l(6) =   2
     Q(r) pseudized with 0 coefficients 


     PseudoPot. # 3 for Sb read from file:
     /home/pragov/projects/rrg-bengioy-ad/pragov/crystal_structure_design/SSSP/sb_pbe_v1.4.uspp.F.UPF
     MD5 check sum: 9bc50dfb53373b713f5709b9110fe27f
     Pseudo is Ultrasoft + core correction, Zval = 15.0
     Generated by new atomic code, or converted to UPF format
     Using radial grid of  891 points,  6 beta functions with: 
                l(1) =   0
                l(2) =   0
                l(3) =   1
                l(4) =   1
                l(5) =   2
                l(6) =   2
     Q(r) pseudized with  8 coefficients,  rinner =    1.350   1.350   1.350
                                                       1.350   1.350

     atomic species   valence    mass     pseudopotential
        Cs             9.00   132.90545     Cs( 1.00)
        K              9.00    39.09830     K ( 1.00)
        Sb            15.00   121.76000     Sb( 1.00)

     12 Sym. Ops., with inversion, found


                                    s                        frac. trans.

      isym =  1     identity                                     

 cryst.   s( 1) = (     1          0          0      )
                  (     0          1          0      )
                  (     0          0          1      )

 cart.    s( 1) = (  1.0000000  0.0000000  0.0000000 )
                  (  0.0000000  1.0000000 -0.0000000 )
                  (  0.0000000  0.0000000  1.0000000 )


      isym =  2     180 deg rotation - cart. axis [1,0,0]        

 cryst.   s( 2) = (     1          0          0      )
                  (     1         -1          0      )
                  (     1          0         -1      )

 cart.    s( 2) = (  1.0000000  0.0000000  0.0000000 )
                  (  0.0000000 -1.0000000  0.0000000 )
                  (  0.0000000  0.0000000 -1.0000000 )


      isym =  3     120 deg rotation - cryst. axis [0,0,1]       

 cryst.   s( 3) = (    -1          1          0      )
                  (    -1          0          0      )
                  (    -1          0          1      )

 cart.    s( 3) = ( -0.5000000 -0.8660254  0.0000000 )
                  (  0.8660254 -0.5000000  0.0000000 )
                  (  0.0000000  0.0000000  1.0000000 )


      isym =  4     120 deg rotation - cryst. axis [0,0,-1]      

 cryst.   s( 4) = (     0         -1          0      )
                  (     1         -1          0      )
                  (     0         -1          1      )

 cart.    s( 4) = ( -0.5000000  0.8660254 -0.0000000 )
                  ( -0.8660254 -0.5000000  0.0000000 )
                  (  0.0000000  0.0000000  1.0000000 )


      isym =  5     180 deg rotation - cryst. axis [0,1,0]       

 cryst.   s( 5) = (     0         -1          0      )
                  (    -1          0          0      )
                  (     0          0         -1      )

 cart.    s( 5) = ( -0.5000000 -0.8660254  0.0000000 )
                  ( -0.8660254  0.5000000 -0.0000000 )
                  (  0.0000000  0.0000000 -1.0000000 )


      isym =  6     180 deg rotation - cryst. axis [1,1,0]       

 cryst.   s( 6) = (    -1          1          0      )
                  (     0          1          0      )
                  (     0          1         -1      )

 cart.    s( 6) = ( -0.5000000  0.8660254 -0.0000000 )
                  (  0.8660254  0.5000000 -0.0000000 )
                  (  0.0000000  0.0000000 -1.0000000 )


      isym =  7     inversion                                    

 cryst.   s( 7) = (    -1          0          0      )
                  (     0         -1          0      )
                  (     0          0         -1      )

 cart.    s( 7) = ( -1.0000000  0.0000000  0.0000000 )
                  (  0.0000000 -1.0000000  0.0000000 )
                  (  0.0000000  0.0000000 -1.0000000 )


      isym =  8     inv. 180 deg rotation - cart. axis [1,0,0]   

 cryst.   s( 8) = (    -1          0          0      )
                  (    -1          1          0      )
                  (    -1          0          1      )

 cart.    s( 8) = ( -1.0000000  0.0000000  0.0000000 )
                  (  0.0000000  1.0000000 -0.0000000 )
                  (  0.0000000  0.0000000  1.0000000 )


      isym =  9     inv. 120 deg rotation - cryst. axis [0,0,1]  

 cryst.   s( 9) = (     1         -1          0      )
                  (     1          0          0      )
                  (     1          0         -1      )

 cart.    s( 9) = (  0.5000000  0.8660254 -0.0000000 )
                  ( -0.8660254  0.5000000 -0.0000000 )
                  (  0.0000000  0.0000000 -1.0000000 )


      isym = 10     inv. 120 deg rotation - cryst. axis [0,0,-1] 

 cryst.   s(10) = (     0          1          0      )
                  (    -1          1          0      )
                  (     0          1         -1      )

 cart.    s(10) = (  0.5000000 -0.8660254  0.0000000 )
                  (  0.8660254  0.5000000 -0.0000000 )
                  (  0.0000000  0.0000000 -1.0000000 )


      isym = 11     inv. 180 deg rotation - cryst. axis [0,1,0]  

 cryst.   s(11) = (     0          1          0      )
                  (     1          0          0      )
                  (     0          0          1      )

 cart.    s(11) = (  0.5000000  0.8660254 -0.0000000 )
                  (  0.8660254 -0.5000000  0.0000000 )
                  (  0.0000000  0.0000000  1.0000000 )


      isym = 12     inv. 180 deg rotation - cryst. axis [1,1,0]  

 cryst.   s(12) = (     1         -1          0      )
                  (     0         -1          0      )
                  (     0         -1          1      )

 cart.    s(12) = (  0.5000000 -0.8660254  0.0000000 )
                  ( -0.8660254 -0.5000000  0.0000000 )
                  (  0.0000000  0.0000000  1.0000000 )


   Cartesian axes

     site n.     atom                  positions (alat units)
         1           Cs  tau(   1) = (   1.0000000   0.5773503   0.4082483  )
         2           K   tau(   2) = (   0.5000000   0.2886751   0.2041241  )
         3           K   tau(   3) = (   1.5000000   0.8660254   0.6123724  )
         4           Sb  tau(   4) = (   0.0000000   0.0000000   0.0000000  )

   Crystallographic axes

     site n.     atom                  positions (cryst. coord.)
         1           Cs  tau(   1) = (  0.5000000  0.5000000  0.5000000  )
         2           K   tau(   2) = (  0.2500000  0.2500000  0.2500000  )
         3           K   tau(   3) = (  0.7500000  0.7500000  0.7500000  )
         4           Sb  tau(   4) = (  0.0000000  0.0000000  0.0000000  )

     number of k points=     1  Methfessel-Paxton smearing, width (Ry)=  0.0010
                       cart. coord. in units 2pi/alat
        k(    1) = (   0.0000000   0.0000000   0.0000000), wk =   2.0000000

                       cryst. coord.
        k(    1) = (   0.0000000   0.0000000   0.0000000), wk =   2.0000000

     Dense  grid:    35493 G-vectors     FFT dimensions: (  60,  60,  60)

     Smooth grid:    12563 G-vectors     FFT dimensions: (  45,  45,  45)

     Dynamical RAM for                 wfc:       0.02 MB

     Dynamical RAM for     wfc (w. buffer):       0.02 MB

     Dynamical RAM for           str. fact:       0.05 MB

     Dynamical RAM for           local pot:       0.00 MB

     Dynamical RAM for          nlocal pot:       0.05 MB

     Dynamical RAM for                qrad:       3.73 MB

     Dynamical RAM for          rho,v,vnew:       0.22 MB

     Dynamical RAM for               rhoin:       0.07 MB

     Dynamical RAM for            rho*nmix:       0.27 MB

     Dynamical RAM for           G-vectors:       0.07 MB

     Dynamical RAM for          h,s,v(r/c):       0.00 MB

     Dynamical RAM for          <psi|beta>:       0.01 MB

     Dynamical RAM for                 psi:       0.04 MB

     Dynamical RAM for                hpsi:       0.04 MB

     Dynamical RAM for                spsi:       0.04 MB

     Dynamical RAM for      wfcinit/wfcrot:       0.09 MB

     Dynamical RAM for           addusdens:       3.18 MB

     Dynamical RAM for          addusforce:       3.23 MB

     Dynamical RAM for         addusstress:       3.40 MB

     Estimated static dynamical RAM per process >       4.55 MB

     Estimated max dynamical RAM per process >       8.22 MB

     Estimated total dynamical RAM >     263.16 MB

     Check: negative core charge=   -0.000004

     Initial potential from superposition of free atoms

     starting charge      40.9229, renormalised to      42.0000
     Starting wfcs are   38 randomized atomic wfcs
     Checking if some PAW data can be deallocated... 
       PAW data deallocated on   16 nodes for type:  2

     total cpu time spent up to now is        1.1 secs

     Self-consistent Calculation

     iteration #  1     ecut=    30.00 Ry     beta= 0.70
     Davidson diagonalization with overlap

---- Real-time Memory Report at c_bands before calling an iterative solver
           136 MiB given to the printing process from OS
             0 MiB allocation reported by mallinfo(arena+hblkhd)
        165089 MiB available memory on the node where the printing process lives
------------------
     ethr =  1.00E-02,  avg # of iterations =  2.0

     total cpu time spent up to now is        1.2 secs

     total energy              =    -473.62334226 Ry
     estimated scf accuracy    <       0.88775941 Ry

     iteration #  2     ecut=    30.00 Ry     beta= 0.70
     Davidson diagonalization with overlap

---- Real-time Memory Report at c_bands before calling an iterative solver
           140 MiB given to the printing process from OS
             0 MiB allocation reported by mallinfo(arena+hblkhd)
        164939 MiB available memory on the node where the printing process lives
------------------
     ethr =  2.11E-03,  avg # of iterations =  4.0

     total cpu time spent up to now is        1.3 secs

     total energy              =    -473.70334184 Ry
     estimated scf accuracy    <       0.62272607 Ry

     iteration #  3     ecut=    30.00 Ry     beta= 0.70
     Davidson diagonalization with overlap

---- Real-time Memory Report at c_bands before calling an iterative solver
           141 MiB given to the printing process from OS
             0 MiB allocation reported by mallinfo(arena+hblkhd)
        164939 MiB available memory on the node where the printing process lives
------------------
     ethr =  1.48E-03,  avg # of iterations =  3.0

     total cpu time spent up to now is        1.4 secs

     total energy              =    -473.90589189 Ry
     estimated scf accuracy    <       0.08961010 Ry

     iteration #  4     ecut=    30.00 Ry     beta= 0.70
     Davidson diagonalization with overlap

---- Real-time Memory Report at c_bands before calling an iterative solver
           142 MiB given to the printing process from OS
             0 MiB allocation reported by mallinfo(arena+hblkhd)
        164941 MiB available memory on the node where the printing process lives
------------------
     ethr =  2.13E-04,  avg # of iterations =  2.0

     total cpu time spent up to now is        1.5 secs

     total energy              =    -473.89958485 Ry
     estimated scf accuracy    <       0.02957461 Ry

     iteration #  5     ecut=    30.00 Ry     beta= 0.70
     Davidson diagonalization with overlap

---- Real-time Memory Report at c_bands before calling an iterative solver
           143 MiB given to the printing process from OS
             0 MiB allocation reported by mallinfo(arena+hblkhd)
        164944 MiB available memory on the node where the printing process lives
------------------
     ethr =  7.04E-05,  avg # of iterations =  3.0

     total cpu time spent up to now is        1.6 secs

     total energy              =    -473.90605950 Ry
     estimated scf accuracy    <       0.00076713 Ry

     iteration #  6     ecut=    30.00 Ry     beta= 0.70
     Davidson diagonalization with overlap

---- Real-time Memory Report at c_bands before calling an iterative solver
           143 MiB given to the printing process from OS
             0 MiB allocation reported by mallinfo(arena+hblkhd)
        164944 MiB available memory on the node where the printing process lives
------------------
     ethr =  1.83E-06,  avg # of iterations = 16.0

     total cpu time spent up to now is        1.8 secs

     total energy              =    -473.90601287 Ry
     estimated scf accuracy    <       0.00040474 Ry

     iteration #  7     ecut=    30.00 Ry     beta= 0.70
     Davidson diagonalization with overlap

---- Real-time Memory Report at c_bands before calling an iterative solver
           143 MiB given to the printing process from OS
             0 MiB allocation reported by mallinfo(arena+hblkhd)
        164933 MiB available memory on the node where the printing process lives
------------------
     ethr =  9.64E-07,  avg # of iterations =  2.0

     total cpu time spent up to now is        1.9 secs

     total energy              =    -473.90603214 Ry
     estimated scf accuracy    <       0.00003141 Ry

     iteration #  8     ecut=    30.00 Ry     beta= 0.70
     Davidson diagonalization with overlap

---- Real-time Memory Report at c_bands before calling an iterative solver
           143 MiB given to the printing process from OS
             0 MiB allocation reported by mallinfo(arena+hblkhd)
        164933 MiB available memory on the node where the printing process lives
------------------
     ethr =  7.48E-08,  avg # of iterations =  4.0

     total cpu time spent up to now is        2.0 secs

     total energy              =    -473.90604392 Ry
     estimated scf accuracy    <       0.00000268 Ry

     iteration #  9     ecut=    30.00 Ry     beta= 0.70
     Davidson diagonalization with overlap

---- Real-time Memory Report at c_bands before calling an iterative solver
           144 MiB given to the printing process from OS
             0 MiB allocation reported by mallinfo(arena+hblkhd)
        164933 MiB available memory on the node where the printing process lives
------------------
     ethr =  6.37E-09,  avg # of iterations =  4.0

     total cpu time spent up to now is        2.1 secs

     End of self-consistent calculation

          k = 0.0000 0.0000 0.0000 (  1572 PWs)   bands (ev):

   -25.9274 -25.9168 -20.6134 -20.6130 -20.6115 -20.6115 -20.6110 -18.2546
    -9.4564  -9.4564  -9.4562  -9.4059  -9.4058  -9.4056  -5.0685  -5.0681
    -5.0679  -1.1181   5.7748   5.7757   5.7758   6.3069   7.4543   7.8986
     7.8990

     occupation numbers 
     1.0000   1.0000   1.0000   1.0000   1.0000   1.0000   1.0000   1.0000
     1.0000   1.0000   1.0000   1.0000   1.0000   1.0000   1.0000   1.0000
     1.0000   1.0000   1.0000   1.0000   1.0000  -0.0000  -0.0000  -0.0000
    -0.0000

     the Fermi energy is     5.9039 ev

!    total energy              =    -473.90604374 Ry
     estimated scf accuracy    <       0.00000091 Ry
     smearing contrib. (-TS)   =       0.00000000 Ry
     internal energy E=F+TS    =    -473.90604374 Ry

     The total energy is F=E-TS. E is the sum of the following terms:
     one-electron contribution =    -163.14197213 Ry
     hartree contribution      =      96.91386752 Ry
     xc contribution           =     -96.91737794 Ry
     ewald contribution        =    -199.94177796 Ry
     one-center paw contrib.   =    -110.81878323 Ry
      -> PAW hartree energy AE =       0.00000000 Ry
      -> PAW hartree energy PS =       0.00000000 Ry
      -> PAW xc energy AE      =       0.00000000 Ry
      -> PAW xc energy PS      =       0.00000000 Ry
      -> total E_H with PAW    =      96.91386752 Ry
      -> total E_XC with PAW   =     -96.91737794 Ry

     convergence has been achieved in   9 iterations

     Forces acting on atoms (cartesian axes, Ry/au):

     atom    1 type  1   force =     0.00000000    0.00000000    0.00000000
     atom    2 type  2   force =    -0.00000000   -0.00000000   -0.00001734
     atom    3 type  2   force =    -0.00000000   -0.00000000    0.00001734
     atom    4 type  3   force =     0.00000000    0.00000000   -0.00000000
     The non-local contrib.  to forces
     atom    1 type  1   force =    -0.00000000   -0.00000000    0.00000000
     atom    2 type  2   force =     0.00000000    0.00000000   -0.00000553
     atom    3 type  2   force =    -0.00000000    0.00000000    0.00000553
     atom    4 type  3   force =     0.00000000    0.00000000   -0.00000000
     The ionic contribution  to forces
     atom    1 type  1   force =    -0.00000000   -0.00000000    0.00000000
     atom    2 type  2   force =    -0.00000000    0.00000000   -0.00000000
     atom    3 type  2   force =    -0.00000000   -0.00000000   -0.00000000
     atom    4 type  3   force =     0.00000000    0.00000000    0.00000000
     The local contribution  to forces
     atom    1 type  1   force =    -0.00001534   -0.00002400    0.00002738
     atom    2 type  2   force =    -0.00032738    0.00026317   -0.00026104
     atom    3 type  2   force =     0.00041892   -0.00023732    0.00033485
     atom    4 type  3   force =    -0.00007511   -0.00001609    0.00003229
     The core correction contribution to forces
     atom    1 type  1   force =     0.00000116   -0.00000135    0.00000439
     atom    2 type  2   force =    -0.00000316    0.00000257   -0.00000179
     atom    3 type  2   force =     0.00000521   -0.00000206    0.00000329
     atom    4 type  3   force =    -0.00000242   -0.00000056   -0.00000054
     The Hubbard contrib.    to forces
     atom    1 type  1   force =     0.00000000    0.00000000    0.00000000
     atom    2 type  2   force =     0.00000000    0.00000000    0.00000000
     atom    3 type  2   force =     0.00000000    0.00000000    0.00000000
     atom    4 type  3   force =     0.00000000    0.00000000    0.00000000
     The SCF correction term to forces
     atom    1 type  1   force =     0.00001266    0.00001717    0.00000645
     atom    2 type  2   force =     0.00032272   -0.00023872    0.00026876
     atom    3 type  2   force =    -0.00036361    0.00022287   -0.00030861
     atom    4 type  3   force =     0.00003319    0.00006368   -0.00007025

     Total force =     0.000025     Total SCF correction =     0.000722
     SCF correction compared to forces is large: reduce conv_thr to get better values


     Computing stress (Cartesian axis) and pressure

          total   stress  (Ry/bohr**3)                   (kbar)     P=      -47.01
  -0.00031964   0.00000000   0.00000000          -47.02        0.00        0.00
   0.00000000  -0.00031964   0.00000000            0.00      -47.02        0.00
  -0.00000000   0.00000000  -0.00031931           -0.00        0.00      -46.97

     kinetic stress (kbar)   8018.65     -0.00     -0.00
                                0.00   8018.65     -0.00
                                0.00     -0.00   8018.67

     local   stress (kbar)  -4274.34     -0.09     -0.03
                               -0.09  -4274.57     -0.05
                               -0.03     -0.05  -4274.32

     nonloc. stress (kbar)   3065.45     -0.00     -0.00
                               -0.00   3065.45     -0.00
                               -0.00     -0.00   3065.43

     hartree stress (kbar)   4192.09      0.06      0.02
                                0.06   4192.22      0.02
                                0.02      0.02   4192.06

     exc-cor stress (kbar)   4390.27      0.00      0.00
                                0.00   4390.28      0.00
                                0.00      0.00   4390.27

     corecor stress (kbar)  -6790.37     -0.00      0.00
                               -0.00  -6790.37     -0.00
                                0.00     -0.00  -6790.37

     ewald   stress (kbar)  -8648.71      0.00     -0.00
                                0.00  -8648.71      0.00
                               -0.00      0.00  -8648.71

     hubbard stress (kbar)      0.00      0.00      0.00
                                0.00      0.00      0.00
                                0.00      0.00      0.00

     DFT-D   stress (kbar)      0.00      0.00      0.00
                                0.00      0.00      0.00
                                0.00      0.00      0.00

     XDM     stress (kbar)      0.00      0.00      0.00
                                0.00      0.00      0.00
                                0.00      0.00      0.00

     dft-nl  stress (kbar)      0.00      0.00      0.00
                                0.00      0.00      0.00
                                0.00      0.00      0.00

     TS-vdW  stress (kbar)      0.00      0.00      0.00
                                0.00      0.00      0.00
                                0.00      0.00      0.00


                                0.00      0.00      0.00
                                0.00      0.00      0.00


                                0.00      0.00      0.00


     Writing all to output data dir calculations/myprefix.save/
 
     init_run     :      0.71s CPU      0.76s WALL (       1 calls)
     electrons    :      0.92s CPU      1.01s WALL (       1 calls)
     forces       :      0.05s CPU      0.05s WALL (       1 calls)
     stress       :      0.14s CPU      0.14s WALL (       1 calls)

     Called by init_run:
     wfcinit      :      0.02s CPU      0.03s WALL (       1 calls)
     wfcinit:atom :      0.00s CPU      0.00s WALL (       1 calls)
     wfcinit:wfcr :      0.02s CPU      0.03s WALL (       1 calls)
     potinit      :      0.21s CPU      0.21s WALL (       1 calls)
     hinit0       :      0.47s CPU      0.48s WALL (       1 calls)

     Called by electrons:
     c_bands      :      0.21s CPU      0.22s WALL (       9 calls)
     sum_band     :      0.12s CPU      0.13s WALL (       9 calls)
     v_of_rho     :      0.03s CPU      0.04s WALL (      10 calls)
     v_h          :      0.00s CPU      0.00s WALL (      10 calls)
     v_xc         :      0.04s CPU      0.04s WALL (      12 calls)
     newd         :      0.10s CPU      0.11s WALL (      10 calls)
     PAW_pot      :      0.53s CPU      0.53s WALL (      10 calls)
     mix_rho      :      0.01s CPU      0.01s WALL (       9 calls)

     Called by c_bands:
     init_us_2    :      0.00s CPU      0.00s WALL (      19 calls)
     init_us_2:cp :      0.00s CPU      0.00s WALL (      19 calls)
     regterg      :      0.21s CPU      0.21s WALL (       9 calls)

     Called by sum_band:
     sum_band:wei :      0.00s CPU      0.00s WALL (       9 calls)
     sum_band:loo :      0.01s CPU      0.02s WALL (       9 calls)
     sum_band:buf :      0.00s CPU      0.00s WALL (       9 calls)
     sum_band:ini :      0.00s CPU      0.00s WALL (       9 calls)
     sum_band:cal :      0.00s CPU      0.00s WALL (       9 calls)
     sum_band:bec :      0.00s CPU      0.00s WALL (       9 calls)
     addusdens    :      0.10s CPU      0.10s WALL (       9 calls)
     addusd:skk   :      0.00s CPU      0.00s WALL (      27 calls)
     addusd:dgemm :      0.02s CPU      0.03s WALL (      27 calls)
     addusd:qvan2 :      0.07s CPU      0.07s WALL (      27 calls)

     Called by *egterg:
     rdiaghg      :      0.12s CPU      0.13s WALL (      49 calls)
     regterg:over :      0.01s CPU      0.02s WALL (      40 calls)
     regterg:upda :      0.01s CPU      0.01s WALL (      40 calls)
     regterg:last :      0.01s CPU      0.01s WALL (      19 calls)
     rdiaghg:chol :      0.02s CPU      0.02s WALL (      49 calls)
     rdiaghg:inve :      0.00s CPU      0.00s WALL (      49 calls)
     rdiaghg:para :      0.01s CPU      0.01s WALL (      98 calls)
     h_psi        :      0.07s CPU      0.08s WALL (      50 calls)
     s_psi        :      0.00s CPU      0.00s WALL (      50 calls)
     g_psi        :      0.00s CPU      0.00s WALL (      40 calls)

     Called by h_psi:
     h_psi:calbec :      0.01s CPU      0.01s WALL (      50 calls)
     vloc_psi     :      0.06s CPU      0.07s WALL (      50 calls)
     add_vuspsi   :      0.00s CPU      0.00s WALL (      50 calls)

     General routines
     calbec       :      0.01s CPU      0.01s WALL (      64 calls)
     fft          :      0.41s CPU      0.42s WALL (     128 calls)
     ffts         :      0.11s CPU      0.11s WALL (      19 calls)
     fftw         :      0.07s CPU      0.07s WALL (     749 calls)
     interpolate  :      0.11s CPU      0.11s WALL (      10 calls)
 
     Parallel routines

     PAW routines
     PAW_pot      :      0.53s CPU      0.53s WALL (      10 calls)
     PAW_symme    :      0.01s CPU      0.01s WALL (      19 calls)
 
     PWSCF        :      2.12s CPU      2.68s WALL

 
   This run was terminated on:  10:33:24   6Mar2023            

=------------------------------------------------------------------------------=
   JOB DONE.
=------------------------------------------------------------------------------=
