
     Program PWSCF v.7.0 starts on  4Mar2023 at 22:29:46 

     This program is part of the open-source Quantum ESPRESSO suite
     for quantum simulation of materials; please cite
         "P. Giannozzi et al., J. Phys.:Condens. Matter 21 395502 (2009);
         "P. Giannozzi et al., J. Phys.:Condens. Matter 29 465901 (2017);
         "P. Giannozzi et al., J. Chem. Phys. 152 154105 (2020);
          URL http://www.quantum-espresso.org", 
     in publications or presentations arising from this work. More details at
     http://www.quantum-espresso.org/quote

     Parallel version (MPI & OpenMP), running on      32 processor cores
     Number of MPI processes:                32
     Threads/MPI process:                     1

     MPI processes distributed on     1 nodes
     R & G space division:  proc/nbgrp/npool/nimage =      32
     167149 MiB available memory on the printing compute node when the environment starts
 
     Reading input from espresso_7915.pwi
Warning: card &CELL ignored
Warning: card / ignored

     Current dimensions of program PWSCF are:
     Max number of different atomic species (ntypx) = 10
     Max number of k-points (npk) =  40000
     Max angular momentum in pseudopotentials (lmaxx) =  4
     file Cd.pbe-dn-rrkjus_psl.0.3.1.UPF: wavefunction(s)  4D renormalized
     file In.pbe-dn-rrkjus_psl.0.2.2.UPF: wavefunction(s)  5S renormalized

     gamma-point specific algorithms are used
     Message from routine setup:
     using ibrav=0 with symmetry is DISCOURAGED, use correct ibrav instead

     Subspace diagonalization in iterative solution of the eigenvalue problem:
     one sub-group per band group will be used
     scalapack distributed-memory algorithm (size of sub-group:  5*  5 procs)

 
     Parallelization info
     --------------------
     sticks:   dense  smooth     PW     G-vecs:    dense   smooth      PW
     Min          37      18      4                  894      310      36
     Max          40      20      6                  904      322      42
     Sum        1237     613    151                28763    10081    1243
 
     Using Slab Decomposition
 


     bravais-lattice index     =            0
     lattice parameter (alat)  =       8.6489  a.u.
     unit-cell volume          =     457.4736 (a.u.)^3
     number of atoms/cell      =            4
     number of atomic types    =            3
     number of electrons       =        59.00
     number of Kohn-Sham states=           36
     kinetic-energy cutoff     =      30.0000  Ry
     charge density cutoff     =     240.0000  Ry
     scf convergence threshold =      1.0E-06
     mixing beta               =       0.7000
     number of iterations used =            8  plain     mixing
     Exchange-correlation= PBE
                           (   1   4   3   4   0   0   0)

     celldm(1)=   8.648890  celldm(2)=   0.000000  celldm(3)=   0.000000
     celldm(4)=   0.000000  celldm(5)=   0.000000  celldm(6)=   0.000000

     crystal axes: (cart. coord. in units of alat)
               a(1) = (   1.000000   0.000000   0.000000 )  
               a(2) = (   0.500000   0.866025   0.000000 )  
               a(3) = (   0.500000   0.288675   0.816497 )  

     reciprocal axes: (cart. coord. in units 2 pi/alat)
               b(1) = (  1.000000 -0.577350 -0.408248 )  
               b(2) = (  0.000000  1.154701 -0.408248 )  
               b(3) = (  0.000000  0.000000  1.224745 )  


     PseudoPot. # 1 for Cd read from file:
     /home/pragov/projects/rrg-bengioy-ad/pragov/crystal_structure_design/SSSP/Cd.pbe-dn-rrkjus_psl.0.3.1.UPF
     MD5 check sum: 558e9f355611b531a870a69ef6ace9e2
     Pseudo is Ultrasoft + core correction, Zval = 12.0
     Generated using "atomic" code by A. Dal Corso  v.5.0.99 svn rev. 10869
     Using radial grid of 1239 points,  6 beta functions with: 
                l(1) =   0
                l(2) =   0
                l(3) =   1
                l(4) =   1
                l(5) =   2
                l(6) =   2
     Q(r) pseudized with 0 coefficients 


     PseudoPot. # 2 for In read from file:
     /home/pragov/projects/rrg-bengioy-ad/pragov/crystal_structure_design/SSSP/In.pbe-dn-rrkjus_psl.0.2.2.UPF
     MD5 check sum: 25e7c42c3b55b68f4bf926be2e7201a4
     Pseudo is Ultrasoft + core correction, Zval = 13.0
     Generated using "atomic" code by A. Dal Corso  v.5.0.99 svn rev. 10869
     Using radial grid of 1241 points,  6 beta functions with: 
                l(1) =   0
                l(2) =   0
                l(3) =   1
                l(4) =   1
                l(5) =   2
                l(6) =   2
     Q(r) pseudized with 0 coefficients 


     PseudoPot. # 3 for Rh read from file:
     /home/pragov/projects/rrg-bengioy-ad/pragov/crystal_structure_design/SSSP/Rh_ONCV_PBE-1.0.oncvpsp.upf
     MD5 check sum: ba07c69523b14cacd10683cd4c4284c1
     Pseudo is Norm-conserving, Zval = 17.0
     Generated using ONCVPSP code by D. R. Hamann
     Using radial grid of 1442 points,  6 beta functions with: 
                l(1) =   0
                l(2) =   0
                l(3) =   1
                l(4) =   1
                l(5) =   2
                l(6) =   2

     atomic species   valence    mass     pseudopotential
        Cd            12.00   112.41400     Cd( 1.00)
        In            13.00   114.81800     In( 1.00)
        Rh            17.00   102.90550     Rh( 1.00)

     12 Sym. Ops., with inversion, found


                                    s                        frac. trans.

      isym =  1     identity                                     

 cryst.   s( 1) = (     1          0          0      )
                  (     0          1          0      )
                  (     0          0          1      )

 cart.    s( 1) = (  1.0000000  0.0000000  0.0000000 )
                  (  0.0000000  1.0000000 -0.0000000 )
                  (  0.0000000  0.0000000  1.0000000 )


      isym =  2     180 deg rotation - cart. axis [1,0,0]        

 cryst.   s( 2) = (     1          0          0      )
                  (     1         -1          0      )
                  (     1          0         -1      )

 cart.    s( 2) = (  1.0000000  0.0000000 -0.0000000 )
                  (  0.0000000 -1.0000000  0.0000000 )
                  (  0.0000000  0.0000000 -1.0000000 )


      isym =  3     120 deg rotation - cryst. axis [0,0,1]       

 cryst.   s( 3) = (    -1          1          0      )
                  (    -1          0          0      )
                  (    -1          0          1      )

 cart.    s( 3) = ( -0.5000000 -0.8660254  0.0000000 )
                  (  0.8660254 -0.5000000  0.0000000 )
                  (  0.0000000  0.0000000  1.0000000 )


      isym =  4     120 deg rotation - cryst. axis [0,0,-1]      

 cryst.   s( 4) = (     0         -1          0      )
                  (     1         -1          0      )
                  (     0         -1          1      )

 cart.    s( 4) = ( -0.5000000  0.8660254 -0.0000000 )
                  ( -0.8660254 -0.5000000  0.0000000 )
                  (  0.0000000  0.0000000  1.0000000 )


      isym =  5     180 deg rotation - cryst. axis [0,1,0]       

 cryst.   s( 5) = (     0         -1          0      )
                  (    -1          0          0      )
                  (     0          0         -1      )

 cart.    s( 5) = ( -0.5000000 -0.8660254  0.0000000 )
                  ( -0.8660254  0.5000000 -0.0000000 )
                  (  0.0000000  0.0000000 -1.0000000 )


      isym =  6     180 deg rotation - cryst. axis [1,1,0]       

 cryst.   s( 6) = (    -1          1          0      )
                  (     0          1          0      )
                  (     0          1         -1      )

 cart.    s( 6) = ( -0.5000000  0.8660254 -0.0000000 )
                  (  0.8660254  0.5000000 -0.0000000 )
                  (  0.0000000  0.0000000 -1.0000000 )


      isym =  7     inversion                                    

 cryst.   s( 7) = (    -1          0          0      )
                  (     0         -1          0      )
                  (     0          0         -1      )

 cart.    s( 7) = ( -1.0000000  0.0000000  0.0000000 )
                  (  0.0000000 -1.0000000  0.0000000 )
                  (  0.0000000  0.0000000 -1.0000000 )


      isym =  8     inv. 180 deg rotation - cart. axis [1,0,0]   

 cryst.   s( 8) = (    -1          0          0      )
                  (    -1          1          0      )
                  (    -1          0          1      )

 cart.    s( 8) = ( -1.0000000  0.0000000  0.0000000 )
                  (  0.0000000  1.0000000 -0.0000000 )
                  (  0.0000000  0.0000000  1.0000000 )


      isym =  9     inv. 120 deg rotation - cryst. axis [0,0,1]  

 cryst.   s( 9) = (     1         -1          0      )
                  (     1          0          0      )
                  (     1          0         -1      )

 cart.    s( 9) = (  0.5000000  0.8660254 -0.0000000 )
                  ( -0.8660254  0.5000000 -0.0000000 )
                  (  0.0000000  0.0000000 -1.0000000 )


      isym = 10     inv. 120 deg rotation - cryst. axis [0,0,-1] 

 cryst.   s(10) = (     0          1          0      )
                  (    -1          1          0      )
                  (     0          1         -1      )

 cart.    s(10) = (  0.5000000 -0.8660254  0.0000000 )
                  (  0.8660254  0.5000000 -0.0000000 )
                  (  0.0000000  0.0000000 -1.0000000 )


      isym = 11     inv. 180 deg rotation - cryst. axis [0,1,0]  

 cryst.   s(11) = (     0          1          0      )
                  (     1          0          0      )
                  (     0          0          1      )

 cart.    s(11) = (  0.5000000  0.8660254 -0.0000000 )
                  (  0.8660254 -0.5000000  0.0000000 )
                  (  0.0000000  0.0000000  1.0000000 )


      isym = 12     inv. 180 deg rotation - cryst. axis [1,1,0]  

 cryst.   s(12) = (     1         -1          0      )
                  (     0         -1          0      )
                  (     0         -1          1      )

 cart.    s(12) = (  0.5000000 -0.8660254  0.0000000 )
                  ( -0.8660254 -0.5000000  0.0000000 )
                  (  0.0000000  0.0000000  1.0000000 )


   Cartesian axes

     site n.     atom                  positions (alat units)
         1           Cd  tau(   1) = (   1.0000000   0.5773503   0.4082483  )
         2           In  tau(   2) = (   0.0000000   0.0000000   0.0000000  )
         3           Rh  tau(   3) = (   0.5000000   0.2886751   0.2041241  )
         4           Rh  tau(   4) = (   1.5000000   0.8660254   0.6123724  )

   Crystallographic axes

     site n.     atom                  positions (cryst. coord.)
         1           Cd  tau(   1) = (  0.5000000  0.5000000  0.5000000  )
         2           In  tau(   2) = (  0.0000000  0.0000000  0.0000000  )
         3           Rh  tau(   3) = (  0.2500000  0.2500000  0.2500000  )
         4           Rh  tau(   4) = (  0.7500000  0.7500000  0.7500000  )

     number of k points=     1  Methfessel-Paxton smearing, width (Ry)=  0.0010
                       cart. coord. in units 2pi/alat
        k(    1) = (   0.0000000   0.0000000   0.0000000), wk =   2.0000000

                       cryst. coord.
        k(    1) = (   0.0000000   0.0000000   0.0000000), wk =   2.0000000

     Dense  grid:    14382 G-vectors     FFT dimensions: (  45,  45,  45)

     Smooth grid:     5041 G-vectors     FFT dimensions: (  32,  32,  32)

     Dynamical RAM for                 wfc:       0.01 MB

     Dynamical RAM for     wfc (w. buffer):       0.01 MB

     Dynamical RAM for           str. fact:       0.02 MB

     Dynamical RAM for           local pot:       0.00 MB

     Dynamical RAM for          nlocal pot:       0.02 MB

     Dynamical RAM for                qrad:       3.73 MB

     Dynamical RAM for          rho,v,vnew:       0.11 MB

     Dynamical RAM for               rhoin:       0.04 MB

     Dynamical RAM for            rho*nmix:       0.11 MB

     Dynamical RAM for           G-vectors:       0.03 MB

     Dynamical RAM for          h,s,v(r/c):       0.00 MB

     Dynamical RAM for          <psi|beta>:       0.02 MB

     Dynamical RAM for                 psi:       0.02 MB

     Dynamical RAM for                hpsi:       0.02 MB

     Dynamical RAM for                spsi:       0.02 MB

     Dynamical RAM for      wfcinit/wfcrot:       0.06 MB

     Dynamical RAM for           addusdens:       1.28 MB

     Dynamical RAM for          addusforce:       1.29 MB

     Dynamical RAM for         addusstress:       1.38 MB

     Estimated static dynamical RAM per process >       4.14 MB

     Estimated max dynamical RAM per process >       5.63 MB

     Estimated total dynamical RAM >     180.18 MB

     Check: negative core charge=   -0.000001

     Initial potential from superposition of free atoms

     starting charge      58.9905, renormalised to      59.0000
     Starting wfcs are   38 randomized atomic wfcs

     total cpu time spent up to now is        0.7 secs

     Self-consistent Calculation

     iteration #  1     ecut=    30.00 Ry     beta= 0.70
     Davidson diagonalization with overlap

---- Real-time Memory Report at c_bands before calling an iterative solver
           127 MiB given to the printing process from OS
             0 MiB allocation reported by mallinfo(arena+hblkhd)
        166423 MiB available memory on the node where the printing process lives
------------------
     ethr =  1.00E-02,  avg # of iterations =  2.0

     total cpu time spent up to now is        0.7 secs

     total energy              =    -699.73611142 Ry
     estimated scf accuracy    <       1.32939014 Ry

     iteration #  2     ecut=    30.00 Ry     beta= 0.70
     Davidson diagonalization with overlap

---- Real-time Memory Report at c_bands before calling an iterative solver
           130 MiB given to the printing process from OS
             0 MiB allocation reported by mallinfo(arena+hblkhd)
        166422 MiB available memory on the node where the printing process lives
------------------
     ethr =  2.25E-03,  avg # of iterations =  3.0

     total cpu time spent up to now is        0.7 secs

     total energy              =    -699.97028374 Ry
     estimated scf accuracy    <       2.75405624 Ry

     iteration #  3     ecut=    30.00 Ry     beta= 0.70
     Davidson diagonalization with overlap

---- Real-time Memory Report at c_bands before calling an iterative solver
           131 MiB given to the printing process from OS
             0 MiB allocation reported by mallinfo(arena+hblkhd)
        166420 MiB available memory on the node where the printing process lives
------------------
     ethr =  2.25E-03,  avg # of iterations =  6.0

     total cpu time spent up to now is        0.8 secs

     total energy              =    -700.42332976 Ry
     estimated scf accuracy    <       0.03951901 Ry

     iteration #  4     ecut=    30.00 Ry     beta= 0.70
     Davidson diagonalization with overlap

---- Real-time Memory Report at c_bands before calling an iterative solver
           132 MiB given to the printing process from OS
             0 MiB allocation reported by mallinfo(arena+hblkhd)
        166420 MiB available memory on the node where the printing process lives
------------------
     ethr =  6.70E-05,  avg # of iterations =  7.0

     total cpu time spent up to now is        0.8 secs

     total energy              =    -700.42598091 Ry
     estimated scf accuracy    <       0.01630216 Ry

     iteration #  5     ecut=    30.00 Ry     beta= 0.70
     Davidson diagonalization with overlap

---- Real-time Memory Report at c_bands before calling an iterative solver
           133 MiB given to the printing process from OS
             0 MiB allocation reported by mallinfo(arena+hblkhd)
        166420 MiB available memory on the node where the printing process lives
------------------
     ethr =  2.76E-05,  avg # of iterations =  2.0

     total cpu time spent up to now is        0.8 secs

     total energy              =    -700.42848865 Ry
     estimated scf accuracy    <       0.00059662 Ry

     iteration #  6     ecut=    30.00 Ry     beta= 0.70
     Davidson diagonalization with overlap

---- Real-time Memory Report at c_bands before calling an iterative solver
           134 MiB given to the printing process from OS
             0 MiB allocation reported by mallinfo(arena+hblkhd)
        166420 MiB available memory on the node where the printing process lives
------------------
     ethr =  1.01E-06,  avg # of iterations =  6.0

     total cpu time spent up to now is        0.9 secs

     total energy              =    -700.42860376 Ry
     estimated scf accuracy    <       0.00099189 Ry

     iteration #  7     ecut=    30.00 Ry     beta= 0.70
     Davidson diagonalization with overlap

---- Real-time Memory Report at c_bands before calling an iterative solver
           134 MiB given to the printing process from OS
             0 MiB allocation reported by mallinfo(arena+hblkhd)
        166419 MiB available memory on the node where the printing process lives
------------------
     ethr =  1.01E-06,  avg # of iterations =  3.0

     total cpu time spent up to now is        0.9 secs

     total energy              =    -700.42877458 Ry
     estimated scf accuracy    <       0.00008020 Ry

     iteration #  8     ecut=    30.00 Ry     beta= 0.70
     Davidson diagonalization with overlap

---- Real-time Memory Report at c_bands before calling an iterative solver
           134 MiB given to the printing process from OS
             0 MiB allocation reported by mallinfo(arena+hblkhd)
        166419 MiB available memory on the node where the printing process lives
------------------
     ethr =  1.36E-07,  avg # of iterations =  2.0

     total cpu time spent up to now is        0.9 secs

     total energy              =    -700.42877740 Ry
     estimated scf accuracy    <       0.00001416 Ry

     iteration #  9     ecut=    30.00 Ry     beta= 0.70
     Davidson diagonalization with overlap

---- Real-time Memory Report at c_bands before calling an iterative solver
           135 MiB given to the printing process from OS
             0 MiB allocation reported by mallinfo(arena+hblkhd)
        166419 MiB available memory on the node where the printing process lives
------------------
     ethr =  2.40E-08,  avg # of iterations =  5.0

     total cpu time spent up to now is        1.0 secs

     total energy              =    -700.42878175 Ry
     estimated scf accuracy    <       0.00000411 Ry

     iteration # 10     ecut=    30.00 Ry     beta= 0.70
     Davidson diagonalization with overlap

---- Real-time Memory Report at c_bands before calling an iterative solver
           135 MiB given to the printing process from OS
             0 MiB allocation reported by mallinfo(arena+hblkhd)
        166419 MiB available memory on the node where the printing process lives
------------------
     ethr =  6.96E-09,  avg # of iterations =  2.0

     total cpu time spent up to now is        1.0 secs

     End of self-consistent calculation

          k = 0.0000 0.0000 0.0000 (   622 PWs)   bands (ev):

   -59.1341 -59.1238 -27.1311 -27.1311 -27.1311 -27.0800 -27.0799 -27.0799
     2.3499   2.3499   2.3500   2.3603   2.3603   7.5851   7.9552   7.9553
     7.9553   8.0260   8.0260  13.5225  13.5225  13.5225  15.2613  15.2614
    17.3776  17.3777  17.3777  18.1935  18.1936  18.4196  22.2830  22.2830
    22.2830  22.3068  22.3068  22.3068

     occupation numbers 
     1.0000   1.0000   1.0000   1.0000   1.0000   1.0000   1.0000   1.0000
     1.0000   1.0000   1.0000   1.0000   1.0000   1.0000   1.0000   1.0000
     1.0000   1.0000   1.0000   1.0000   1.0000   1.0000   1.0000   1.0000
     1.0000   1.0000   1.0000   1.0000   1.0000   0.5000  -0.0000  -0.0000
    -0.0000  -0.0000  -0.0000  -0.0000

     the Fermi energy is    18.4196 ev

!    total energy              =    -700.42878115 Ry
     estimated scf accuracy    <       0.00000097 Ry
     smearing contrib. (-TS)   =      -0.00028209 Ry
     internal energy E=F+TS    =    -700.42849905 Ry

     The total energy is F=E-TS. E is the sum of the following terms:
     one-electron contribution =    -180.18969739 Ry
     hartree contribution      =     139.89526441 Ry
     xc contribution           =    -135.39629600 Ry
     ewald contribution        =    -524.73777007 Ry

     convergence has been achieved in  10 iterations

     Forces acting on atoms (cartesian axes, Ry/au):

     atom    1 type  1   force =     0.00000000    0.00000000   -0.00000000
     atom    2 type  2   force =     0.00000000    0.00000000   -0.00000000
     atom    3 type  3   force =     0.00000000    0.00000000    0.00002760
     atom    4 type  3   force =     0.00000000    0.00000000   -0.00002760
     The non-local contrib.  to forces
     atom    1 type  1   force =    -0.00000000   -0.00000000    0.00000000
     atom    2 type  2   force =    -0.00000000   -0.00000000    0.00000000
     atom    3 type  3   force =    -0.00000000    0.00000000   -0.00004653
     atom    4 type  3   force =     0.00000000   -0.00000000    0.00004653
     The ionic contribution  to forces
     atom    1 type  1   force =    -0.00000000   -0.00000000    0.00000000
     atom    2 type  2   force =     0.00000000    0.00000000    0.00000000
     atom    3 type  3   force =    -0.00000000    0.00000000   -0.00000000
     atom    4 type  3   force =     0.00000000   -0.00000000   -0.00000000
     The local contribution  to forces
     atom    1 type  1   force =    -0.00006083    0.00001311    0.00006084
     atom    2 type  2   force =     0.00005925   -0.00003942    0.00005248
     atom    3 type  3   force =    -0.00003802    0.00002167   -0.00066383
     atom    4 type  3   force =     0.00000055    0.00004971   -0.00004650
     The core correction contribution to forces
     atom    1 type  1   force =    -0.00000187    0.00000085    0.00000183
     atom    2 type  2   force =     0.00000393   -0.00000216    0.00000453
     atom    3 type  3   force =     0.00000000    0.00000000    0.00000000
     atom    4 type  3   force =     0.00000000    0.00000000    0.00000000
     The Hubbard contrib.    to forces
     atom    1 type  1   force =     0.00000000    0.00000000    0.00000000
     atom    2 type  2   force =     0.00000000    0.00000000    0.00000000
     atom    3 type  3   force =     0.00000000    0.00000000    0.00000000
     atom    4 type  3   force =     0.00000000    0.00000000    0.00000000
     The SCF correction term to forces
     atom    1 type  1   force =     0.00010725   -0.00002368   -0.00005770
     atom    2 type  2   force =    -0.00002788    0.00002308    0.00000454
     atom    3 type  3   force =     0.00003809   -0.00003602    0.00064234
     atom    4 type  3   force =    -0.00001027   -0.00003575   -0.00012326

     Total force =     0.000039     Total SCF correction =     0.000670
     SCF correction compared to forces is large: reduce conv_thr to get better values


     Computing stress (Cartesian axis) and pressure

          total   stress  (Ry/bohr**3)                   (kbar)     P=       81.94
   0.00055702   0.00000000  -0.00000000           81.94        0.00       -0.00
  -0.00000000   0.00055702  -0.00000000           -0.00       81.94       -0.00
   0.00000000  -0.00000000   0.00055699            0.00       -0.00       81.94

     kinetic stress (kbar)  45300.00      0.00     -0.00
                                0.00  45300.00     -0.00
                                0.00     -0.00  45300.01

     local   stress (kbar)   1796.30     -0.01      0.05
                               -0.01   1796.30     -0.04
                                0.05     -0.04   1796.34

     nonloc. stress (kbar)   3346.82     -0.00      0.00
                               -0.00   3346.82     -0.00
                                0.00     -0.00   3346.77

     hartree stress (kbar)  14994.90      0.01     -0.02
                                0.01  14994.90      0.01
                               -0.02      0.01  14994.88

     exc-cor stress (kbar)   8575.75      0.00     -0.00
                                0.00   8575.75      0.00
                               -0.00      0.00   8575.75

     corecor stress (kbar) -17686.99      0.00      0.00
                                0.00 -17686.99      0.00
                                0.00      0.00 -17686.99

     ewald   stress (kbar) -56244.84      0.00      0.00
                                0.00 -56244.84      0.00
                                0.00      0.00 -56244.84

     hubbard stress (kbar)      0.00      0.00      0.00
                                0.00      0.00      0.00
                                0.00      0.00      0.00

     DFT-D   stress (kbar)      0.00      0.00      0.00
                                0.00      0.00      0.00
                                0.00      0.00      0.00

     XDM     stress (kbar)      0.00      0.00      0.00
                                0.00      0.00      0.00
                                0.00      0.00      0.00

     dft-nl  stress (kbar)      0.00      0.00      0.00
                                0.00      0.00      0.00
                                0.00      0.00      0.00

     TS-vdW  stress (kbar)      0.00      0.00      0.00
                                0.00      0.00      0.00
                                0.00      0.00      0.00


                                0.00      0.00      0.00
                                0.00      0.00      0.00


                                0.00      0.00      0.00


     Writing all to output data dir calculations/myprefix.save/
 
     init_run     :      0.35s CPU      0.39s WALL (       1 calls)
     electrons    :      0.33s CPU      0.37s WALL (       1 calls)
     forces       :      0.02s CPU      0.02s WALL (       1 calls)
     stress       :      0.05s CPU      0.06s WALL (       1 calls)

     Called by init_run:
     wfcinit      :      0.03s CPU      0.05s WALL (       1 calls)
     wfcinit:atom :      0.00s CPU      0.00s WALL (       1 calls)
     wfcinit:wfcr :      0.03s CPU      0.05s WALL (       1 calls)
     potinit      :      0.15s CPU      0.16s WALL (       1 calls)
     hinit0       :      0.16s CPU      0.17s WALL (       1 calls)

     Called by electrons:
     c_bands      :      0.22s CPU      0.23s WALL (      10 calls)
     sum_band     :      0.04s CPU      0.05s WALL (      10 calls)
     v_of_rho     :      0.02s CPU      0.03s WALL (      11 calls)
     v_h          :      0.00s CPU      0.00s WALL (      11 calls)
     v_xc         :      0.02s CPU      0.03s WALL (      13 calls)
     newd         :      0.03s CPU      0.04s WALL (      11 calls)
     mix_rho      :      0.01s CPU      0.01s WALL (      10 calls)

     Called by c_bands:
     init_us_2    :      0.00s CPU      0.00s WALL (      21 calls)
     init_us_2:cp :      0.00s CPU      0.00s WALL (      21 calls)
     regterg      :      0.22s CPU      0.23s WALL (      10 calls)

     Called by sum_band:
     sum_band:wei :      0.00s CPU      0.00s WALL (      10 calls)
     sum_band:loo :      0.01s CPU      0.01s WALL (      10 calls)
     sum_band:buf :      0.00s CPU      0.00s WALL (      10 calls)
     sum_band:ini :      0.00s CPU      0.00s WALL (      10 calls)
     sum_band:cal :      0.00s CPU      0.00s WALL (      10 calls)
     sum_band:bec :      0.00s CPU      0.00s WALL (      10 calls)
     addusdens    :      0.03s CPU      0.03s WALL (      10 calls)
     addusd:skk   :      0.00s CPU      0.00s WALL (      20 calls)
     addusd:dgemm :      0.00s CPU      0.00s WALL (      20 calls)
     addusd:qvan2 :      0.02s CPU      0.02s WALL (      20 calls)

     Called by *egterg:
     rdiaghg      :      0.15s CPU      0.16s WALL (      48 calls)
     regterg:over :      0.02s CPU      0.02s WALL (      38 calls)
     regterg:upda :      0.01s CPU      0.01s WALL (      38 calls)
     regterg:last :      0.01s CPU      0.01s WALL (      22 calls)
     rdiaghg:chol :      0.01s CPU      0.02s WALL (      48 calls)
     rdiaghg:inve :      0.00s CPU      0.00s WALL (      48 calls)
     rdiaghg:para :      0.01s CPU      0.01s WALL (      96 calls)
     h_psi        :      0.06s CPU      0.07s WALL (      49 calls)
     s_psi        :      0.00s CPU      0.00s WALL (      49 calls)
     g_psi        :      0.00s CPU      0.00s WALL (      38 calls)

     Called by h_psi:
     h_psi:calbec :      0.01s CPU      0.01s WALL (      49 calls)
     vloc_psi     :      0.05s CPU      0.05s WALL (      49 calls)
     add_vuspsi   :      0.00s CPU      0.00s WALL (      49 calls)

     General routines
     calbec       :      0.01s CPU      0.01s WALL (      64 calls)
     fft          :      0.12s CPU      0.13s WALL (     139 calls)
     ffts         :      0.14s CPU      0.14s WALL (      21 calls)
     fftw         :      0.05s CPU      0.06s WALL (    1138 calls)
     interpolate  :      0.14s CPU      0.14s WALL (      11 calls)
 
     Parallel routines
 
     PWSCF        :      0.98s CPU      1.34s WALL

 
   This run was terminated on:  22:29:47   4Mar2023            

=------------------------------------------------------------------------------=
   JOB DONE.
=------------------------------------------------------------------------------=
