
     Program PWSCF v.7.0 starts on  3Mar2023 at 11:55:57 

     This program is part of the open-source Quantum ESPRESSO suite
     for quantum simulation of materials; please cite
         "P. Giannozzi et al., J. Phys.:Condens. Matter 21 395502 (2009);
         "P. Giannozzi et al., J. Phys.:Condens. Matter 29 465901 (2017);
         "P. Giannozzi et al., J. Chem. Phys. 152 154105 (2020);
          URL http://www.quantum-espresso.org", 
     in publications or presentations arising from this work. More details at
     http://www.quantum-espresso.org/quote

     Parallel version (MPI & OpenMP), running on      32 processor cores
     Number of MPI processes:                32
     Threads/MPI process:                     1

     MPI processes distributed on     1 nodes
     R & G space division:  proc/nbgrp/npool/nimage =      32
     174286 MiB available memory on the printing compute node when the environment starts
 
     Reading input from espresso_171.pwi
Warning: card &CELL ignored
Warning: card / ignored

     Current dimensions of program PWSCF are:
     Max number of different atomic species (ntypx) = 10
     Max number of k-points (npk) =  40000
     Max angular momentum in pseudopotentials (lmaxx) =  4
     file Cd.pbe-dn-rrkjus_psl.0.3.1.UPF: wavefunction(s)  4D renormalized

     gamma-point specific algorithms are used
     Message from routine setup:
     using ibrav=0 with symmetry is DISCOURAGED, use correct ibrav instead

     Subspace diagonalization in iterative solution of the eigenvalue problem:
     one sub-group per band group will be used
     scalapack distributed-memory algorithm (size of sub-group:  5*  5 procs)

 
     Parallelization info
     --------------------
     sticks:   dense  smooth     PW     G-vecs:    dense   smooth      PW
     Min          41      20      4                 1012      358      40
     Max          44      22      6                 1018      368      52
     Sum        1345     673    163                32455    11575    1459
 
     Using Slab Decomposition
 


     bravais-lattice index     =            0
     lattice parameter (alat)  =       9.0046  a.u.
     unit-cell volume          =     516.2641 (a.u.)^3
     number of atoms/cell      =            4
     number of atomic types    =            3
     number of electrons       =        50.00
     number of Kohn-Sham states=           30
     kinetic-energy cutoff     =      30.0000  Ry
     charge density cutoff     =     240.0000  Ry
     scf convergence threshold =      1.0E-06
     mixing beta               =       0.7000
     number of iterations used =            8  plain     mixing
     Exchange-correlation= PBE
                           (   1   4   3   4   0   0   0)

     celldm(1)=   9.004556  celldm(2)=   0.000000  celldm(3)=   0.000000
     celldm(4)=   0.000000  celldm(5)=   0.000000  celldm(6)=   0.000000

     crystal axes: (cart. coord. in units of alat)
               a(1) = (   1.000000   0.000000   0.000000 )  
               a(2) = (   0.500000   0.866025   0.000000 )  
               a(3) = (   0.500000   0.288675   0.816497 )  

     reciprocal axes: (cart. coord. in units 2 pi/alat)
               b(1) = (  1.000000 -0.577350 -0.408248 )  
               b(2) = (  0.000000  1.154701 -0.408248 )  
               b(3) = (  0.000000  0.000000  1.224745 )  


     PseudoPot. # 1 for Na read from file:
     /home/pragov/projects/rrg-bengioy-ad/pragov/crystal_structure_design/SSSP/na_pbe_v1.5.uspp.F.UPF
     MD5 check sum: 44600605ef58000f06b90626533354dc
     Pseudo is Ultrasoft, Zval =  9.0
     Generated by new atomic code, or converted to UPF format
     Using radial grid of  819 points,  5 beta functions with: 
                l(1) =   0
                l(2) =   0
                l(3) =   1
                l(4) =   1
                l(5) =   2
     Q(r) pseudized with  8 coefficients,  rinner =    1.250   1.250   1.250
                                                       1.250   1.250

     PseudoPot. # 2 for Cd read from file:
     /home/pragov/projects/rrg-bengioy-ad/pragov/crystal_structure_design/SSSP/Cd.pbe-dn-rrkjus_psl.0.3.1.UPF
     MD5 check sum: 558e9f355611b531a870a69ef6ace9e2
     Pseudo is Ultrasoft + core correction, Zval = 12.0
     Generated using "atomic" code by A. Dal Corso  v.5.0.99 svn rev. 10869
     Using radial grid of 1239 points,  6 beta functions with: 
                l(1) =   0
                l(2) =   0
                l(3) =   1
                l(4) =   1
                l(5) =   2
                l(6) =   2
     Q(r) pseudized with 0 coefficients 


     PseudoPot. # 3 for Rh read from file:
     /home/pragov/projects/rrg-bengioy-ad/pragov/crystal_structure_design/SSSP/Rh_ONCV_PBE-1.0.oncvpsp.upf
     MD5 check sum: ba07c69523b14cacd10683cd4c4284c1
     Pseudo is Norm-conserving, Zval = 17.0
     Generated using ONCVPSP code by D. R. Hamann
     Using radial grid of 1442 points,  6 beta functions with: 
                l(1) =   0
                l(2) =   0
                l(3) =   1
                l(4) =   1
                l(5) =   2
                l(6) =   2

     atomic species   valence    mass     pseudopotential
        Na             9.00    22.98977     Na( 1.00)
        Cd            12.00   112.41400     Cd( 1.00)
        Rh            17.00   102.90550     Rh( 1.00)

     12 Sym. Ops., with inversion, found


                                    s                        frac. trans.

      isym =  1     identity                                     

 cryst.   s( 1) = (     1          0          0      )
                  (     0          1          0      )
                  (     0          0          1      )

 cart.    s( 1) = (  1.0000000  0.0000000  0.0000000 )
                  (  0.0000000  1.0000000  0.0000000 )
                  (  0.0000000  0.0000000  1.0000000 )


      isym =  2     180 deg rotation - cart. axis [1,0,0]        

 cryst.   s( 2) = (     1          0          0      )
                  (     1         -1          0      )
                  (     1          0         -1      )

 cart.    s( 2) = (  1.0000000  0.0000000  0.0000000 )
                  (  0.0000000 -1.0000000 -0.0000000 )
                  (  0.0000000  0.0000000 -1.0000000 )


      isym =  3     120 deg rotation - cryst. axis [0,0,1]       

 cryst.   s( 3) = (    -1          1          0      )
                  (    -1          0          0      )
                  (    -1          0          1      )

 cart.    s( 3) = ( -0.5000000 -0.8660254  0.0000000 )
                  (  0.8660254 -0.5000000  0.0000000 )
                  (  0.0000000  0.0000000  1.0000000 )


      isym =  4     120 deg rotation - cryst. axis [0,0,-1]      

 cryst.   s( 4) = (     0         -1          0      )
                  (     1         -1          0      )
                  (     0         -1          1      )

 cart.    s( 4) = ( -0.5000000  0.8660254 -0.0000000 )
                  ( -0.8660254 -0.5000000  0.0000000 )
                  (  0.0000000  0.0000000  1.0000000 )


      isym =  5     180 deg rotation - cryst. axis [0,1,0]       

 cryst.   s( 5) = (     0         -1          0      )
                  (    -1          0          0      )
                  (     0          0         -1      )

 cart.    s( 5) = ( -0.5000000 -0.8660254  0.0000000 )
                  ( -0.8660254  0.5000000 -0.0000000 )
                  (  0.0000000  0.0000000 -1.0000000 )


      isym =  6     180 deg rotation - cryst. axis [1,1,0]       

 cryst.   s( 6) = (    -1          1          0      )
                  (     0          1          0      )
                  (     0          1         -1      )

 cart.    s( 6) = ( -0.5000000  0.8660254  0.0000000 )
                  (  0.8660254  0.5000000 -0.0000000 )
                  (  0.0000000  0.0000000 -1.0000000 )


      isym =  7     inversion                                    

 cryst.   s( 7) = (    -1          0          0      )
                  (     0         -1          0      )
                  (     0          0         -1      )

 cart.    s( 7) = ( -1.0000000  0.0000000  0.0000000 )
                  (  0.0000000 -1.0000000 -0.0000000 )
                  (  0.0000000  0.0000000 -1.0000000 )


      isym =  8     inv. 180 deg rotation - cart. axis [1,0,0]   

 cryst.   s( 8) = (    -1          0          0      )
                  (    -1          1          0      )
                  (    -1          0          1      )

 cart.    s( 8) = ( -1.0000000  0.0000000  0.0000000 )
                  (  0.0000000  1.0000000  0.0000000 )
                  (  0.0000000  0.0000000  1.0000000 )


      isym =  9     inv. 120 deg rotation - cryst. axis [0,0,1]  

 cryst.   s( 9) = (     1         -1          0      )
                  (     1          0          0      )
                  (     1          0         -1      )

 cart.    s( 9) = (  0.5000000  0.8660254  0.0000000 )
                  ( -0.8660254  0.5000000 -0.0000000 )
                  (  0.0000000  0.0000000 -1.0000000 )


      isym = 10     inv. 120 deg rotation - cryst. axis [0,0,-1] 

 cryst.   s(10) = (     0          1          0      )
                  (    -1          1          0      )
                  (     0          1         -1      )

 cart.    s(10) = (  0.5000000 -0.8660254  0.0000000 )
                  (  0.8660254  0.5000000 -0.0000000 )
                  (  0.0000000  0.0000000 -1.0000000 )


      isym = 11     inv. 180 deg rotation - cryst. axis [0,1,0]  

 cryst.   s(11) = (     0          1          0      )
                  (     1          0          0      )
                  (     0          0          1      )

 cart.    s(11) = (  0.5000000  0.8660254 -0.0000000 )
                  (  0.8660254 -0.5000000  0.0000000 )
                  (  0.0000000  0.0000000  1.0000000 )


      isym = 12     inv. 180 deg rotation - cryst. axis [1,1,0]  

 cryst.   s(12) = (     1         -1          0      )
                  (     0         -1          0      )
                  (     0         -1          1      )

 cart.    s(12) = (  0.5000000 -0.8660254  0.0000000 )
                  ( -0.8660254 -0.5000000  0.0000000 )
                  (  0.0000000  0.0000000  1.0000000 )


   Cartesian axes

     site n.     atom                  positions (alat units)
         1           Na  tau(   1) = (   1.0000000   0.5773503   0.4082483  )
         2           Cd  tau(   2) = (   1.5000000   0.8660254   0.6123724  )
         3           Cd  tau(   3) = (   0.5000000   0.2886751   0.2041241  )
         4           Rh  tau(   4) = (   0.0000000   0.0000000   0.0000000  )

   Crystallographic axes

     site n.     atom                  positions (cryst. coord.)
         1           Na  tau(   1) = (  0.5000000  0.5000000  0.5000000  )
         2           Cd  tau(   2) = (  0.7500000  0.7500000  0.7500000  )
         3           Cd  tau(   3) = (  0.2500000  0.2500000  0.2500000  )
         4           Rh  tau(   4) = (  0.0000000  0.0000000  0.0000000  )

     number of k points=     1  Methfessel-Paxton smearing, width (Ry)=  0.0010
                       cart. coord. in units 2pi/alat
        k(    1) = (   0.0000000   0.0000000   0.0000000), wk =   2.0000000

                       cryst. coord.
        k(    1) = (   0.0000000   0.0000000   0.0000000), wk =   2.0000000

     Dense  grid:    16228 G-vectors     FFT dimensions: (  45,  45,  45)

     Smooth grid:     5788 G-vectors     FFT dimensions: (  32,  32,  32)

     Dynamical RAM for                 wfc:       0.01 MB

     Dynamical RAM for     wfc (w. buffer):       0.01 MB

     Dynamical RAM for           str. fact:       0.02 MB

     Dynamical RAM for           local pot:       0.00 MB

     Dynamical RAM for          nlocal pot:       0.02 MB

     Dynamical RAM for                qrad:       3.73 MB

     Dynamical RAM for          rho,v,vnew:       0.12 MB

     Dynamical RAM for               rhoin:       0.04 MB

     Dynamical RAM for            rho*nmix:       0.12 MB

     Dynamical RAM for           G-vectors:       0.03 MB

     Dynamical RAM for          h,s,v(r/c):       0.00 MB

     Dynamical RAM for          <psi|beta>:       0.02 MB

     Dynamical RAM for                 psi:       0.02 MB

     Dynamical RAM for                hpsi:       0.02 MB

     Dynamical RAM for                spsi:       0.02 MB

     Dynamical RAM for      wfcinit/wfcrot:       0.05 MB

     Dynamical RAM for           addusdens:       1.46 MB

     Dynamical RAM for          addusforce:       1.48 MB

     Dynamical RAM for         addusstress:       1.56 MB

     Estimated static dynamical RAM per process >       4.16 MB

     Estimated max dynamical RAM per process >       5.84 MB

     Estimated total dynamical RAM >     186.90 MB

     Check: negative core charge=   -0.000001

     Initial potential from superposition of free atoms

     starting charge      49.9835, renormalised to      50.0000
     Starting wfcs are   33 randomized atomic wfcs

     total cpu time spent up to now is        0.7 secs

     Self-consistent Calculation

     iteration #  1     ecut=    30.00 Ry     beta= 0.70
     Davidson diagonalization with overlap

---- Real-time Memory Report at c_bands before calling an iterative solver
           126 MiB given to the printing process from OS
             0 MiB allocation reported by mallinfo(arena+hblkhd)
        173597 MiB available memory on the node where the printing process lives
------------------
     ethr =  1.00E-02,  avg # of iterations =  4.0

     total cpu time spent up to now is        0.7 secs

     total energy              =    -555.99614277 Ry
     estimated scf accuracy    <       0.63556106 Ry

     iteration #  2     ecut=    30.00 Ry     beta= 0.70
     Davidson diagonalization with overlap

---- Real-time Memory Report at c_bands before calling an iterative solver
           129 MiB given to the printing process from OS
             0 MiB allocation reported by mallinfo(arena+hblkhd)
        173593 MiB available memory on the node where the printing process lives
------------------
     ethr =  1.27E-03,  avg # of iterations =  3.0

     total cpu time spent up to now is        0.7 secs

     total energy              =    -555.77974438 Ry
     estimated scf accuracy    <       3.49115672 Ry

     iteration #  3     ecut=    30.00 Ry     beta= 0.70
     Davidson diagonalization with overlap

---- Real-time Memory Report at c_bands before calling an iterative solver
           130 MiB given to the printing process from OS
             0 MiB allocation reported by mallinfo(arena+hblkhd)
        173588 MiB available memory on the node where the printing process lives
------------------
     ethr =  1.27E-03,  avg # of iterations =  3.0

     total cpu time spent up to now is        0.8 secs

     total energy              =    -556.34820447 Ry
     estimated scf accuracy    <       0.10256012 Ry

     iteration #  4     ecut=    30.00 Ry     beta= 0.70
     Davidson diagonalization with overlap

---- Real-time Memory Report at c_bands before calling an iterative solver
           131 MiB given to the printing process from OS
             0 MiB allocation reported by mallinfo(arena+hblkhd)
        173588 MiB available memory on the node where the printing process lives
------------------
     ethr =  2.05E-04,  avg # of iterations =  8.0

     total cpu time spent up to now is        0.8 secs

     total energy              =    -556.36160084 Ry
     estimated scf accuracy    <       0.00656912 Ry

     iteration #  5     ecut=    30.00 Ry     beta= 0.70
     Davidson diagonalization with overlap

---- Real-time Memory Report at c_bands before calling an iterative solver
           132 MiB given to the printing process from OS
             0 MiB allocation reported by mallinfo(arena+hblkhd)
        173586 MiB available memory on the node where the printing process lives
------------------
     ethr =  1.31E-05,  avg # of iterations =  4.0

     total cpu time spent up to now is        0.8 secs

     total energy              =    -556.36284705 Ry
     estimated scf accuracy    <       0.00038474 Ry

     iteration #  6     ecut=    30.00 Ry     beta= 0.70
     Davidson diagonalization with overlap

---- Real-time Memory Report at c_bands before calling an iterative solver
           133 MiB given to the printing process from OS
             0 MiB allocation reported by mallinfo(arena+hblkhd)
        173587 MiB available memory on the node where the printing process lives
------------------
     ethr =  7.69E-07,  avg # of iterations =  6.0

     total cpu time spent up to now is        0.9 secs

     total energy              =    -556.36293600 Ry
     estimated scf accuracy    <       0.00000850 Ry

     iteration #  7     ecut=    30.00 Ry     beta= 0.70
     Davidson diagonalization with overlap

---- Real-time Memory Report at c_bands before calling an iterative solver
           133 MiB given to the printing process from OS
             0 MiB allocation reported by mallinfo(arena+hblkhd)
        173586 MiB available memory on the node where the printing process lives
------------------
     ethr =  1.70E-08,  avg # of iterations =  5.0

     total cpu time spent up to now is        0.9 secs

     total energy              =    -556.36294207 Ry
     estimated scf accuracy    <       0.00000232 Ry

     iteration #  8     ecut=    30.00 Ry     beta= 0.70
     Davidson diagonalization with overlap

---- Real-time Memory Report at c_bands before calling an iterative solver
           134 MiB given to the printing process from OS
             0 MiB allocation reported by mallinfo(arena+hblkhd)
        173587 MiB available memory on the node where the printing process lives
------------------
     ethr =  4.65E-09,  avg # of iterations =  4.0

     total cpu time spent up to now is        1.0 secs

     End of self-consistent calculation

          k = 0.0000 0.0000 0.0000 (   730 PWs)   bands (ev):

   -66.2719 -42.0382 -34.1068 -34.1067 -34.1066 -13.9557 -13.9557 -13.9556
     3.1262   3.1262   3.3038   3.3038   3.3038   3.7854   3.7854   3.7855
     4.0908   4.1230   4.1230   9.2060   9.2061   9.2061  10.1604  10.1605
    14.2234  15.8468  15.8468  15.8469  16.9901  16.9904

     occupation numbers 
     1.0000   1.0000   1.0000   1.0000   1.0000   1.0000   1.0000   1.0000
     1.0000   1.0000   1.0000   1.0000   1.0000   1.0000   1.0000   1.0000
     1.0000   1.0000   1.0000   1.0000   1.0000   1.0000   1.0000   1.0000
     1.0000  -0.0000  -0.0000  -0.0000  -0.0000  -0.0000

     the Fermi energy is    14.5160 ev

!    total energy              =    -556.36294229 Ry
     estimated scf accuracy    <       0.00000048 Ry
     smearing contrib. (-TS)   =       0.00000000 Ry
     internal energy E=F+TS    =    -556.36294229 Ry

     The total energy is F=E-TS. E is the sum of the following terms:
     one-electron contribution =    -207.51982606 Ry
     hartree contribution      =     139.81608563 Ry
     xc contribution           =    -122.33104176 Ry
     ewald contribution        =    -366.32816010 Ry

     convergence has been achieved in   8 iterations

     Forces acting on atoms (cartesian axes, Ry/au):

     atom    1 type  1   force =     0.00000000    0.00000000    0.00000000
     atom    2 type  2   force =     0.00000000    0.00000000    0.00013652
     atom    3 type  2   force =    -0.00000000   -0.00000000   -0.00013652
     atom    4 type  3   force =    -0.00000000   -0.00000000    0.00000000
     The non-local contrib.  to forces
     atom    1 type  1   force =     0.00000000    0.00000000   -0.00000000
     atom    2 type  2   force =    -0.00000000   -0.00000000    0.00013375
     atom    3 type  2   force =     0.00000000    0.00000000   -0.00013375
     atom    4 type  3   force =     0.00000000    0.00000000   -0.00000000
     The ionic contribution  to forces
     atom    1 type  1   force =     0.00000000    0.00000000   -0.00000000
     atom    2 type  2   force =     0.00000000    0.00000000    0.00000000
     atom    3 type  2   force =     0.00000000   -0.00000000    0.00000000
     atom    4 type  3   force =     0.00000000   -0.00000000   -0.00000000
     The local contribution  to forces
     atom    1 type  1   force =     0.00002294    0.00002285   -0.00002099
     atom    2 type  2   force =    -0.00004945    0.00002861   -0.00024841
     atom    3 type  2   force =    -0.00008734   -0.00012934    0.00024287
     atom    4 type  3   force =    -0.00004267    0.00020521    0.00004914
     The core correction contribution to forces
     atom    1 type  1   force =     0.00000000    0.00000000    0.00000000
     atom    2 type  2   force =    -0.00000264   -0.00000185   -0.00000980
     atom    3 type  2   force =    -0.00000269   -0.00000175    0.00000962
     atom    4 type  3   force =     0.00000000    0.00000000    0.00000000
     The Hubbard contrib.    to forces
     atom    1 type  1   force =     0.00000000    0.00000000    0.00000000
     atom    2 type  2   force =     0.00000000    0.00000000    0.00000000
     atom    3 type  2   force =     0.00000000    0.00000000    0.00000000
     atom    4 type  3   force =     0.00000000    0.00000000    0.00000000
     The SCF correction term to forces
     atom    1 type  1   force =     0.00006552    0.00008962   -0.00005938
     atom    2 type  2   force =    -0.00000756    0.00000411    0.00024312
     atom    3 type  2   force =     0.00009619    0.00007287   -0.00027313
     atom    4 type  3   force =    -0.00004754   -0.00037990    0.00001657

     Total force =     0.000193     Total SCF correction =     0.000558
     SCF correction compared to forces is large: reduce conv_thr to get better values


     Computing stress (Cartesian axis) and pressure

          total   stress  (Ry/bohr**3)                   (kbar)     P=        9.88
   0.00006723   0.00000000  -0.00000000            9.89        0.00       -0.00
   0.00000000   0.00006723  -0.00000000            0.00        9.89       -0.00
  -0.00000000  -0.00000000   0.00006705           -0.00       -0.00        9.86

     kinetic stress (kbar)  31576.92      0.00      0.00
                                0.00  31576.92     -0.00
                                0.00     -0.00  31576.91

     local   stress (kbar)  10036.72     -0.01     -0.02
                               -0.01  10036.73     -0.04
                               -0.02     -0.04  10036.66

     nonloc. stress (kbar) -13032.83      0.00     -0.00
                                0.00 -13032.83      0.00
                                0.00      0.00 -13032.83

     hartree stress (kbar)  13279.79      0.00      0.01
                                0.00  13279.77      0.02
                                0.01      0.02  13279.84

     exc-cor stress (kbar)   7609.72     -0.00     -0.00
                               -0.00   7609.72      0.00
                               -0.00      0.00   7609.72

     corecor stress (kbar) -14666.40      0.00      0.00
                                0.00 -14666.40     -0.00
                                0.00     -0.00 -14666.41

     ewald   stress (kbar) -34794.03      0.00      0.00
                                0.00 -34794.03     -0.00
                                0.00     -0.00 -34794.03

     hubbard stress (kbar)      0.00      0.00      0.00
                                0.00      0.00      0.00
                                0.00      0.00      0.00

     DFT-D   stress (kbar)      0.00      0.00      0.00
                                0.00      0.00      0.00
                                0.00      0.00      0.00

     XDM     stress (kbar)      0.00      0.00      0.00
                                0.00      0.00      0.00
                                0.00      0.00      0.00

     dft-nl  stress (kbar)      0.00      0.00      0.00
                                0.00      0.00      0.00
                                0.00      0.00      0.00

     TS-vdW  stress (kbar)      0.00      0.00      0.00
                                0.00      0.00      0.00
                                0.00      0.00      0.00


                                0.00      0.00      0.00
                                0.00      0.00      0.00


                                0.00      0.00      0.00


     Writing all to output data dir calculations/myprefix.save/
 
     init_run     :      0.35s CPU      0.42s WALL (       1 calls)
     electrons    :      0.27s CPU      0.31s WALL (       1 calls)
     forces       :      0.02s CPU      0.03s WALL (       1 calls)
     stress       :      0.05s CPU      0.07s WALL (       1 calls)

     Called by init_run:
     wfcinit      :      0.03s CPU      0.06s WALL (       1 calls)
     wfcinit:atom :      0.00s CPU      0.00s WALL (       1 calls)
     wfcinit:wfcr :      0.03s CPU      0.06s WALL (       1 calls)
     potinit      :      0.16s CPU      0.17s WALL (       1 calls)
     hinit0       :      0.15s CPU      0.17s WALL (       1 calls)

     Called by electrons:
     c_bands      :      0.18s CPU      0.20s WALL (       8 calls)
     sum_band     :      0.04s CPU      0.04s WALL (       8 calls)
     v_of_rho     :      0.03s CPU      0.03s WALL (       9 calls)
     v_h          :      0.00s CPU      0.00s WALL (       9 calls)
     v_xc         :      0.03s CPU      0.04s WALL (      11 calls)
     newd         :      0.03s CPU      0.03s WALL (       9 calls)
     mix_rho      :      0.00s CPU      0.01s WALL (       8 calls)

     Called by c_bands:
     init_us_2    :      0.00s CPU      0.00s WALL (      17 calls)
     init_us_2:cp :      0.00s CPU      0.00s WALL (      17 calls)
     regterg      :      0.18s CPU      0.20s WALL (       8 calls)

     Called by sum_band:
     sum_band:wei :      0.00s CPU      0.00s WALL (       8 calls)
     sum_band:loo :      0.01s CPU      0.01s WALL (       8 calls)
     sum_band:buf :      0.00s CPU      0.00s WALL (       8 calls)
     sum_band:ini :      0.00s CPU      0.00s WALL (       8 calls)
     sum_band:cal :      0.01s CPU      0.01s WALL (       8 calls)
     sum_band:bec :      0.00s CPU      0.00s WALL (       8 calls)
     addusdens    :      0.02s CPU      0.02s WALL (       8 calls)
     addusd:skk   :      0.00s CPU      0.00s WALL (      16 calls)
     addusd:dgemm :      0.00s CPU      0.00s WALL (      16 calls)
     addusd:qvan2 :      0.02s CPU      0.02s WALL (      16 calls)

     Called by *egterg:
     rdiaghg      :      0.13s CPU      0.15s WALL (      45 calls)
     regterg:over :      0.02s CPU      0.02s WALL (      37 calls)
     regterg:upda :      0.01s CPU      0.01s WALL (      37 calls)
     regterg:last :      0.01s CPU      0.01s WALL (      17 calls)
     rdiaghg:chol :      0.01s CPU      0.01s WALL (      45 calls)
     rdiaghg:inve :      0.00s CPU      0.00s WALL (      45 calls)
     rdiaghg:para :      0.01s CPU      0.01s WALL (      90 calls)
     h_psi        :      0.05s CPU      0.07s WALL (      46 calls)
     s_psi        :      0.00s CPU      0.00s WALL (      46 calls)
     g_psi        :      0.00s CPU      0.00s WALL (      37 calls)

     Called by h_psi:
     h_psi:calbec :      0.01s CPU      0.01s WALL (      46 calls)
     vloc_psi     :      0.04s CPU      0.06s WALL (      46 calls)
     add_vuspsi   :      0.00s CPU      0.00s WALL (      46 calls)

     General routines
     calbec       :      0.01s CPU      0.01s WALL (      59 calls)
     fft          :      0.13s CPU      0.14s WALL (     117 calls)
     ffts         :      0.14s CPU      0.15s WALL (      17 calls)
     fftw         :      0.04s CPU      0.06s WALL (     808 calls)
     interpolate  :      0.14s CPU      0.15s WALL (       9 calls)
 
     Parallel routines
 
     PWSCF        :      0.94s CPU      1.45s WALL

 
   This run was terminated on:  11:55:58   3Mar2023            

=------------------------------------------------------------------------------=
   JOB DONE.
=------------------------------------------------------------------------------=
