
     Program PWSCF v.7.0 starts on  4Mar2023 at 20: 5:10 

     This program is part of the open-source Quantum ESPRESSO suite
     for quantum simulation of materials; please cite
         "P. Giannozzi et al., J. Phys.:Condens. Matter 21 395502 (2009);
         "P. Giannozzi et al., J. Phys.:Condens. Matter 29 465901 (2017);
         "P. Giannozzi et al., J. Chem. Phys. 152 154105 (2020);
          URL http://www.quantum-espresso.org", 
     in publications or presentations arising from this work. More details at
     http://www.quantum-espresso.org/quote

     Parallel version (MPI & OpenMP), running on      32 processor cores
     Number of MPI processes:                32
     Threads/MPI process:                     1

     MPI processes distributed on     1 nodes
     R & G space division:  proc/nbgrp/npool/nimage =      32
     167124 MiB available memory on the printing compute node when the environment starts
 
     Reading input from espresso_7503.pwi
Warning: card &CELL ignored
Warning: card / ignored

     Current dimensions of program PWSCF are:
     Max number of different atomic species (ntypx) = 10
     Max number of k-points (npk) =  40000
     Max angular momentum in pseudopotentials (lmaxx) =  4

     gamma-point specific algorithms are used
     Message from routine setup:
     using ibrav=0 with symmetry is DISCOURAGED, use correct ibrav instead

     Subspace diagonalization in iterative solution of the eigenvalue problem:
     one sub-group per band group will be used
     scalapack distributed-memory algorithm (size of sub-group:  5*  5 procs)

 
     Parallelization info
     --------------------
     sticks:   dense  smooth     PW     G-vecs:    dense   smooth      PW
     Min          50      24      5                 1378      480      56
     Max          52      26      8                 1392      490      64
     Sum        1651     823    199                44375    15593    1917
 
     Using Slab Decomposition
 


     bravais-lattice index     =            0
     lattice parameter (alat)  =       9.9910  a.u.
     unit-cell volume          =     705.2008 (a.u.)^3
     number of atoms/cell      =            4
     number of atomic types    =            3
     number of electrons       =        54.00
     number of Kohn-Sham states=           32
     kinetic-energy cutoff     =      30.0000  Ry
     charge density cutoff     =     240.0000  Ry
     scf convergence threshold =      1.0E-06
     mixing beta               =       0.7000
     number of iterations used =            8  plain     mixing
     Exchange-correlation=  SLA  PW   PBX  PBC
                           (   1   4   3   4   0   0   0)

     celldm(1)=   9.991007  celldm(2)=   0.000000  celldm(3)=   0.000000
     celldm(4)=   0.000000  celldm(5)=   0.000000  celldm(6)=   0.000000

     crystal axes: (cart. coord. in units of alat)
               a(1) = (   1.000000   0.000000   0.000000 )  
               a(2) = (   0.500000   0.866025   0.000000 )  
               a(3) = (   0.500000   0.288675   0.816497 )  

     reciprocal axes: (cart. coord. in units 2 pi/alat)
               b(1) = (  1.000000 -0.577350 -0.408248 )  
               b(2) = (  0.000000  1.154701 -0.408248 )  
               b(3) = (  0.000000  0.000000  1.224745 )  


     PseudoPot. # 1 for Ca read from file:
     /home/pragov/projects/rrg-bengioy-ad/pragov/crystal_structure_design/SSSP/Ca_pbe_v1.uspp.F.UPF
     MD5 check sum: 403a4c14b9e4d4dfdc3024c9a3812218
     Pseudo is Ultrasoft + core correction, Zval = 10.0
     Generated by new atomic code, or converted to UPF format
     Using radial grid of  845 points,  6 beta functions with: 
                l(1) =   0
                l(2) =   0
                l(3) =   1
                l(4) =   1
                l(5) =   2
                l(6) =   2
     Q(r) pseudized with  8 coefficients,  rinner =    1.500   1.500   1.500
                                                       1.500   1.500

     PseudoPot. # 2 for Hg read from file:
     /home/pragov/projects/rrg-bengioy-ad/pragov/crystal_structure_design/SSSP/Hg_ONCV_PBE-1.0.oncvpsp.upf
     MD5 check sum: dd5a8773074bfcf4280086d4d95875c4
     Pseudo is Norm-conserving, Zval = 20.0
     Generated using ONCVPSP code by D. R. Hamann
     Using radial grid of 1262 points,  8 beta functions with: 
                l(1) =   0
                l(2) =   0
                l(3) =   1
                l(4) =   1
                l(5) =   2
                l(6) =   2
                l(7) =   3
                l(8) =   3

     PseudoPot. # 3 for Ge read from file:
     /home/pragov/projects/rrg-bengioy-ad/pragov/crystal_structure_design/SSSP/ge_pbe_v1.4.uspp.F.UPF
     MD5 check sum: 9c9eaa91e581c3f09632fb3098b2c6b2
     Pseudo is Ultrasoft + core correction, Zval = 14.0
     Generated by new atomic code, or converted to UPF format
     Using radial grid of  873 points,  6 beta functions with: 
                l(1) =   0
                l(2) =   0
                l(3) =   1
                l(4) =   1
                l(5) =   2
                l(6) =   2
     Q(r) pseudized with  8 coefficients,  rinner =    1.400   1.400   1.400
                                                       1.400   1.400

     atomic species   valence    mass     pseudopotential
        Ca            10.00    40.07800     Ca( 1.00)
        Hg            20.00   200.59200     Hg( 1.00)
        Ge            14.00    72.63000     Ge( 1.00)

     12 Sym. Ops., with inversion, found


                                    s                        frac. trans.

      isym =  1     identity                                     

 cryst.   s( 1) = (     1          0          0      )
                  (     0          1          0      )
                  (     0          0          1      )

 cart.    s( 1) = (  1.0000000  0.0000000  0.0000000 )
                  (  0.0000000  1.0000000 -0.0000000 )
                  (  0.0000000  0.0000000  1.0000000 )


      isym =  2     180 deg rotation - cart. axis [1,0,0]        

 cryst.   s( 2) = (     1          0          0      )
                  (     1         -1          0      )
                  (     1          0         -1      )

 cart.    s( 2) = (  1.0000000  0.0000000  0.0000000 )
                  (  0.0000000 -1.0000000  0.0000000 )
                  (  0.0000000  0.0000000 -1.0000000 )


      isym =  3     120 deg rotation - cryst. axis [0,0,1]       

 cryst.   s( 3) = (    -1          1          0      )
                  (    -1          0          0      )
                  (    -1          0          1      )

 cart.    s( 3) = ( -0.5000000 -0.8660254 -0.0000000 )
                  (  0.8660254 -0.5000000 -0.0000000 )
                  (  0.0000000  0.0000000  1.0000000 )


      isym =  4     120 deg rotation - cryst. axis [0,0,-1]      

 cryst.   s( 4) = (     0         -1          0      )
                  (     1         -1          0      )
                  (     0         -1          1      )

 cart.    s( 4) = ( -0.5000000  0.8660254  0.0000000 )
                  ( -0.8660254 -0.5000000 -0.0000000 )
                  (  0.0000000  0.0000000  1.0000000 )


      isym =  5     180 deg rotation - cryst. axis [0,1,0]       

 cryst.   s( 5) = (     0         -1          0      )
                  (    -1          0          0      )
                  (     0          0         -1      )

 cart.    s( 5) = ( -0.5000000 -0.8660254 -0.0000000 )
                  ( -0.8660254  0.5000000  0.0000000 )
                  (  0.0000000  0.0000000 -1.0000000 )


      isym =  6     180 deg rotation - cryst. axis [1,1,0]       

 cryst.   s( 6) = (    -1          1          0      )
                  (     0          1          0      )
                  (     0          1         -1      )

 cart.    s( 6) = ( -0.5000000  0.8660254  0.0000000 )
                  (  0.8660254  0.5000000  0.0000000 )
                  (  0.0000000  0.0000000 -1.0000000 )


      isym =  7     inversion                                    

 cryst.   s( 7) = (    -1          0          0      )
                  (     0         -1          0      )
                  (     0          0         -1      )

 cart.    s( 7) = ( -1.0000000  0.0000000  0.0000000 )
                  (  0.0000000 -1.0000000  0.0000000 )
                  (  0.0000000  0.0000000 -1.0000000 )


      isym =  8     inv. 180 deg rotation - cart. axis [1,0,0]   

 cryst.   s( 8) = (    -1          0          0      )
                  (    -1          1          0      )
                  (    -1          0          1      )

 cart.    s( 8) = ( -1.0000000  0.0000000  0.0000000 )
                  (  0.0000000  1.0000000 -0.0000000 )
                  (  0.0000000  0.0000000  1.0000000 )


      isym =  9     inv. 120 deg rotation - cryst. axis [0,0,1]  

 cryst.   s( 9) = (     1         -1          0      )
                  (     1          0          0      )
                  (     1          0         -1      )

 cart.    s( 9) = (  0.5000000  0.8660254  0.0000000 )
                  ( -0.8660254  0.5000000  0.0000000 )
                  (  0.0000000  0.0000000 -1.0000000 )


      isym = 10     inv. 120 deg rotation - cryst. axis [0,0,-1] 

 cryst.   s(10) = (     0          1          0      )
                  (    -1          1          0      )
                  (     0          1         -1      )

 cart.    s(10) = (  0.5000000 -0.8660254 -0.0000000 )
                  (  0.8660254  0.5000000  0.0000000 )
                  (  0.0000000  0.0000000 -1.0000000 )


      isym = 11     inv. 180 deg rotation - cryst. axis [0,1,0]  

 cryst.   s(11) = (     0          1          0      )
                  (     1          0          0      )
                  (     0          0          1      )

 cart.    s(11) = (  0.5000000  0.8660254  0.0000000 )
                  (  0.8660254 -0.5000000 -0.0000000 )
                  (  0.0000000  0.0000000  1.0000000 )


      isym = 12     inv. 180 deg rotation - cryst. axis [1,1,0]  

 cryst.   s(12) = (     1         -1          0      )
                  (     0         -1          0      )
                  (     0         -1          1      )

 cart.    s(12) = (  0.5000000 -0.8660254 -0.0000000 )
                  ( -0.8660254 -0.5000000 -0.0000000 )
                  (  0.0000000  0.0000000  1.0000000 )


   Cartesian axes

     site n.     atom                  positions (alat units)
         1           Ca  tau(   1) = (   1.5000000   0.8660254   0.6123724  )
         2           Ca  tau(   2) = (   0.5000000   0.2886751   0.2041241  )
         3           Hg  tau(   3) = (   0.0000000   0.0000000   0.0000000  )
         4           Ge  tau(   4) = (   1.0000000   0.5773503   0.4082483  )

   Crystallographic axes

     site n.     atom                  positions (cryst. coord.)
         1           Ca  tau(   1) = (  0.7500000  0.7500000  0.7500000  )
         2           Ca  tau(   2) = (  0.2500000  0.2500000  0.2500000  )
         3           Hg  tau(   3) = (  0.0000000  0.0000000  0.0000000  )
         4           Ge  tau(   4) = (  0.5000000  0.5000000  0.5000000  )

     number of k points=     1  Methfessel-Paxton smearing, width (Ry)=  0.0010
                       cart. coord. in units 2pi/alat
        k(    1) = (   0.0000000   0.0000000   0.0000000), wk =   2.0000000

                       cryst. coord.
        k(    1) = (   0.0000000   0.0000000   0.0000000), wk =   2.0000000

     Dense  grid:    22188 G-vectors     FFT dimensions: (  50,  50,  50)

     Smooth grid:     7797 G-vectors     FFT dimensions: (  36,  36,  36)

     Dynamical RAM for                 wfc:       0.01 MB

     Dynamical RAM for     wfc (w. buffer):       0.01 MB

     Dynamical RAM for           str. fact:       0.03 MB

     Dynamical RAM for           local pot:       0.00 MB

     Dynamical RAM for          nlocal pot:       0.04 MB

     Dynamical RAM for                qrad:       8.96 MB

     Dynamical RAM for          rho,v,vnew:       0.15 MB

     Dynamical RAM for               rhoin:       0.05 MB

     Dynamical RAM for            rho*nmix:       0.17 MB

     Dynamical RAM for           G-vectors:       0.04 MB

     Dynamical RAM for          h,s,v(r/c):       0.00 MB

     Dynamical RAM for          <psi|beta>:       0.02 MB

     Dynamical RAM for                 psi:       0.03 MB

     Dynamical RAM for                hpsi:       0.03 MB

     Dynamical RAM for                spsi:       0.03 MB

     Dynamical RAM for      wfcinit/wfcrot:       0.07 MB

     Dynamical RAM for           addusdens:       2.11 MB

     Dynamical RAM for          addusforce:       2.14 MB

     Dynamical RAM for         addusstress:       2.37 MB

     Estimated static dynamical RAM per process >       9.51 MB

     Estimated max dynamical RAM per process >      12.05 MB

     Estimated total dynamical RAM >     385.58 MB

     Check: negative core charge=   -0.000001

     Initial potential from superposition of free atoms

     starting charge      53.9881, renormalised to      54.0000
     Starting wfcs are   39 randomized atomic wfcs

     total cpu time spent up to now is        0.8 secs

     Self-consistent Calculation

     iteration #  1     ecut=    30.00 Ry     beta= 0.70
     Davidson diagonalization with overlap

---- Real-time Memory Report at c_bands before calling an iterative solver
           138 MiB given to the printing process from OS
             0 MiB allocation reported by mallinfo(arena+hblkhd)
        166201 MiB available memory on the node where the printing process lives
------------------
     ethr =  1.00E-02,  avg # of iterations =  2.0

     Threshold (ethr) on eigenvalues was too large:
     Diagonalizing with lowered threshold

     Davidson diagonalization with overlap

---- Real-time Memory Report at c_bands before calling an iterative solver
           141 MiB given to the printing process from OS
             0 MiB allocation reported by mallinfo(arena+hblkhd)
        166200 MiB available memory on the node where the printing process lives
------------------
     ethr =  8.07E-04,  avg # of iterations =  2.0

     total cpu time spent up to now is        0.9 secs

     total energy              =    -673.33522105 Ry
     estimated scf accuracy    <       0.45118198 Ry

     iteration #  2     ecut=    30.00 Ry     beta= 0.70
     Davidson diagonalization with overlap

---- Real-time Memory Report at c_bands before calling an iterative solver
           142 MiB given to the printing process from OS
             0 MiB allocation reported by mallinfo(arena+hblkhd)
        166200 MiB available memory on the node where the printing process lives
------------------
     ethr =  8.36E-04,  avg # of iterations =  8.0

     total cpu time spent up to now is        0.9 secs

     total energy              =    -673.43741264 Ry
     estimated scf accuracy    <       0.85791349 Ry

     iteration #  3     ecut=    30.00 Ry     beta= 0.70
     Davidson diagonalization with overlap

---- Real-time Memory Report at c_bands before calling an iterative solver
           144 MiB given to the printing process from OS
             0 MiB allocation reported by mallinfo(arena+hblkhd)
        166196 MiB available memory on the node where the printing process lives
------------------
     ethr =  8.36E-04,  avg # of iterations =  2.0

     total cpu time spent up to now is        0.9 secs

     total energy              =    -673.59167650 Ry
     estimated scf accuracy    <       0.00932731 Ry

     iteration #  4     ecut=    30.00 Ry     beta= 0.70
     Davidson diagonalization with overlap

---- Real-time Memory Report at c_bands before calling an iterative solver
           144 MiB given to the printing process from OS
             0 MiB allocation reported by mallinfo(arena+hblkhd)
        166196 MiB available memory on the node where the printing process lives
------------------
     ethr =  1.73E-05,  avg # of iterations =  5.0

     total cpu time spent up to now is        1.0 secs

     total energy              =    -673.59590883 Ry
     estimated scf accuracy    <       0.00146703 Ry

     iteration #  5     ecut=    30.00 Ry     beta= 0.70
     Davidson diagonalization with overlap

---- Real-time Memory Report at c_bands before calling an iterative solver
           145 MiB given to the printing process from OS
             0 MiB allocation reported by mallinfo(arena+hblkhd)
        166196 MiB available memory on the node where the printing process lives
------------------
     ethr =  2.72E-06,  avg # of iterations =  3.0

     total cpu time spent up to now is        1.0 secs

     total energy              =    -673.59617429 Ry
     estimated scf accuracy    <       0.00015948 Ry

     iteration #  6     ecut=    30.00 Ry     beta= 0.70
     Davidson diagonalization with overlap

---- Real-time Memory Report at c_bands before calling an iterative solver
           145 MiB given to the printing process from OS
             0 MiB allocation reported by mallinfo(arena+hblkhd)
        166196 MiB available memory on the node where the printing process lives
------------------
     ethr =  2.95E-07,  avg # of iterations =  2.0

     total cpu time spent up to now is        1.1 secs

     total energy              =    -673.59620242 Ry
     estimated scf accuracy    <       0.00000704 Ry

     iteration #  7     ecut=    30.00 Ry     beta= 0.70
     Davidson diagonalization with overlap

---- Real-time Memory Report at c_bands before calling an iterative solver
           145 MiB given to the printing process from OS
             0 MiB allocation reported by mallinfo(arena+hblkhd)
        166196 MiB available memory on the node where the printing process lives
------------------
     ethr =  1.30E-08,  avg # of iterations =  4.0

     total cpu time spent up to now is        1.1 secs

     End of self-consistent calculation

          k = 0.0000 0.0000 0.0000 (   959 PWs)   bands (ev):

  -107.3664 -55.1532 -55.1531 -55.1530 -31.4905 -31.4645 -13.8509 -13.8508
   -13.8508 -13.8368 -13.8367 -12.5632 -12.5632 -12.5631 -12.4735 -12.4735
   -12.4734   1.1988   2.1695   2.1696   2.1696   2.2273   2.2274   5.7411
     8.1099   8.1100   8.1100  11.3440  11.3441  12.7339  12.7339  12.7340

     occupation numbers 
     1.0000   1.0000   1.0000   1.0000   1.0000   1.0000   1.0000   1.0000
     1.0000   1.0000   1.0000   1.0000   1.0000   1.0000   1.0000   1.0000
     1.0000   1.0000   1.0000   1.0000   1.0000   1.0000   1.0000   1.0000
     1.0000   1.0000   1.0000  -0.0000  -0.0000  -0.0000  -0.0000  -0.0000

     the Fermi energy is     9.1084 ev

!    total energy              =    -673.59620540 Ry
     estimated scf accuracy    <       0.00000023 Ry
     smearing contrib. (-TS)   =       0.00000000 Ry
     internal energy E=F+TS    =    -673.59620540 Ry

     The total energy is F=E-TS. E is the sum of the following terms:
     one-electron contribution =    -375.83218185 Ry
     hartree contribution      =     205.84771703 Ry
     xc contribution           =    -109.51340398 Ry
     ewald contribution        =    -394.09833660 Ry

     convergence has been achieved in   7 iterations

     Forces acting on atoms (cartesian axes, Ry/au):

     atom    1 type  1   force =     0.00000000    0.00000000   -0.00000286
     atom    2 type  1   force =    -0.00000000   -0.00000000    0.00000286
     atom    3 type  2   force =    -0.00000000   -0.00000000    0.00000000
     atom    4 type  3   force =     0.00000000    0.00000000    0.00000000
     The non-local contrib.  to forces
     atom    1 type  1   force =     0.00000000   -0.00000000   -0.00000217
     atom    2 type  1   force =     0.00000000    0.00000000    0.00000217
     atom    3 type  2   force =    -0.00000000    0.00000000    0.00000000
     atom    4 type  3   force =     0.00000000    0.00000000    0.00000000
     The ionic contribution  to forces
     atom    1 type  1   force =    -0.00000000    0.00000000    0.00000000
     atom    2 type  1   force =     0.00000000   -0.00000000    0.00000000
     atom    3 type  2   force =    -0.00000000   -0.00000000   -0.00000000
     atom    4 type  3   force =     0.00000000    0.00000000   -0.00000000
     The local contribution  to forces
     atom    1 type  1   force =     0.00006895    0.00009562   -0.00004889
     atom    2 type  1   force =    -0.00001966   -0.00007130    0.00001851
     atom    3 type  2   force =    -0.00026768   -0.00075574   -0.00008267
     atom    4 type  3   force =     0.00014080    0.00017131    0.00015952
     The core correction contribution to forces
     atom    1 type  1   force =     0.00000222    0.00000064   -0.00000164
     atom    2 type  1   force =    -0.00000103   -0.00000330    0.00000130
     atom    3 type  2   force =     0.00000000    0.00000000    0.00000000
     atom    4 type  3   force =     0.00000431    0.00000070    0.00000254
     The Hubbard contrib.    to forces
     atom    1 type  1   force =     0.00000000    0.00000000    0.00000000
     atom    2 type  1   force =     0.00000000    0.00000000    0.00000000
     atom    3 type  2   force =     0.00000000    0.00000000    0.00000000
     atom    4 type  3   force =     0.00000000    0.00000000    0.00000000
     The SCF correction term to forces
     atom    1 type  1   force =    -0.00003374   -0.00006139    0.00005133
     atom    2 type  1   force =    -0.00000955    0.00007756   -0.00001762
     atom    3 type  2   force =     0.00027501    0.00081188    0.00011268
     atom    4 type  3   force =    -0.00017212   -0.00029577   -0.00018344

     Total force =     0.000004     Total SCF correction =     0.000955
     SCF correction compared to forces is large: reduce conv_thr to get better values


     Computing stress (Cartesian axis) and pressure

          total   stress  (Ry/bohr**3)                   (kbar)     P=     -397.02
  -0.00269882  -0.00000000   0.00000000         -397.01       -0.00        0.00
  -0.00000000  -0.00269882  -0.00000000           -0.00     -397.01       -0.00
   0.00000000  -0.00000000  -0.00269909            0.00       -0.00     -397.05

     kinetic stress (kbar)  20902.06      0.00     -0.00
                                0.00  20902.06      0.00
                                0.00      0.00  20902.05

     local   stress (kbar)  -7057.72      0.01     -0.00
                                0.01  -7057.68      0.06
                               -0.00      0.06  -7057.71

     nonloc. stress (kbar)   4318.46     -0.00     -0.00
                               -0.00   4318.46      0.00
                               -0.00      0.00   4318.44

     hartree stress (kbar)  14313.31     -0.01      0.01
                               -0.01  14313.29     -0.03
                                0.01     -0.03  14313.29

     exc-cor stress (kbar)   1649.44     -0.00      0.00
                               -0.00   1649.44     -0.00
                                0.00     -0.00   1649.44

     corecor stress (kbar)  -7119.56      0.00      0.00
                                0.00  -7119.56      0.00
                                0.00      0.00  -7119.56

     ewald   stress (kbar) -27403.00      0.00     -0.00
                                0.00 -27403.00     -0.00
                               -0.00     -0.00 -27403.00

     hubbard stress (kbar)      0.00      0.00      0.00
                                0.00      0.00      0.00
                                0.00      0.00      0.00

     DFT-D   stress (kbar)      0.00      0.00      0.00
                                0.00      0.00      0.00
                                0.00      0.00      0.00

     XDM     stress (kbar)      0.00      0.00      0.00
                                0.00      0.00      0.00
                                0.00      0.00      0.00

     dft-nl  stress (kbar)      0.00      0.00      0.00
                                0.00      0.00      0.00
                                0.00      0.00      0.00

     TS-vdW  stress (kbar)      0.00      0.00      0.00
                                0.00      0.00      0.00
                                0.00      0.00      0.00


                                0.00      0.00      0.00
                                0.00      0.00      0.00


                                0.00      0.00      0.00


     Writing all to output data dir calculations/myprefix.save/
 
     init_run     :      0.50s CPU      0.55s WALL (       1 calls)
     electrons    :      0.30s CPU      0.34s WALL (       1 calls)
     forces       :      0.03s CPU      0.03s WALL (       1 calls)
     stress       :      0.06s CPU      0.07s WALL (       1 calls)

     Called by init_run:
     wfcinit      :      0.02s CPU      0.03s WALL (       1 calls)
     wfcinit:atom :      0.00s CPU      0.00s WALL (       1 calls)
     wfcinit:wfcr :      0.02s CPU      0.03s WALL (       1 calls)
     potinit      :      0.25s CPU      0.26s WALL (       1 calls)
     hinit0       :      0.22s CPU      0.24s WALL (       1 calls)

     Called by electrons:
     c_bands      :      0.18s CPU      0.19s WALL (       8 calls)
     sum_band     :      0.06s CPU      0.06s WALL (       8 calls)
     v_of_rho     :      0.02s CPU      0.02s WALL (       8 calls)
     v_h          :      0.00s CPU      0.00s WALL (       8 calls)
     v_xc         :      0.02s CPU      0.03s WALL (      10 calls)
     newd         :      0.04s CPU      0.04s WALL (       8 calls)
     mix_rho      :      0.00s CPU      0.00s WALL (       8 calls)

     Called by c_bands:
     init_us_2    :      0.00s CPU      0.00s WALL (      17 calls)
     init_us_2:cp :      0.00s CPU      0.00s WALL (      17 calls)
     regterg      :      0.17s CPU      0.19s WALL (       8 calls)

     Called by sum_band:
     sum_band:wei :      0.00s CPU      0.00s WALL (       8 calls)
     sum_band:loo :      0.01s CPU      0.01s WALL (       8 calls)
     sum_band:buf :      0.00s CPU      0.00s WALL (       8 calls)
     sum_band:ini :      0.00s CPU      0.00s WALL (       8 calls)
     sum_band:cal :      0.00s CPU      0.00s WALL (       8 calls)
     sum_band:bec :      0.00s CPU      0.00s WALL (       8 calls)
     addusdens    :      0.04s CPU      0.04s WALL (       8 calls)
     addusd:skk   :      0.00s CPU      0.00s WALL (      16 calls)
     addusd:dgemm :      0.01s CPU      0.01s WALL (      16 calls)
     addusd:qvan2 :      0.03s CPU      0.03s WALL (      16 calls)

     Called by *egterg:
     rdiaghg      :      0.10s CPU      0.11s WALL (      35 calls)
     regterg:over :      0.01s CPU      0.01s WALL (      28 calls)
     regterg:upda :      0.00s CPU      0.00s WALL (      28 calls)
     regterg:last :      0.01s CPU      0.01s WALL (      17 calls)
     rdiaghg:chol :      0.01s CPU      0.01s WALL (      35 calls)
     rdiaghg:inve :      0.00s CPU      0.00s WALL (      35 calls)
     rdiaghg:para :      0.01s CPU      0.01s WALL (      70 calls)
     h_psi        :      0.06s CPU      0.06s WALL (      37 calls)
     s_psi        :      0.00s CPU      0.00s WALL (      37 calls)
     g_psi        :      0.00s CPU      0.00s WALL (      28 calls)

     Called by h_psi:
     h_psi:calbec :      0.01s CPU      0.01s WALL (      37 calls)
     vloc_psi     :      0.05s CPU      0.05s WALL (      37 calls)
     add_vuspsi   :      0.00s CPU      0.00s WALL (      37 calls)

     General routines
     calbec       :      0.01s CPU      0.01s WALL (      50 calls)
     fft          :      0.18s CPU      0.19s WALL (     107 calls)
     ffts         :      0.24s CPU      0.24s WALL (      16 calls)
     fftw         :      0.06s CPU      0.06s WALL (     822 calls)
     interpolate  :      0.24s CPU      0.24s WALL (       8 calls)
 
     Parallel routines
 
     PWSCF        :      1.10s CPU      1.45s WALL

 
   This run was terminated on:  20: 5:12   4Mar2023            

=------------------------------------------------------------------------------=
   JOB DONE.
=------------------------------------------------------------------------------=
