
     Program PWSCF v.7.0 starts on  7Jun2023 at  2:13:44 

     This program is part of the open-source Quantum ESPRESSO suite
     for quantum simulation of materials; please cite
         "P. Giannozzi et al., J. Phys.:Condens. Matter 21 395502 (2009);
         "P. Giannozzi et al., J. Phys.:Condens. Matter 29 465901 (2017);
         "P. Giannozzi et al., J. Chem. Phys. 152 154105 (2020);
          URL http://www.quantum-espresso.org", 
     in publications or presentations arising from this work. More details at
     http://www.quantum-espresso.org/quote

     Parallel version (MPI & OpenMP), running on      32 processor cores
     Number of MPI processes:                 8
     Threads/MPI process:                     4

     MPI processes distributed on     1 nodes
     K-points division:     npool     =       2
     R & G space division:  proc/nbgrp/npool/nimage =       4
     51605 MiB available memory on the printing compute node when the environment starts
 
     Reading input from espresso_1242.pwi
Warning: card &CELL ignored
Warning: card / ignored

     Current dimensions of program PWSCF are:
     Max number of different atomic species (ntypx) = 10
     Max number of k-points (npk) =  40000
     Max angular momentum in pseudopotentials (lmaxx) =  4
     Message from routine setup:
     using ibrav=0 with symmetry is DISCOURAGED, use correct ibrav instead

     Subspace diagonalization in iterative solution of the eigenvalue problem:
     one sub-group per band group will be used
     scalapack distributed-memory algorithm (size of sub-group:  2*  2 procs)

 
     Parallelization info
     --------------------
     sticks:   dense  smooth     PW     G-vecs:    dense   smooth      PW
     Min         309     152     46                 6631     2339     402
     Max         310     155     47                 6634     2340     405
     Sum        1237     613    187                26529     9359    1615
 
     Using Slab Decomposition
 


     bravais-lattice index     =            0
     lattice parameter (alat)  =       8.6269  a.u.
     unit-cell volume          =     421.4810 (a.u.)^3
     number of atoms/cell      =            6
     number of atomic types    =            2
     number of electrons       =        32.00
     number of Kohn-Sham states=           64
     kinetic-energy cutoff     =      30.0000  Ry
     charge density cutoff     =     240.0000  Ry
     scf convergence threshold =      1.0E-06
     mixing beta               =       0.7000
     number of iterations used =            8  plain     mixing
     Exchange-correlation=  SLA  PW   PBX  PBC
                           (   1   4   3   4   0   0   0)

     celldm(1)=   8.626949  celldm(2)=   0.000000  celldm(3)=   0.000000
     celldm(4)=   0.000000  celldm(5)=   0.000000  celldm(6)=   0.000000

     crystal axes: (cart. coord. in units of alat)
               a(1) = (   1.000000   0.000000   0.000000 )  
               a(2) = (  -0.500000   0.866025   0.000000 )  
               a(3) = (   0.000000   0.000000   0.758011 )  

     reciprocal axes: (cart. coord. in units 2 pi/alat)
               b(1) = (  1.000000  0.577350  0.000000 )  
               b(2) = (  0.000000  1.154701  0.000000 )  
               b(3) = (  0.000000  0.000000  1.319241 )  


     PseudoPot. # 1 for Zr read from file:
     /home/pragov/projects/rrg-bengioy-ad/pragov/crystal_structure_design/SSSP/Zr_pbe_v1.uspp.F.UPF
     MD5 check sum: 5db81b1e868ab7776c4564c113de050b
     Pseudo is Ultrasoft + core correction, Zval = 12.0
     Generated by new atomic code, or converted to UPF format
     Using radial grid of  887 points,  6 beta functions with: 
                l(1) =   0
                l(2) =   0
                l(3) =   1
                l(4) =   1
                l(5) =   2
                l(6) =   2
     Q(r) pseudized with  6 coefficients,  rinner =    1.200   1.200   1.200
                                                       1.200   1.200

     PseudoPot. # 2 for Be read from file:
     /home/pragov/projects/rrg-bengioy-ad/pragov/crystal_structure_design/SSSP/be_pbe_v1.4.uspp.F.UPF
     MD5 check sum: 5ecff1440924c7c98ad504bef30f5264
     Pseudo is Ultrasoft, Zval =  4.0
     Generated by new atomic code, or converted to UPF format
     Using radial grid of  769 points,  6 beta functions with: 
                l(1) =   0
                l(2) =   0
                l(3) =   0
                l(4) =   1
                l(5) =   1
                l(6) =   2
     Q(r) pseudized with 10 coefficients,  rinner =    1.000   1.000   1.000
                                                       1.000   1.000

     atomic species   valence    mass     pseudopotential
        Zr            12.00    91.22400     Zr( 1.00)
        Be             4.00     9.01218     Be( 1.00)

     24 Sym. Ops., with inversion, found


                                    s                        frac. trans.

      isym =  1     identity                                     

 cryst.   s( 1) = (     1          0          0      )
                  (     0          1          0      )
                  (     0          0          1      )

 cart.    s( 1) = (  1.0000000  0.0000000  0.0000000 )
                  (  0.0000000  1.0000000  0.0000000 )
                  (  0.0000000  0.0000000  1.0000000 )


      isym =  2     180 deg rotation - cart. axis [0,0,1]        

 cryst.   s( 2) = (    -1          0          0      )
                  (     0         -1          0      )
                  (     0          0          1      )

 cart.    s( 2) = ( -1.0000000 -0.0000000  0.0000000 )
                  (  0.0000000 -1.0000000  0.0000000 )
                  (  0.0000000  0.0000000  1.0000000 )


      isym =  3     180 deg rotation - cart. axis [0,1,0]        

 cryst.   s( 3) = (    -1          0          0      )
                  (     1          1          0      )
                  (     0          0         -1      )

 cart.    s( 3) = ( -1.0000000 -0.0000003  0.0000000 )
                  (  0.0000000  1.0000000  0.0000000 )
                  (  0.0000000  0.0000000 -1.0000000 )


      isym =  4     180 deg rotation - cart. axis [1,0,0]        

 cryst.   s( 4) = (     1          0          0      )
                  (    -1         -1          0      )
                  (     0          0         -1      )

 cart.    s( 4) = (  1.0000000  0.0000003  0.0000000 )
                  (  0.0000000 -1.0000000  0.0000000 )
                  (  0.0000000  0.0000000 -1.0000000 )


      isym =  5      60 deg rotation - cryst. axis [0,0,1]       

 cryst.   s( 5) = (     1          1          0      )
                  (    -1          0          0      )
                  (     0          0          1      )

 cart.    s( 5) = (  0.4999999 -0.8660255  0.0000000 )
                  (  0.8660253  0.5000001  0.0000000 )
                  (  0.0000000  0.0000000  1.0000000 )


      isym =  6      60 deg rotation - cryst. axis [0,0,-1]      

 cryst.   s( 6) = (     0         -1          0      )
                  (     1          1          0      )
                  (     0          0          1      )

 cart.    s( 6) = (  0.5000001  0.8660255  0.0000000 )
                  ( -0.8660253  0.4999999  0.0000000 )
                  (  0.0000000  0.0000000  1.0000000 )


      isym =  7     120 deg rotation - cryst. axis [0,0,1]       

 cryst.   s( 7) = (     0          1          0      )
                  (    -1         -1          0      )
                  (     0          0          1      )

 cart.    s( 7) = ( -0.5000001 -0.8660255  0.0000000 )
                  (  0.8660253 -0.4999999  0.0000000 )
                  (  0.0000000  0.0000000  1.0000000 )


      isym =  8     120 deg rotation - cryst. axis [0,0,-1]      

 cryst.   s( 8) = (    -1         -1          0      )
                  (     1          0          0      )
                  (     0          0          1      )

 cart.    s( 8) = ( -0.4999999  0.8660255  0.0000000 )
                  ( -0.8660253 -0.5000001  0.0000000 )
                  (  0.0000000  0.0000000  1.0000000 )


      isym =  9     180 deg rotation - cryst. axis [1,-1,0]      

 cryst.   s( 9) = (     0         -1          0      )
                  (    -1          0          0      )
                  (     0          0         -1      )

 cart.    s( 9) = (  0.5000001 -0.8660253  0.0000000 )
                  ( -0.8660253 -0.5000001  0.0000000 )
                  (  0.0000000  0.0000000 -1.0000000 )


      isym = 10     180 deg rotation - cryst. axis [2,1,0]       

 cryst.   s(10) = (     1          1          0      )
                  (     0         -1          0      )
                  (     0          0         -1      )

 cart.    s(10) = (  0.4999999  0.8660256  0.0000000 )
                  (  0.8660253 -0.4999999  0.0000000 )
                  (  0.0000000  0.0000000 -1.0000000 )


      isym = 11     180 deg rotation - cryst. axis [0,1,0]       

 cryst.   s(11) = (    -1         -1          0      )
                  (     0          1          0      )
                  (     0          0         -1      )

 cart.    s(11) = ( -0.4999999 -0.8660256  0.0000000 )
                  ( -0.8660253  0.4999999  0.0000000 )
                  (  0.0000000  0.0000000 -1.0000000 )


      isym = 12     180 deg rotation - cryst. axis [1,1,0]       

 cryst.   s(12) = (     0          1          0      )
                  (     1          0          0      )
                  (     0          0         -1      )

 cart.    s(12) = ( -0.5000001  0.8660253  0.0000000 )
                  (  0.8660253  0.5000001  0.0000000 )
                  (  0.0000000  0.0000000 -1.0000000 )


      isym = 13     inversion                                    

 cryst.   s(13) = (    -1          0          0      )
                  (     0         -1          0      )
                  (     0          0         -1      )

 cart.    s(13) = ( -1.0000000 -0.0000000  0.0000000 )
                  (  0.0000000 -1.0000000  0.0000000 )
                  (  0.0000000  0.0000000 -1.0000000 )


      isym = 14     inv. 180 deg rotation - cart. axis [0,0,1]   

 cryst.   s(14) = (     1          0          0      )
                  (     0          1          0      )
                  (     0          0         -1      )

 cart.    s(14) = (  1.0000000  0.0000000  0.0000000 )
                  (  0.0000000  1.0000000  0.0000000 )
                  (  0.0000000  0.0000000 -1.0000000 )


      isym = 15     inv. 180 deg rotation - cart. axis [0,1,0]   

 cryst.   s(15) = (     1          0          0      )
                  (    -1         -1          0      )
                  (     0          0          1      )

 cart.    s(15) = (  1.0000000  0.0000003  0.0000000 )
                  (  0.0000000 -1.0000000  0.0000000 )
                  (  0.0000000  0.0000000  1.0000000 )


      isym = 16     inv. 180 deg rotation - cart. axis [1,0,0]   

 cryst.   s(16) = (    -1          0          0      )
                  (     1          1          0      )
                  (     0          0          1      )

 cart.    s(16) = ( -1.0000000 -0.0000003  0.0000000 )
                  (  0.0000000  1.0000000  0.0000000 )
                  (  0.0000000  0.0000000  1.0000000 )


      isym = 17     inv.  60 deg rotation - cryst. axis [0,0,1]  

 cryst.   s(17) = (    -1         -1          0      )
                  (     1          0          0      )
                  (     0          0         -1      )

 cart.    s(17) = ( -0.4999999  0.8660255  0.0000000 )
                  ( -0.8660253 -0.5000001  0.0000000 )
                  (  0.0000000  0.0000000 -1.0000000 )


      isym = 18     inv.  60 deg rotation - cryst. axis [0,0,-1] 

 cryst.   s(18) = (     0          1          0      )
                  (    -1         -1          0      )
                  (     0          0         -1      )

 cart.    s(18) = ( -0.5000001 -0.8660255  0.0000000 )
                  (  0.8660253 -0.4999999  0.0000000 )
                  (  0.0000000  0.0000000 -1.0000000 )


      isym = 19     inv. 120 deg rotation - cryst. axis [0,0,1]  

 cryst.   s(19) = (     0         -1          0      )
                  (     1          1          0      )
                  (     0          0         -1      )

 cart.    s(19) = (  0.5000001  0.8660255  0.0000000 )
                  ( -0.8660253  0.4999999  0.0000000 )
                  (  0.0000000  0.0000000 -1.0000000 )


      isym = 20     inv. 120 deg rotation - cryst. axis [0,0,-1] 

 cryst.   s(20) = (     1          1          0      )
                  (    -1          0          0      )
                  (     0          0         -1      )

 cart.    s(20) = (  0.4999999 -0.8660255  0.0000000 )
                  (  0.8660253  0.5000001  0.0000000 )
                  (  0.0000000  0.0000000 -1.0000000 )


      isym = 21     inv. 180 deg rotation - cryst. axis [1,-1,0] 

 cryst.   s(21) = (     0          1          0      )
                  (     1          0          0      )
                  (     0          0          1      )

 cart.    s(21) = ( -0.5000001  0.8660253  0.0000000 )
                  (  0.8660253  0.5000001  0.0000000 )
                  (  0.0000000  0.0000000  1.0000000 )


      isym = 22     inv. 180 deg rotation - cryst. axis [2,1,0]  

 cryst.   s(22) = (    -1         -1          0      )
                  (     0          1          0      )
                  (     0          0          1      )

 cart.    s(22) = ( -0.4999999 -0.8660256  0.0000000 )
                  ( -0.8660253  0.4999999  0.0000000 )
                  (  0.0000000  0.0000000  1.0000000 )


      isym = 23     inv. 180 deg rotation - cryst. axis [0,1,0]  

 cryst.   s(23) = (     1          1          0      )
                  (     0         -1          0      )
                  (     0          0          1      )

 cart.    s(23) = (  0.4999999  0.8660256  0.0000000 )
                  (  0.8660253 -0.4999999  0.0000000 )
                  (  0.0000000  0.0000000  1.0000000 )


      isym = 24     inv. 180 deg rotation - cryst. axis [1,1,0]  

 cryst.   s(24) = (     0         -1          0      )
                  (    -1          0          0      )
                  (     0          0          1      )

 cart.    s(24) = (  0.5000001 -0.8660253  0.0000000 )
                  ( -0.8660253 -0.5000001  0.0000000 )
                  (  0.0000000  0.0000000  1.0000000 )


   Cartesian axes

     site n.     atom                  positions (alat units)
         1           Zr  tau(   1) = (   0.0000000   0.0000000   0.0000000  )
         2           Be  tau(   2) = (  -0.0000006   0.5773505   0.0000000  )
         3           Be  tau(   3) = (   0.5000005   0.2886748   0.0000000  )
         4           Be  tau(   4) = (   0.5000000   0.0000000   0.3790057  )
         5           Be  tau(   5) = (   0.2499999   0.4330127   0.3790057  )
         6           Be  tau(   6) = (  -0.2500001   0.4330127   0.3790057  )

   Crystallographic axes

     site n.     atom                  positions (cryst. coord.)
         1           Zr  tau(   1) = (  0.0000000  0.0000000  0.0000000  )
         2           Be  tau(   2) = (  0.3333330  0.6666670  0.0000000  )
         3           Be  tau(   3) = (  0.6666670  0.3333330  0.0000000  )
         4           Be  tau(   4) = (  0.5000000  0.0000000  0.5000000  )
         5           Be  tau(   5) = (  0.5000000  0.5000000  0.5000000  )
         6           Be  tau(   6) = ( -0.0000000  0.5000000  0.5000000  )

     number of k points=     6
                       cart. coord. in units 2pi/alat
        k(    1) = (   0.0000000   0.0000000   0.0000000), wk =   0.0740741
        k(    2) = (   0.0000000   0.0000000   0.4397471), wk =   0.1481481
        k(    3) = (   0.0000000   0.3849002   0.0000000), wk =   0.4444444
        k(    4) = (   0.0000000   0.3849002   0.4397471), wk =   0.8888889
        k(    5) = (   0.3333333   0.5773504   0.0000000), wk =   0.1481481
        k(    6) = (   0.3333333   0.5773504   0.4397471), wk =   0.2962963

                       cryst. coord.
        k(    1) = (   0.0000000   0.0000000   0.0000000), wk =   0.0740741
        k(    2) = (   0.0000000   0.0000000   0.3333333), wk =   0.1481481
        k(    3) = (   0.0000000   0.3333333   0.0000000), wk =   0.4444444
        k(    4) = (   0.0000000   0.3333333   0.3333333), wk =   0.8888889
        k(    5) = (   0.3333333   0.3333333   0.0000000), wk =   0.1481481
        k(    6) = (   0.3333333   0.3333333   0.3333333), wk =   0.2962963

     Dense  grid:    26529 G-vectors     FFT dimensions: (  45,  45,  36)

     Smooth grid:     9359 G-vectors     FFT dimensions: (  32,  32,  24)

     Dynamical RAM for                 wfc:       0.29 MB

     Dynamical RAM for     wfc (w. buffer):       1.14 MB

     Dynamical RAM for           str. fact:       0.20 MB

     Dynamical RAM for           local pot:       0.00 MB

     Dynamical RAM for          nlocal pot:       0.39 MB

     Dynamical RAM for                qrad:       2.49 MB

     Dynamical RAM for          rho,v,vnew:       0.72 MB

     Dynamical RAM for               rhoin:       0.24 MB

     Dynamical RAM for            rho*nmix:       1.62 MB

     Dynamical RAM for           G-vectors:       0.40 MB

     Dynamical RAM for          h,s,v(r/c):       0.19 MB

     Dynamical RAM for          <psi|beta>:       0.09 MB

     Dynamical RAM for                 psi:       0.57 MB

     Dynamical RAM for                hpsi:       0.57 MB

     Dynamical RAM for                spsi:       0.57 MB

     Dynamical RAM for      wfcinit/wfcrot:       0.66 MB

     Dynamical RAM for           addusdens:       9.71 MB

     Estimated static dynamical RAM per process >       6.58 MB

     Estimated max dynamical RAM per process >      17.91 MB

     Estimated total dynamical RAM >     136.84 MB

     Check: negative core charge=   -0.000003

     Initial potential from superposition of free atoms

     starting charge      31.9971, renormalised to      32.0000

     negative rho (up, down):  5.866E-02 0.000E+00
     Starting wfcs are   38 randomized atomic wfcs +   26 random wfcs

     total cpu time spent up to now is        1.1 secs

     Self-consistent Calculation

     iteration #  1     ecut=    30.00 Ry     beta= 0.70
     Davidson diagonalization with overlap

---- Real-time Memory Report at c_bands before calling an iterative solver
           126 MiB given to the printing process from OS
             0 MiB allocation reported by mallinfo(arena+hblkhd)
         51421 MiB available memory on the node where the printing process lives
------------------
     ethr =  1.00E-02,  avg # of iterations =  6.0

     Threshold (ethr) on eigenvalues was too large:
     Diagonalizing with lowered threshold

     Davidson diagonalization with overlap

---- Real-time Memory Report at c_bands before calling an iterative solver
           137 MiB given to the printing process from OS
             0 MiB allocation reported by mallinfo(arena+hblkhd)
         51139 MiB available memory on the node where the printing process lives
------------------
     ethr =  8.30E-04,  avg # of iterations =  1.0

     negative rho (up, down):  6.032E-02 0.000E+00

     total cpu time spent up to now is        3.1 secs

     total energy              =    -240.29669111 Ry
     estimated scf accuracy    <       0.26556834 Ry

     iteration #  2     ecut=    30.00 Ry     beta= 0.70
     Davidson diagonalization with overlap

---- Real-time Memory Report at c_bands before calling an iterative solver
           140 MiB given to the printing process from OS
             0 MiB allocation reported by mallinfo(arena+hblkhd)
         51262 MiB available memory on the node where the printing process lives
------------------
     ethr =  8.30E-04,  avg # of iterations =  2.0

     negative rho (up, down):  6.012E-02 0.000E+00

     total cpu time spent up to now is        3.7 secs

     total energy              =    -240.29993326 Ry
     estimated scf accuracy    <       0.73461543 Ry

     iteration #  3     ecut=    30.00 Ry     beta= 0.70
     Davidson diagonalization with overlap

---- Real-time Memory Report at c_bands before calling an iterative solver
           140 MiB given to the printing process from OS
             0 MiB allocation reported by mallinfo(arena+hblkhd)
         51365 MiB available memory on the node where the printing process lives
------------------
     ethr =  8.30E-04,  avg # of iterations =  1.2

     negative rho (up, down):  6.023E-02 0.000E+00

     total cpu time spent up to now is        4.4 secs

     total energy              =    -240.44173426 Ry
     estimated scf accuracy    <       0.00398169 Ry

     iteration #  4     ecut=    30.00 Ry     beta= 0.70
     Davidson diagonalization with overlap

---- Real-time Memory Report at c_bands before calling an iterative solver
           140 MiB given to the printing process from OS
             0 MiB allocation reported by mallinfo(arena+hblkhd)
         51366 MiB available memory on the node where the printing process lives
------------------
     ethr =  1.24E-05,  avg # of iterations =  2.3

     negative rho (up, down):  6.056E-02 0.000E+00

     total cpu time spent up to now is        4.9 secs

     total energy              =    -240.44143409 Ry
     estimated scf accuracy    <       0.00103390 Ry

     iteration #  5     ecut=    30.00 Ry     beta= 0.70
     Davidson diagonalization with overlap

---- Real-time Memory Report at c_bands before calling an iterative solver
           140 MiB given to the printing process from OS
             0 MiB allocation reported by mallinfo(arena+hblkhd)
         51364 MiB available memory on the node where the printing process lives
------------------
     ethr =  3.23E-06,  avg # of iterations =  3.0

     negative rho (up, down):  6.058E-02 0.000E+00

     total cpu time spent up to now is        5.5 secs

     total energy              =    -240.44160701 Ry
     estimated scf accuracy    <       0.00001658 Ry

     iteration #  6     ecut=    30.00 Ry     beta= 0.70
     Davidson diagonalization with overlap

---- Real-time Memory Report at c_bands before calling an iterative solver
           140 MiB given to the printing process from OS
             0 MiB allocation reported by mallinfo(arena+hblkhd)
         51269 MiB available memory on the node where the printing process lives
------------------
     ethr =  5.18E-08,  avg # of iterations =  1.7

     negative rho (up, down):  6.059E-02 0.000E+00

     total cpu time spent up to now is        5.9 secs

     total energy              =    -240.44160758 Ry
     estimated scf accuracy    <       0.00000254 Ry

     iteration #  7     ecut=    30.00 Ry     beta= 0.70
     Davidson diagonalization with overlap

---- Real-time Memory Report at c_bands before calling an iterative solver
           140 MiB given to the printing process from OS
             0 MiB allocation reported by mallinfo(arena+hblkhd)
         51184 MiB available memory on the node where the printing process lives
------------------
     ethr =  7.94E-09,  avg # of iterations =  1.0

     negative rho (up, down):  6.060E-02 0.000E+00

     total cpu time spent up to now is        6.6 secs

     End of self-consistent calculation

          k = 0.0000 0.0000 0.0000 (  1193 PWs)   bands (ev):

   -89.0160 -89.0041 -88.7912 -88.7775 -88.7774 -38.1313 -16.2849 -16.2848
   -15.9825   1.0098   6.5745   6.7011   6.7011   8.7277   9.1228   9.4601
     9.4601  12.6659  12.6659  15.4740  15.5639  16.4391  16.4391  16.8004
    16.8005  19.1629  19.1630  19.9035  20.7704  21.6458  21.6458  22.4918
    24.3687  24.3688  26.8565  28.3186  28.3186  30.0556  30.0556  32.4275
    32.4276  33.1577  33.2626  33.2626  33.2926  33.6011  34.9942  34.9942
    36.2763  36.3309  39.1610  39.9314  39.9315  40.3977  41.8921  41.8922
    43.2072  43.3426  43.3427  44.2391  45.8693  45.8693  47.5017  47.6399

     occupation numbers 
     1.0000   1.0000   1.0000   1.0000   1.0000   1.0000   1.0000   1.0000
     1.0000   1.0000   1.0000   1.0000   1.0000   1.0000   1.0000   1.0000
     0.0000   0.0000   0.0000   0.0000   0.0000   0.0000   0.0000   0.0000
     0.0000   0.0000   0.0000   0.0000   0.0000   0.0000   0.0000   0.0000
     0.0000   0.0000   0.0000   0.0000   0.0000   0.0000   0.0000   0.0000
     0.0000   0.0000   0.0000   0.0000   0.0000   0.0000   0.0000   0.0000
     0.0000   0.0000   0.0000   0.0000   0.0000   0.0000   0.0000   0.0000
     0.0000   0.0000   0.0000   0.0000   0.0000   0.0000   0.0000   0.0000

          k = 0.0000 0.0000 0.4397 (  1152 PWs)   bands (ev):

   -89.0023 -88.9933 -88.7813 -88.7684 -88.7683 -38.1176 -16.2608 -16.2608
   -16.1780   2.1304   5.1640   6.8120   7.0493   7.0494   8.4685   8.4686
    12.5779  13.5979  13.8884  13.8885  14.0829  14.0829  16.8652  16.8652
    17.4053  18.4913  18.4913  21.1006  23.2719  24.3052  24.4848  24.4849
    24.8140  25.7204  25.7205  29.0865  29.0865  29.6120  29.8501  30.0668
    30.7269  30.7269  31.9838  31.9838  34.2314  34.2314  35.2528  36.6203
    37.2519  37.2519  38.6391  38.6391  39.6252  39.6252  40.1012  40.5740
    40.5740  41.5102  42.0391  42.9334  43.9726  43.9726  45.8598  47.2637

     occupation numbers 
     1.0000   1.0000   1.0000   1.0000   1.0000   1.0000   1.0000   1.0000
     1.0000   1.0000   1.0000   1.0000   1.0000   1.0000   1.0000   1.0000
     0.0000   0.0000   0.0000   0.0000   0.0000   0.0000   0.0000   0.0000
     0.0000   0.0000   0.0000   0.0000   0.0000   0.0000   0.0000   0.0000
     0.0000   0.0000   0.0000   0.0000   0.0000   0.0000   0.0000   0.0000
     0.0000   0.0000   0.0000   0.0000   0.0000   0.0000   0.0000   0.0000
     0.0000   0.0000   0.0000   0.0000   0.0000   0.0000   0.0000   0.0000
     0.0000   0.0000   0.0000   0.0000   0.0000   0.0000   0.0000   0.0000

          k = 0.0000 0.3849 0.0000 (  1169 PWs)   bands (ev):

   -89.0052 -89.0018 -88.7786 -88.7768 -88.7763 -38.1308 -16.3066 -16.2917
   -15.9800   1.9528   4.0826   7.0698   7.1674   8.7642   9.6447   9.8169
    10.7807  11.9101  12.1432  14.7805  14.7809  15.2834  17.1155  17.7993
    18.0194  18.3244  20.1146  20.2743  21.0587  21.3103  22.5353  22.9369
    23.2731  23.5131  26.2187  27.2477  28.6035  28.9242  30.0418  30.2540
    31.0899  32.2118  32.7046  32.7202  35.2443  35.8634  36.1916  36.4729
    37.4227  38.1462  39.1088  39.7365  40.4373  40.7861  40.8026  41.5329
    43.4287  43.8176  44.4628  45.3289  46.1562  46.8759  47.5974  48.0184

     occupation numbers 
     1.0000   1.0000   1.0000   1.0000   1.0000   1.0000   1.0000   1.0000
     1.0000   1.0000   1.0000   1.0000   1.0000   1.0000   1.0000   1.0000
     0.0000   0.0000   0.0000   0.0000   0.0000   0.0000   0.0000   0.0000
     0.0000   0.0000   0.0000   0.0000   0.0000   0.0000   0.0000   0.0000
     0.0000   0.0000   0.0000   0.0000   0.0000   0.0000   0.0000   0.0000
     0.0000   0.0000   0.0000   0.0000   0.0000   0.0000   0.0000   0.0000
     0.0000   0.0000   0.0000   0.0000   0.0000   0.0000   0.0000   0.0000
     0.0000   0.0000   0.0000   0.0000   0.0000   0.0000   0.0000   0.0000

          k = 0.0000 0.3849 0.4397 (  1168 PWs)   bands (ev):

   -89.0030 -89.0008 -88.7842 -88.7741 -88.7712 -38.1171 -16.2825 -16.2679
   -16.1754   2.9248   4.8265   5.7805   7.4832   7.4903   8.2764   8.8447
    11.3559  11.6842  12.8661  14.7439  15.3857  15.5094  17.1930  17.7053
    18.4708  19.5445  20.0429  20.6862  20.9291  21.8260  23.3588  23.3962
    24.4267  25.2222  26.6500  27.1423  27.2308  28.3830  30.4189  30.6482
    31.6225  32.6177  33.4590  33.5705  34.4991  35.2479  35.2863  35.8371
    37.3725  37.9066  37.9719  39.0745  39.7925  40.3814  40.9808  41.5001
    42.4251  42.6205  42.9225  44.1780  45.0200  45.4727  45.9455  47.0217

     occupation numbers 
     1.0000   1.0000   1.0000   1.0000   1.0000   1.0000   1.0000   1.0000
     1.0000   1.0000   1.0000   1.0000   1.0000   1.0000   1.0000   1.0000
     0.0000   0.0000   0.0000   0.0000   0.0000   0.0000   0.0000   0.0000
     0.0000   0.0000   0.0000   0.0000   0.0000   0.0000   0.0000   0.0000
     0.0000   0.0000   0.0000   0.0000   0.0000   0.0000   0.0000   0.0000
     0.0000   0.0000   0.0000   0.0000   0.0000   0.0000   0.0000   0.0000
     0.0000   0.0000   0.0000   0.0000   0.0000   0.0000   0.0000   0.0000
     0.0000   0.0000   0.0000   0.0000   0.0000   0.0000   0.0000   0.0000

          k = 0.3333 0.5774 0.0000 (  1170 PWs)   bands (ev):

   -89.0034 -89.0034 -88.7789 -88.7788 -88.7724 -38.1305 -16.3063 -16.3063
   -15.9787   3.2836   3.2837   4.7484   9.3910   9.5368   9.5369   9.5884
     9.5884  13.2013  13.2014  14.8813  14.8813  15.2762  15.6862  16.3140
    16.6064  16.6064  20.9107  21.2814  21.2814  23.7995  23.7995  24.4496
    24.4496  24.6221  25.7194  26.0664  26.2277  26.2277  29.0748  29.0748
    30.2552  32.3287  33.1250  33.1251  33.9428  36.5647  36.5647  37.1877
    38.1943  39.7250  39.7250  40.6419  40.6420  42.1386  42.1387  42.2505
    43.0986  43.0986  43.3497  45.4540  46.4094  46.4094  47.6616  49.4801

     occupation numbers 
     1.0000   1.0000   1.0000   1.0000   1.0000   1.0000   1.0000   1.0000
     1.0000   1.0000   1.0000   1.0000   1.0000   1.0000   1.0000   1.0000
     0.0000   0.0000   0.0000   0.0000   0.0000   0.0000   0.0000   0.0000
     0.0000   0.0000   0.0000   0.0000   0.0000   0.0000   0.0000   0.0000
     0.0000   0.0000   0.0000   0.0000   0.0000   0.0000   0.0000   0.0000
     0.0000   0.0000   0.0000   0.0000   0.0000   0.0000   0.0000   0.0000
     0.0000   0.0000   0.0000   0.0000   0.0000   0.0000   0.0000   0.0000
     0.0000   0.0000   0.0000   0.0000   0.0000   0.0000   0.0000   0.0000

          k = 0.3333 0.5774 0.4397 (  1161 PWs)   bands (ev):

   -89.0003 -89.0003 -88.7762 -88.7761 -88.7723 -38.1168 -16.2824 -16.2824
   -16.1742   3.9912   3.9913   6.0889   6.7175   6.7175   8.9371  10.1915
    10.1915  11.9783  11.9783  14.4042  16.7030  17.1464  17.1464  17.5399
    18.1455  18.1455  20.1585  21.7275  21.7592  21.7592  22.2476  22.2476
    23.9923  25.8462  25.8462  26.3608  27.6422  27.6422  30.4625  30.4626
    31.9446  32.8945  33.4580  33.4581  34.8045  35.8179  35.8179  37.1739
    37.1739  37.4383  38.5816  38.5817  40.6633  41.0019  41.1962  41.1962
    42.1065  44.2072  44.2072  44.3221  45.4410  45.4410  46.0203  46.0203

     occupation numbers 
     1.0000   1.0000   1.0000   1.0000   1.0000   1.0000   1.0000   1.0000
     1.0000   1.0000   1.0000   1.0000   1.0000   1.0000   1.0000   1.0000
     0.0000   0.0000   0.0000   0.0000   0.0000   0.0000   0.0000   0.0000
     0.0000   0.0000   0.0000   0.0000   0.0000   0.0000   0.0000   0.0000
     0.0000   0.0000   0.0000   0.0000   0.0000   0.0000   0.0000   0.0000
     0.0000   0.0000   0.0000   0.0000   0.0000   0.0000   0.0000   0.0000
     0.0000   0.0000   0.0000   0.0000   0.0000   0.0000   0.0000   0.0000
     0.0000   0.0000   0.0000   0.0000   0.0000   0.0000   0.0000   0.0000

     highest occupied, lowest unoccupied level (ev):    10.1915    9.4601

!    total energy              =    -240.44160804 Ry
     estimated scf accuracy    <          9.9E-09 Ry

     The total energy is the sum of the following terms:
     one-electron contribution =     -95.09318422 Ry
     hartree contribution      =      36.51125552 Ry
     xc contribution           =     -43.24611454 Ry
     ewald contribution        =    -138.61356480 Ry

     convergence has been achieved in   7 iterations

     Writing all to output data dir calculations_bands/myprefix.save/
 
     init_run     :      2.61s CPU      0.84s WALL (       1 calls)
     electrons    :     17.68s CPU      5.54s WALL (       1 calls)

     Called by init_run:
     wfcinit      :      0.50s CPU      0.13s WALL (       1 calls)
     wfcinit:atom :      0.00s CPU      0.00s WALL (       3 calls)
     wfcinit:wfcr :      0.49s CPU      0.13s WALL (       3 calls)
     potinit      :      0.76s CPU      0.20s WALL (       1 calls)
     hinit0       :      1.13s CPU      0.41s WALL (       1 calls)

     Called by electrons:
     c_bands      :     12.01s CPU      3.78s WALL (       8 calls)
     sum_band     :      3.87s CPU      1.19s WALL (       8 calls)
     v_of_rho     :      0.23s CPU      0.07s WALL (       8 calls)
     v_h          :      0.01s CPU      0.00s WALL (       8 calls)
     v_xc         :      0.21s CPU      0.06s WALL (       8 calls)
     newd         :      1.45s CPU      0.45s WALL (       8 calls)
     mix_rho      :      0.03s CPU      0.01s WALL (       8 calls)

     Called by c_bands:
     init_us_2    :      0.06s CPU      0.02s WALL (      51 calls)
     init_us_2:cp :      0.06s CPU      0.02s WALL (      51 calls)
     cegterg      :      9.14s CPU      2.87s WALL (      24 calls)

     Called by sum_band:
     sum_band:wei :      0.00s CPU      0.00s WALL (       8 calls)
     sum_band:loo :      1.32s CPU      0.40s WALL (       8 calls)
     sum_band:buf :      0.01s CPU      0.00s WALL (      24 calls)
     sum_band:ini :      0.01s CPU      0.00s WALL (      24 calls)
     sum_band:cal :      0.04s CPU      0.01s WALL (      24 calls)
     sum_band:bec :      0.01s CPU      0.00s WALL (      24 calls)
     addusdens    :      1.25s CPU      0.41s WALL (       8 calls)
     addusd:skk   :      0.05s CPU      0.02s WALL (      16 calls)
     addusd:dgemm :      0.03s CPU      0.03s WALL (      16 calls)
     addusd:qvan2 :      0.31s CPU      0.09s WALL (      16 calls)

     Called by *egterg:
     cdiaghg      :      1.43s CPU      0.46s WALL (      71 calls)
     cegterg:over :      0.21s CPU      0.06s WALL (      50 calls)
     cegterg:upda :      0.12s CPU      0.04s WALL (      50 calls)
     cegterg:last :      0.19s CPU      0.06s WALL (      40 calls)
     cdiaghg:chol :      0.08s CPU      0.03s WALL (      71 calls)
     cdiaghg:inve :      0.01s CPU      0.00s WALL (      71 calls)
     cdiaghg:para :      0.35s CPU      0.11s WALL (     142 calls)
     h_psi        :      7.45s CPU      2.31s WALL (      77 calls)
     s_psi        :      0.04s CPU      0.01s WALL (      77 calls)
     g_psi        :      0.00s CPU      0.00s WALL (      50 calls)

     Called by h_psi:
     h_psi:calbec :      0.14s CPU      0.04s WALL (      77 calls)
     vloc_psi     :      7.24s CPU      2.25s WALL (      77 calls)
     add_vuspsi   :      0.06s CPU      0.02s WALL (      77 calls)

     General routines
     calbec       :      0.17s CPU      0.05s WALL (     101 calls)
     fft          :      0.78s CPU      0.21s WALL (     103 calls)
     ffts         :      0.62s CPU      0.17s WALL (      16 calls)
     fftw         :      7.56s CPU      2.35s WALL (    8912 calls)
     interpolate  :      0.62s CPU      0.17s WALL (       8 calls)
 
     Parallel routines
 
     PWSCF        :     21.34s CPU      8.59s WALL

 
   This run was terminated on:   2:13:52   7Jun2023            

=------------------------------------------------------------------------------=
   JOB DONE.
=------------------------------------------------------------------------------=
