
     Program PWSCF v.7.0 starts on  4Jun2023 at 16:25:28 

     This program is part of the open-source Quantum ESPRESSO suite
     for quantum simulation of materials; please cite
         "P. Giannozzi et al., J. Phys.:Condens. Matter 21 395502 (2009);
         "P. Giannozzi et al., J. Phys.:Condens. Matter 29 465901 (2017);
         "P. Giannozzi et al., J. Chem. Phys. 152 154105 (2020);
          URL http://www.quantum-espresso.org", 
     in publications or presentations arising from this work. More details at
     http://www.quantum-espresso.org/quote

     Parallel version (MPI & OpenMP), running on      32 processor cores
     Number of MPI processes:                 8
     Threads/MPI process:                     4

     MPI processes distributed on     1 nodes
     K-points division:     npool     =       2
     R & G space division:  proc/nbgrp/npool/nimage =       4
     52366 MiB available memory on the printing compute node when the environment starts
 
     Reading input from espresso_2545.pwi
Warning: card &CELL ignored
Warning: card / ignored

     Current dimensions of program PWSCF are:
     Max number of different atomic species (ntypx) = 10
     Max number of k-points (npk) =  40000
     Max angular momentum in pseudopotentials (lmaxx) =  4
     file Ba.pbe-spn-kjpaw_psl.1.0.0.UPF: wavefunction(s)  5S 6S renormalized
     Message from routine setup:
     using ibrav=0 with symmetry is DISCOURAGED, use correct ibrav instead

     Subspace diagonalization in iterative solution of the eigenvalue problem:
     one sub-group per band group will be used
     scalapack distributed-memory algorithm (size of sub-group:  2*  2 procs)

 
     Parallelization info
     --------------------
     sticks:   dense  smooth     PW     G-vecs:    dense   smooth      PW
     Min         259     127     40                 8143     2879     476
     Max         260     128     41                 8148     2882     479
     Sum        1039     511    163                32585    11523    1909
 
     Using Slab Decomposition
 


     bravais-lattice index     =            0
     lattice parameter (alat)  =       7.9112  a.u.
     unit-cell volume          =     517.2875 (a.u.)^3
     number of atoms/cell      =            3
     number of atomic types    =            2
     number of electrons       =        18.00
     number of Kohn-Sham states=           64
     kinetic-energy cutoff     =      30.0000  Ry
     charge density cutoff     =     240.0000  Ry
     scf convergence threshold =      1.0E-06
     mixing beta               =       0.7000
     number of iterations used =            8  plain     mixing
     Exchange-correlation= PBE
                           (   1   4   3   4   0   0   0)

     celldm(1)=   7.911196  celldm(2)=   0.000000  celldm(3)=   0.000000
     celldm(4)=   0.000000  celldm(5)=   0.000000  celldm(6)=   0.000000

     crystal axes: (cart. coord. in units of alat)
               a(1) = (   1.000000   0.000000   0.000000 )  
               a(2) = (  -0.500000   0.866025   0.000000 )  
               a(3) = (   0.000000   0.000000   1.206355 )  

     reciprocal axes: (cart. coord. in units 2 pi/alat)
               b(1) = (  1.000000  0.577350  0.000000 )  
               b(2) = (  0.000000  1.154701  0.000000 )  
               b(3) = (  0.000000  0.000000  0.828944 )  


     PseudoPot. # 1 for Ba read from file:
     /home/pragov/projects/rrg-bengioy-ad/pragov/crystal_structure_design/SSSP/Ba.pbe-spn-kjpaw_psl.1.0.0.UPF
     MD5 check sum: c432291d3e53af55f19d5e8866385beb
     Pseudo is Projector augmented-wave + core cor, Zval = 10.0
     Generated using "atomic" code by A. Dal Corso  v.5.1
     Shape of augmentation charge: PSQ
     Using radial grid of 1251 points,  7 beta functions with: 
                l(1) =   0
                l(2) =   0
                l(3) =   0
                l(4) =   1
                l(5) =   1
                l(6) =   2
                l(7) =   2
     Q(r) pseudized with 0 coefficients 


     PseudoPot. # 2 for Si read from file:
     /home/pragov/projects/rrg-bengioy-ad/pragov/crystal_structure_design/SSSP/Si.pbe-n-rrkjus_psl.1.0.0.UPF
     MD5 check sum: 0b0bb1205258b0d07b9f9672cf965d36
     Pseudo is Ultrasoft + core correction, Zval =  4.0
     Generated using "atomic" code by A. Dal Corso  v.5.1
     Using radial grid of 1141 points,  6 beta functions with: 
                l(1) =   0
                l(2) =   0
                l(3) =   1
                l(4) =   1
                l(5) =   2
                l(6) =   2
     Q(r) pseudized with 0 coefficients 


     atomic species   valence    mass     pseudopotential
        Ba            10.00   137.32700     Ba( 1.00)
        Si             4.00    28.08500     Si( 1.00)

     24 Sym. Ops., with inversion, found


                                    s                        frac. trans.

      isym =  1     identity                                     

 cryst.   s( 1) = (     1          0          0      )
                  (     0          1          0      )
                  (     0          0          1      )

 cart.    s( 1) = (  1.0000000 -0.0000000  0.0000000 )
                  (  0.0000000  1.0000000  0.0000000 )
                  (  0.0000000  0.0000000  1.0000000 )


      isym =  2     180 deg rotation - cart. axis [0,0,1]        

 cryst.   s( 2) = (    -1          0          0      )
                  (     0         -1          0      )
                  (     0          0          1      )

 cart.    s( 2) = ( -1.0000000  0.0000000  0.0000000 )
                  (  0.0000000 -1.0000000  0.0000000 )
                  (  0.0000000  0.0000000  1.0000000 )


      isym =  3     180 deg rotation - cart. axis [0,1,0]        

 cryst.   s( 3) = (    -1          0          0      )
                  (     1          1          0      )
                  (     0          0         -1      )

 cart.    s( 3) = ( -1.0000000 -0.0000002  0.0000000 )
                  (  0.0000000  1.0000000  0.0000000 )
                  (  0.0000000  0.0000000 -1.0000000 )


      isym =  4     180 deg rotation - cart. axis [1,0,0]        

 cryst.   s( 4) = (     1          0          0      )
                  (    -1         -1          0      )
                  (     0          0         -1      )

 cart.    s( 4) = (  1.0000000  0.0000002  0.0000000 )
                  (  0.0000000 -1.0000000  0.0000000 )
                  (  0.0000000  0.0000000 -1.0000000 )


      isym =  5      60 deg rotation - cryst. axis [0,0,1]       

 cryst.   s( 5) = (     1          1          0      )
                  (    -1          0          0      )
                  (     0          0          1      )

 cart.    s( 5) = (  0.4999999 -0.8660255  0.0000000 )
                  (  0.8660253  0.5000001  0.0000000 )
                  (  0.0000000  0.0000000  1.0000000 )


      isym =  6      60 deg rotation - cryst. axis [0,0,-1]      

 cryst.   s( 6) = (     0         -1          0      )
                  (     1          1          0      )
                  (     0          0          1      )

 cart.    s( 6) = (  0.5000001  0.8660255  0.0000000 )
                  ( -0.8660253  0.4999999  0.0000000 )
                  (  0.0000000  0.0000000  1.0000000 )


      isym =  7     120 deg rotation - cryst. axis [0,0,1]       

 cryst.   s( 7) = (     0          1          0      )
                  (    -1         -1          0      )
                  (     0          0          1      )

 cart.    s( 7) = ( -0.5000001 -0.8660255  0.0000000 )
                  (  0.8660253 -0.4999999  0.0000000 )
                  (  0.0000000  0.0000000  1.0000000 )


      isym =  8     120 deg rotation - cryst. axis [0,0,-1]      

 cryst.   s( 8) = (    -1         -1          0      )
                  (     1          0          0      )
                  (     0          0          1      )

 cart.    s( 8) = ( -0.4999999  0.8660255  0.0000000 )
                  ( -0.8660253 -0.5000001  0.0000000 )
                  (  0.0000000  0.0000000  1.0000000 )


      isym =  9     180 deg rotation - cryst. axis [1,-1,0]      

 cryst.   s( 9) = (     0         -1          0      )
                  (    -1          0          0      )
                  (     0          0         -1      )

 cart.    s( 9) = (  0.5000001 -0.8660253  0.0000000 )
                  ( -0.8660253 -0.5000001  0.0000000 )
                  (  0.0000000  0.0000000 -1.0000000 )


      isym = 10     180 deg rotation - cryst. axis [2,1,0]       

 cryst.   s(10) = (     1          1          0      )
                  (     0         -1          0      )
                  (     0          0         -1      )

 cart.    s(10) = (  0.4999999  0.8660256  0.0000000 )
                  (  0.8660253 -0.4999999  0.0000000 )
                  (  0.0000000  0.0000000 -1.0000000 )


      isym = 11     180 deg rotation - cryst. axis [0,1,0]       

 cryst.   s(11) = (    -1         -1          0      )
                  (     0          1          0      )
                  (     0          0         -1      )

 cart.    s(11) = ( -0.4999999 -0.8660256  0.0000000 )
                  ( -0.8660253  0.4999999  0.0000000 )
                  (  0.0000000  0.0000000 -1.0000000 )


      isym = 12     180 deg rotation - cryst. axis [1,1,0]       

 cryst.   s(12) = (     0          1          0      )
                  (     1          0          0      )
                  (     0          0         -1      )

 cart.    s(12) = ( -0.5000001  0.8660253  0.0000000 )
                  (  0.8660253  0.5000001  0.0000000 )
                  (  0.0000000  0.0000000 -1.0000000 )


      isym = 13     inversion                                    

 cryst.   s(13) = (    -1          0          0      )
                  (     0         -1          0      )
                  (     0          0         -1      )

 cart.    s(13) = ( -1.0000000  0.0000000  0.0000000 )
                  (  0.0000000 -1.0000000  0.0000000 )
                  (  0.0000000  0.0000000 -1.0000000 )


      isym = 14     inv. 180 deg rotation - cart. axis [0,0,1]   

 cryst.   s(14) = (     1          0          0      )
                  (     0          1          0      )
                  (     0          0         -1      )

 cart.    s(14) = (  1.0000000 -0.0000000  0.0000000 )
                  (  0.0000000  1.0000000  0.0000000 )
                  (  0.0000000  0.0000000 -1.0000000 )


      isym = 15     inv. 180 deg rotation - cart. axis [0,1,0]   

 cryst.   s(15) = (     1          0          0      )
                  (    -1         -1          0      )
                  (     0          0          1      )

 cart.    s(15) = (  1.0000000  0.0000002  0.0000000 )
                  (  0.0000000 -1.0000000  0.0000000 )
                  (  0.0000000  0.0000000  1.0000000 )


      isym = 16     inv. 180 deg rotation - cart. axis [1,0,0]   

 cryst.   s(16) = (    -1          0          0      )
                  (     1          1          0      )
                  (     0          0          1      )

 cart.    s(16) = ( -1.0000000 -0.0000002  0.0000000 )
                  (  0.0000000  1.0000000  0.0000000 )
                  (  0.0000000  0.0000000  1.0000000 )


      isym = 17     inv.  60 deg rotation - cryst. axis [0,0,1]  

 cryst.   s(17) = (    -1         -1          0      )
                  (     1          0          0      )
                  (     0          0         -1      )

 cart.    s(17) = ( -0.4999999  0.8660255  0.0000000 )
                  ( -0.8660253 -0.5000001  0.0000000 )
                  (  0.0000000  0.0000000 -1.0000000 )


      isym = 18     inv.  60 deg rotation - cryst. axis [0,0,-1] 

 cryst.   s(18) = (     0          1          0      )
                  (    -1         -1          0      )
                  (     0          0         -1      )

 cart.    s(18) = ( -0.5000001 -0.8660255  0.0000000 )
                  (  0.8660253 -0.4999999  0.0000000 )
                  (  0.0000000  0.0000000 -1.0000000 )


      isym = 19     inv. 120 deg rotation - cryst. axis [0,0,1]  

 cryst.   s(19) = (     0         -1          0      )
                  (     1          1          0      )
                  (     0          0         -1      )

 cart.    s(19) = (  0.5000001  0.8660255  0.0000000 )
                  ( -0.8660253  0.4999999  0.0000000 )
                  (  0.0000000  0.0000000 -1.0000000 )


      isym = 20     inv. 120 deg rotation - cryst. axis [0,0,-1] 

 cryst.   s(20) = (     1          1          0      )
                  (    -1          0          0      )
                  (     0          0         -1      )

 cart.    s(20) = (  0.4999999 -0.8660255  0.0000000 )
                  (  0.8660253  0.5000001  0.0000000 )
                  (  0.0000000  0.0000000 -1.0000000 )


      isym = 21     inv. 180 deg rotation - cryst. axis [1,-1,0] 

 cryst.   s(21) = (     0          1          0      )
                  (     1          0          0      )
                  (     0          0          1      )

 cart.    s(21) = ( -0.5000001  0.8660253  0.0000000 )
                  (  0.8660253  0.5000001  0.0000000 )
                  (  0.0000000  0.0000000  1.0000000 )


      isym = 22     inv. 180 deg rotation - cryst. axis [2,1,0]  

 cryst.   s(22) = (    -1         -1          0      )
                  (     0          1          0      )
                  (     0          0          1      )

 cart.    s(22) = ( -0.4999999 -0.8660256  0.0000000 )
                  ( -0.8660253  0.4999999  0.0000000 )
                  (  0.0000000  0.0000000  1.0000000 )


      isym = 23     inv. 180 deg rotation - cryst. axis [0,1,0]  

 cryst.   s(23) = (     1          1          0      )
                  (     0         -1          0      )
                  (     0          0          1      )

 cart.    s(23) = (  0.4999999  0.8660256  0.0000000 )
                  (  0.8660253 -0.4999999  0.0000000 )
                  (  0.0000000  0.0000000  1.0000000 )


      isym = 24     inv. 180 deg rotation - cryst. axis [1,1,0]  

 cryst.   s(24) = (     0         -1          0      )
                  (    -1          0          0      )
                  (     0          0          1      )

 cart.    s(24) = (  0.5000001 -0.8660253  0.0000000 )
                  ( -0.8660253 -0.5000001  0.0000000 )
                  (  0.0000000  0.0000000  1.0000000 )


   Cartesian axes

     site n.     atom                  positions (alat units)
         1           Ba  tau(   1) = (   0.0000000   0.0000000   0.0000000  )
         2           Si  tau(   2) = (   0.5000005   0.2886748   0.6031774  )
         3           Si  tau(   3) = (  -0.0000006   0.5773505   0.6031774  )

   Crystallographic axes

     site n.     atom                  positions (cryst. coord.)
         1           Ba  tau(   1) = (  0.0000000  0.0000000  0.0000000  )
         2           Si  tau(   2) = (  0.6666670  0.3333330  0.5000000  )
         3           Si  tau(   3) = (  0.3333330  0.6666670  0.5000000  )

     number of k points=     6
                       cart. coord. in units 2pi/alat
        k(    1) = (   0.0000000   0.0000000   0.0000000), wk =   0.0740741
        k(    2) = (   0.0000000   0.0000000   0.2763145), wk =   0.1481481
        k(    3) = (   0.0000000   0.3849002   0.0000000), wk =   0.4444444
        k(    4) = (   0.0000000   0.3849002   0.2763145), wk =   0.8888889
        k(    5) = (   0.3333333   0.5773503   0.0000000), wk =   0.1481481
        k(    6) = (   0.3333333   0.5773503   0.2763145), wk =   0.2962963

                       cryst. coord.
        k(    1) = (   0.0000000   0.0000000   0.0000000), wk =   0.0740741
        k(    2) = (   0.0000000   0.0000000   0.3333333), wk =   0.1481481
        k(    3) = (   0.0000000   0.3333333   0.0000000), wk =   0.4444444
        k(    4) = (   0.0000000   0.3333333   0.3333333), wk =   0.8888889
        k(    5) = (   0.3333333   0.3333333   0.0000000), wk =   0.1481481
        k(    6) = (   0.3333333   0.3333333   0.3333333), wk =   0.2962963

     Dense  grid:    32585 G-vectors     FFT dimensions: (  40,  40,  48)

     Smooth grid:    11523 G-vectors     FFT dimensions: (  27,  27,  36)

     Dynamical RAM for                 wfc:       0.35 MB

     Dynamical RAM for     wfc (w. buffer):       1.40 MB

     Dynamical RAM for           str. fact:       0.25 MB

     Dynamical RAM for           local pot:       0.00 MB

     Dynamical RAM for          nlocal pot:       0.30 MB

     Dynamical RAM for                qrad:       3.32 MB

     Dynamical RAM for          rho,v,vnew:       0.81 MB

     Dynamical RAM for               rhoin:       0.27 MB

     Dynamical RAM for            rho*nmix:       1.99 MB

     Dynamical RAM for           G-vectors:       0.49 MB

     Dynamical RAM for          h,s,v(r/c):       0.19 MB

     Dynamical RAM for          <psi|beta>:       0.05 MB

     Dynamical RAM for                 psi:       0.70 MB

     Dynamical RAM for                hpsi:       0.70 MB

     Dynamical RAM for                spsi:       0.70 MB

     Dynamical RAM for      wfcinit/wfcrot:       0.79 MB

     Dynamical RAM for           addusdens:      12.93 MB

     Estimated static dynamical RAM per process >       7.94 MB

     Estimated max dynamical RAM per process >      22.86 MB

     Estimated total dynamical RAM >     174.93 MB

     Initial potential from superposition of free atoms

     starting charge      17.9819, renormalised to      18.0000
     Starting wfcs are   13 randomized atomic wfcs +   51 random wfcs
     Checking if some PAW data can be deallocated... 
       PAW data deallocated on    5 nodes for type:  1

     total cpu time spent up to now is        1.5 secs

     Self-consistent Calculation

     iteration #  1     ecut=    30.00 Ry     beta= 0.70
     Davidson diagonalization with overlap

---- Real-time Memory Report at c_bands before calling an iterative solver
           147 MiB given to the printing process from OS
             0 MiB allocation reported by mallinfo(arena+hblkhd)
         51702 MiB available memory on the node where the printing process lives
------------------
     ethr =  1.00E-02,  avg # of iterations =  6.8

     Threshold (ethr) on eigenvalues was too large:
     Diagonalizing with lowered threshold

     Davidson diagonalization with overlap

---- Real-time Memory Report at c_bands before calling an iterative solver
           155 MiB given to the printing process from OS
             0 MiB allocation reported by mallinfo(arena+hblkhd)
         52080 MiB available memory on the node where the printing process lives
------------------
     ethr =  1.65E-04,  avg # of iterations =  3.5

     total cpu time spent up to now is        2.7 secs

     total energy              =    -459.10543404 Ry
     estimated scf accuracy    <       0.02974885 Ry

     iteration #  2     ecut=    30.00 Ry     beta= 0.70
     Davidson diagonalization with overlap

---- Real-time Memory Report at c_bands before calling an iterative solver
           164 MiB given to the printing process from OS
             0 MiB allocation reported by mallinfo(arena+hblkhd)
         52048 MiB available memory on the node where the printing process lives
------------------
     ethr =  1.65E-04,  avg # of iterations =  2.2

     total cpu time spent up to now is        3.2 secs

     total energy              =    -459.10728041 Ry
     estimated scf accuracy    <       0.00947902 Ry

     iteration #  3     ecut=    30.00 Ry     beta= 0.70
     Davidson diagonalization with overlap

---- Real-time Memory Report at c_bands before calling an iterative solver
           167 MiB given to the printing process from OS
             0 MiB allocation reported by mallinfo(arena+hblkhd)
         52034 MiB available memory on the node where the printing process lives
------------------
     ethr =  5.27E-05,  avg # of iterations =  2.0

     total cpu time spent up to now is        3.7 secs

     total energy              =    -459.10994665 Ry
     estimated scf accuracy    <       0.00208776 Ry

     iteration #  4     ecut=    30.00 Ry     beta= 0.70
     Davidson diagonalization with overlap

---- Real-time Memory Report at c_bands before calling an iterative solver
           167 MiB given to the printing process from OS
             0 MiB allocation reported by mallinfo(arena+hblkhd)
         52038 MiB available memory on the node where the printing process lives
------------------
     ethr =  1.16E-05,  avg # of iterations =  4.7

     total cpu time spent up to now is        4.2 secs

     total energy              =    -459.11029394 Ry
     estimated scf accuracy    <       0.00001709 Ry

     iteration #  5     ecut=    30.00 Ry     beta= 0.70
     Davidson diagonalization with overlap

---- Real-time Memory Report at c_bands before calling an iterative solver
           168 MiB given to the printing process from OS
             0 MiB allocation reported by mallinfo(arena+hblkhd)
         51943 MiB available memory on the node where the printing process lives
------------------
     ethr =  9.50E-08,  avg # of iterations =  4.3

     total cpu time spent up to now is        4.5 secs

     total energy              =    -459.11029570 Ry
     estimated scf accuracy    <       0.00000112 Ry

     iteration #  6     ecut=    30.00 Ry     beta= 0.70
     Davidson diagonalization with overlap

---- Real-time Memory Report at c_bands before calling an iterative solver
           168 MiB given to the printing process from OS
             0 MiB allocation reported by mallinfo(arena+hblkhd)
         51855 MiB available memory on the node where the printing process lives
------------------
     ethr =  6.21E-09,  avg # of iterations =  2.2

     total cpu time spent up to now is        4.8 secs

     End of self-consistent calculation

          k = 0.0000 0.0000 0.0000 (  1421 PWs)   bands (ev):

   -19.0907  -4.4908  -4.0387  -4.0387  -2.1629   6.4099   6.4099   6.4880
     7.7320   8.1828  10.4917  10.4918  12.3377  12.3377  12.7608  12.7608
    13.0013  13.2797  15.2851  15.2851  17.2551  18.6840  21.4280  24.6400
    25.1979  25.1979  26.6841  26.6841  27.0991  27.0991  27.3189  27.7891
    27.7891  28.1715  28.1716  28.4961  28.4961  29.4151  29.9635  30.9306
    30.9306  31.2981  31.4095  34.2141  34.2141  34.3536  35.4686  36.9291
    36.9291  37.8317  37.8318  38.3680  38.5853  39.6589  40.5239  40.5239
    41.7587  41.7587  42.6171  42.6172  44.2498  44.2499  44.4694  44.4695

     occupation numbers 
     1.0000   1.0000   1.0000   1.0000   1.0000   1.0000   1.0000   1.0000
     1.0000   0.0000   0.0000   0.0000   0.0000   0.0000   0.0000   0.0000
     0.0000   0.0000   0.0000   0.0000   0.0000   0.0000   0.0000   0.0000
     0.0000   0.0000   0.0000   0.0000   0.0000   0.0000   0.0000   0.0000
     0.0000   0.0000   0.0000   0.0000   0.0000   0.0000   0.0000   0.0000
     0.0000   0.0000   0.0000   0.0000   0.0000   0.0000   0.0000   0.0000
     0.0000   0.0000   0.0000   0.0000   0.0000   0.0000   0.0000   0.0000
     0.0000   0.0000   0.0000   0.0000   0.0000   0.0000   0.0000   0.0000

          k = 0.0000 0.0000 0.2763 (  1426 PWs)   bands (ev):

   -19.0864  -4.9170  -4.0288  -4.0288  -1.3452   4.9314   6.5720   6.5720
     7.9121   9.5220   9.5221   9.9567  11.1249  11.1249  12.0557  14.7072
    15.1590  15.1590  15.4149  17.7903  17.7904  19.3261  20.1176  20.5076
    20.5077  23.5070  23.5070  25.4289  26.2154  27.3339  27.3339  28.2932
    28.2932  29.2752  29.6410  29.6462  29.6462  29.9853  29.9854  31.7739
    31.7739  32.6141  33.3704  35.9329  36.1825  36.1825  36.4066  37.8309
    37.8309  38.3614  38.5287  38.5287  38.8254  40.2054  40.2054  41.5823
    41.6624  41.6624  41.8701  41.8701  42.2359  43.1670  43.8803  43.8806

     occupation numbers 
     1.0000   1.0000   1.0000   1.0000   1.0000   1.0000   1.0000   1.0000
     1.0000   0.0000   0.0000   0.0000   0.0000   0.0000   0.0000   0.0000
     0.0000   0.0000   0.0000   0.0000   0.0000   0.0000   0.0000   0.0000
     0.0000   0.0000   0.0000   0.0000   0.0000   0.0000   0.0000   0.0000
     0.0000   0.0000   0.0000   0.0000   0.0000   0.0000   0.0000   0.0000
     0.0000   0.0000   0.0000   0.0000   0.0000   0.0000   0.0000   0.0000
     0.0000   0.0000   0.0000   0.0000   0.0000   0.0000   0.0000   0.0000
     0.0000   0.0000   0.0000   0.0000   0.0000   0.0000   0.0000   0.0000

          k = 0.0000 0.3849 0.0000 (  1438 PWs)   bands (ev):

   -19.0400  -4.7026  -4.3572  -4.1686  -0.8666   2.4655   5.7710   6.2206
     7.7516   9.6841  10.3568  11.4782  11.4991  12.6885  13.4531  14.7726
    14.8763  15.6722  18.3426  19.1159  19.6121  20.1042  20.5798  21.1412
    21.1759  21.5882  22.1722  23.6092  23.6688  23.7675  26.1559  26.8972
    27.3527  27.8197  28.7773  29.1879  30.2194  30.3177  30.9633  30.9955
    31.2180  31.8686  32.7673  32.9001  34.4149  35.0984  35.9242  36.7381
    37.1122  37.2715  37.7522  38.3790  39.1942  39.7536  39.9253  40.5580
    40.7005  41.4077  41.9525  42.7691  43.1937  43.9419  44.3270  44.6779

     occupation numbers 
     1.0000   1.0000   1.0000   1.0000   1.0000   1.0000   1.0000   1.0000
     1.0000   0.0000   0.0000   0.0000   0.0000   0.0000   0.0000   0.0000
     0.0000   0.0000   0.0000   0.0000   0.0000   0.0000   0.0000   0.0000
     0.0000   0.0000   0.0000   0.0000   0.0000   0.0000   0.0000   0.0000
     0.0000   0.0000   0.0000   0.0000   0.0000   0.0000   0.0000   0.0000
     0.0000   0.0000   0.0000   0.0000   0.0000   0.0000   0.0000   0.0000
     0.0000   0.0000   0.0000   0.0000   0.0000   0.0000   0.0000   0.0000
     0.0000   0.0000   0.0000   0.0000   0.0000   0.0000   0.0000   0.0000

          k = 0.0000 0.3849 0.2763 (  1436 PWs)   bands (ev):

   -19.0366  -4.6497  -4.5478  -4.1531  -0.7448   2.5496   5.5072   6.1529
     7.9491   8.7686  11.7162  11.9036  12.3391  13.4235  13.6679  14.3564
    14.4174  15.9459  17.0230  17.5927  18.4921  19.4862  20.0936  20.1392
    21.6509  21.8682  22.5186  22.8481  24.4721  25.6366  26.5263  26.7932
    27.3464  28.1760  28.9965  29.4746  29.5087  30.3884  30.6064  30.8924
    31.6792  32.3810  33.1026  33.9204  34.7344  34.9924  36.6040  36.6842
    37.6142  38.2119  38.3664  38.5440  39.0135  39.4797  40.4261  40.6310
    40.9871  41.2483  42.5147  42.7906  43.7980  44.2142  44.2300  44.6993

     occupation numbers 
     1.0000   1.0000   1.0000   1.0000   1.0000   1.0000   1.0000   1.0000
     1.0000   0.0000   0.0000   0.0000   0.0000   0.0000   0.0000   0.0000
     0.0000   0.0000   0.0000   0.0000   0.0000   0.0000   0.0000   0.0000
     0.0000   0.0000   0.0000   0.0000   0.0000   0.0000   0.0000   0.0000
     0.0000   0.0000   0.0000   0.0000   0.0000   0.0000   0.0000   0.0000
     0.0000   0.0000   0.0000   0.0000   0.0000   0.0000   0.0000   0.0000
     0.0000   0.0000   0.0000   0.0000   0.0000   0.0000   0.0000   0.0000
     0.0000   0.0000   0.0000   0.0000   0.0000   0.0000   0.0000   0.0000

          k = 0.3333 0.5774 0.0000 (  1467 PWs)   bands (ev):

   -19.0143  -4.6203  -4.6203  -4.2884   0.8353   0.8354   3.7988   7.0344
     7.0344  10.5412  10.5412  11.6538  13.7651  13.7651  14.1358  15.3379
    15.3379  15.4219  17.7242  17.7243  18.7289  19.5804  21.4743  21.4744
    21.8655  21.8656  22.9459  24.7546  25.2808  25.2808  26.1296  26.1296
    26.3812  26.5859  26.5859  27.0806  27.4963  27.6437  29.4322  29.4322
    29.9424  29.9424  32.7127  34.8115  34.8115  35.3117  35.3118  35.3263
    36.6932  38.9208  38.9209  40.1859  41.0875  41.0875  41.9359  42.2718
    42.2718  43.3170  43.3171  43.4078  43.4079  43.8117  44.1454  44.3444

     occupation numbers 
     1.0000   1.0000   1.0000   1.0000   1.0000   1.0000   1.0000   1.0000
     1.0000   0.0000   0.0000   0.0000   0.0000   0.0000   0.0000   0.0000
     0.0000   0.0000   0.0000   0.0000   0.0000   0.0000   0.0000   0.0000
     0.0000   0.0000   0.0000   0.0000   0.0000   0.0000   0.0000   0.0000
     0.0000   0.0000   0.0000   0.0000   0.0000   0.0000   0.0000   0.0000
     0.0000   0.0000   0.0000   0.0000   0.0000   0.0000   0.0000   0.0000
     0.0000   0.0000   0.0000   0.0000   0.0000   0.0000   0.0000   0.0000
     0.0000   0.0000   0.0000   0.0000   0.0000   0.0000   0.0000   0.0000

          k = 0.3333 0.5774 0.2763 (  1428 PWs)   bands (ev):

   -19.0113  -4.5594  -4.5594  -4.4123   0.5421   0.5422   4.4144   7.3726
     7.3727  11.6844  11.8955  11.8955  12.4273  12.4273  12.8784  14.7606
    15.0429  15.0429  18.2650  18.2650  19.6778  20.5479  20.7079  20.7079
    21.9005  21.9005  22.6016  22.9070  22.9070  24.0163  25.3269  25.9460
    26.8289  26.8289  28.1390  28.1390  29.4996  29.4996  30.0956  30.1064
    32.2448  33.0898  33.0898  33.4045  33.4045  35.1002  35.1002  36.6581
    36.7099  37.7876  37.7876  38.3134  39.7163  40.7376  40.7376  41.2622
    42.5463  42.5463  42.6970  42.6970  43.1379  44.2556  44.2556  47.1082

     occupation numbers 
     1.0000   1.0000   1.0000   1.0000   1.0000   1.0000   1.0000   1.0000
     1.0000   0.0000   0.0000   0.0000   0.0000   0.0000   0.0000   0.0000
     0.0000   0.0000   0.0000   0.0000   0.0000   0.0000   0.0000   0.0000
     0.0000   0.0000   0.0000   0.0000   0.0000   0.0000   0.0000   0.0000
     0.0000   0.0000   0.0000   0.0000   0.0000   0.0000   0.0000   0.0000
     0.0000   0.0000   0.0000   0.0000   0.0000   0.0000   0.0000   0.0000
     0.0000   0.0000   0.0000   0.0000   0.0000   0.0000   0.0000   0.0000
     0.0000   0.0000   0.0000   0.0000   0.0000   0.0000   0.0000   0.0000

     highest occupied, lowest unoccupied level (ev):     7.9491    8.1828

!    total energy              =    -459.11029581 Ry
     estimated scf accuracy    <       0.00000004 Ry

     The total energy is the sum of the following terms:
     one-electron contribution =       4.31944430 Ry
     hartree contribution      =       6.59982191 Ry
     xc contribution           =     -32.58848073 Ry
     ewald contribution        =     -62.48831181 Ry
     one-center paw contrib.   =    -374.95276948 Ry
      -> PAW hartree energy AE =      28.91799671 Ry
      -> PAW hartree energy PS =     -28.81249851 Ry
      -> PAW xc energy AE      =    -394.24717450 Ry
      -> PAW xc energy PS      =      19.18890682 Ry
      -> total E_H with PAW    =       6.70532012 Ry
      -> total E_XC with PAW   =    -407.64674841 Ry

     convergence has been achieved in   6 iterations

     Writing all to output data dir calculations_bands/myprefix.save/
 
     init_run     :      3.98s CPU      1.18s WALL (       1 calls)
     electrons    :     12.81s CPU      3.41s WALL (       1 calls)

     Called by init_run:
     wfcinit      :      0.23s CPU      0.06s WALL (       1 calls)
     wfcinit:atom :      0.00s CPU      0.00s WALL (       3 calls)
     wfcinit:wfcr :      0.21s CPU      0.06s WALL (       3 calls)
     potinit      :      1.00s CPU      0.27s WALL (       1 calls)
     hinit0       :      2.24s CPU      0.61s WALL (       1 calls)

     Called by electrons:
     c_bands      :      7.86s CPU      2.05s WALL (       7 calls)
     sum_band     :      1.89s CPU      0.53s WALL (       7 calls)
     v_of_rho     :      0.16s CPU      0.04s WALL (       7 calls)
     v_h          :      0.01s CPU      0.00s WALL (       7 calls)
     v_xc         :      0.15s CPU      0.04s WALL (       7 calls)
     newd         :      1.23s CPU      0.35s WALL (       7 calls)
     PAW_pot      :      1.69s CPU      0.45s WALL (       7 calls)
     mix_rho      :      0.03s CPU      0.01s WALL (       7 calls)

     Called by c_bands:
     init_us_2    :      0.02s CPU      0.01s WALL (      45 calls)
     init_us_2:cp :      0.02s CPU      0.01s WALL (      45 calls)
     cegterg      :      4.56s CPU      1.19s WALL (      21 calls)

     Called by sum_band:
     sum_band:wei :      0.05s CPU      0.01s WALL (       7 calls)
     sum_band:loo :      0.68s CPU      0.17s WALL (       7 calls)
     sum_band:buf :      0.01s CPU      0.00s WALL (      21 calls)
     sum_band:ini :      0.01s CPU      0.00s WALL (      21 calls)
     sum_band:cal :      0.02s CPU      0.01s WALL (      21 calls)
     sum_band:bec :      0.00s CPU      0.00s WALL (      21 calls)
     addusdens    :      0.58s CPU      0.18s WALL (       7 calls)
     addusd:skk   :      0.00s CPU      0.00s WALL (      14 calls)
     addusd:dgemm :      0.05s CPU      0.04s WALL (      14 calls)
     addusd:qvan2 :      0.22s CPU      0.06s WALL (      14 calls)

     Called by *egterg:
     cdiaghg      :      1.33s CPU      0.35s WALL (      82 calls)
     cegterg:over :      0.19s CPU      0.05s WALL (      64 calls)
     cegterg:upda :      0.09s CPU      0.02s WALL (      64 calls)
     cegterg:last :      0.16s CPU      0.04s WALL (      50 calls)
     cdiaghg:chol :      0.09s CPU      0.02s WALL (      82 calls)
     cdiaghg:inve :      0.02s CPU      0.01s WALL (      82 calls)
     cdiaghg:para :      0.22s CPU      0.06s WALL (     164 calls)
     h_psi        :      2.88s CPU      0.75s WALL (      88 calls)
     s_psi        :      0.02s CPU      0.00s WALL (      88 calls)
     g_psi        :      0.00s CPU      0.00s WALL (      64 calls)

     Called by h_psi:
     h_psi:calbec :      0.07s CPU      0.02s WALL (      88 calls)
     vloc_psi     :      2.78s CPU      0.72s WALL (      88 calls)
     add_vuspsi   :      0.02s CPU      0.01s WALL (      88 calls)

     General routines
     calbec       :      0.09s CPU      0.02s WALL (     109 calls)
     fft          :      1.16s CPU      0.33s WALL (      90 calls)
     ffts         :      0.45s CPU      0.12s WALL (      14 calls)
     fftw         :      3.02s CPU      0.78s WALL (    8320 calls)
     interpolate  :      0.46s CPU      0.12s WALL (       7 calls)
 
     Parallel routines

     PAW routines
     PAW_pot      :      1.69s CPU      0.45s WALL (       7 calls)
     PAW_symme    :      0.01s CPU      0.00s WALL (      14 calls)
 
     PWSCF        :     17.60s CPU      5.12s WALL

 
   This run was terminated on:  16:25:34   4Jun2023            

=------------------------------------------------------------------------------=
   JOB DONE.
=------------------------------------------------------------------------------=
