
     Program PWSCF v.7.0 starts on  4Jun2023 at 23:20: 5 

     This program is part of the open-source Quantum ESPRESSO suite
     for quantum simulation of materials; please cite
         "P. Giannozzi et al., J. Phys.:Condens. Matter 21 395502 (2009);
         "P. Giannozzi et al., J. Phys.:Condens. Matter 29 465901 (2017);
         "P. Giannozzi et al., J. Chem. Phys. 152 154105 (2020);
          URL http://www.quantum-espresso.org", 
     in publications or presentations arising from this work. More details at
     http://www.quantum-espresso.org/quote

     Parallel version (MPI & OpenMP), running on      32 processor cores
     Number of MPI processes:                 8
     Threads/MPI process:                     4

     MPI processes distributed on     1 nodes
     K-points division:     npool     =       2
     R & G space division:  proc/nbgrp/npool/nimage =       4
     139338 MiB available memory on the printing compute node when the environment starts
 
     Reading input from espresso_9221.pwi
Warning: card &CELL ignored
Warning: card / ignored

     Current dimensions of program PWSCF are:
     Max number of different atomic species (ntypx) = 10
     Max number of k-points (npk) =  40000
     Max angular momentum in pseudopotentials (lmaxx) =  4
     file Nb.pbe-spn-kjpaw_psl.0.3.0.UPF: wavefunction(s)  4S 4P renormalized
     Message from routine setup:
     using ibrav=0 with symmetry is DISCOURAGED, use correct ibrav instead

     Subspace diagonalization in iterative solution of the eigenvalue problem:
     one sub-group per band group will be used
     scalapack distributed-memory algorithm (size of sub-group:  2*  2 procs)

 
     Parallelization info
     --------------------
     sticks:   dense  smooth     PW     G-vecs:    dense   smooth      PW
     Min         139      70     21                 5473     1930     353
     Max         140      71     22                 5478     1933     362
     Sum         559     283     85                21905     7727    1427
 
     Using Slab Decomposition
 


     bravais-lattice index     =            0
     lattice parameter (alat)  =       5.7981  a.u.
     unit-cell volume          =     349.4139 (a.u.)^3
     number of atoms/cell      =            6
     number of atomic types    =            3
     number of electrons       =        38.00
     number of Kohn-Sham states=           64
     kinetic-energy cutoff     =      30.0000  Ry
     charge density cutoff     =     240.0000  Ry
     scf convergence threshold =      1.0E-06
     mixing beta               =       0.7000
     number of iterations used =            8  plain     mixing
     Exchange-correlation=  SLA  PW   PBX  PBC
                           (   1   4   3   4   0   0   0)

     celldm(1)=   5.798053  celldm(2)=   0.000000  celldm(3)=   0.000000
     celldm(4)=   0.000000  celldm(5)=   0.000000  celldm(6)=   0.000000

     crystal axes: (cart. coord. in units of alat)
               a(1) = (   1.000000   0.000000   0.000000 )  
               a(2) = (  -0.500000   0.866025   0.000000 )  
               a(3) = (   0.000000   0.000000   2.069965 )  

     reciprocal axes: (cart. coord. in units 2 pi/alat)
               b(1) = (  1.000000  0.577350  0.000000 )  
               b(2) = (  0.000000  1.154700  0.000000 )  
               b(3) = (  0.000000  0.000000  0.483100 )  


     PseudoPot. # 1 for Nb read from file:
     /home/pragov/projects/rrg-bengioy-ad/pragov/crystal_structure_design/SSSP/Nb.pbe-spn-kjpaw_psl.0.3.0.UPF
     MD5 check sum: 411d72ad547312f8017e2943ceca08cc
     Pseudo is Projector augmented-wave + core cor, Zval = 13.0
     Generated using "atomic" code by A. Dal Corso  v.5.0.99 svn rev. 10869
     Shape of augmentation charge: PSQ
     Using radial grid of 1227 points,  6 beta functions with: 
                l(1) =   0
                l(2) =   0
                l(3) =   1
                l(4) =   1
                l(5) =   2
                l(6) =   2
     Q(r) pseudized with 0 coefficients 


     PseudoPot. # 2 for V  read from file:
     /home/pragov/projects/rrg-bengioy-ad/pragov/crystal_structure_design/SSSP/v_pbe_v1.4.uspp.F.UPF
     MD5 check sum: 22b79981416ebb76fdaf5b1b8640f6fb
     Pseudo is Ultrasoft + core correction, Zval = 13.0
     Generated by new atomic code, or converted to UPF format
     Using radial grid of  853 points,  6 beta functions with: 
                l(1) =   0
                l(2) =   0
                l(3) =   1
                l(4) =   1
                l(5) =   2
                l(6) =   2
     Q(r) pseudized with  8 coefficients,  rinner =    1.100   1.100   1.100
                                                       1.100   1.100

     PseudoPot. # 3 for B  read from file:
     /home/pragov/projects/rrg-bengioy-ad/pragov/crystal_structure_design/SSSP/b_pbe_v1.4.uspp.F.UPF
     MD5 check sum: cc6de2960df11db49a60e589f9ebb39b
     Pseudo is Ultrasoft + core correction, Zval =  3.0
     Generated by new atomic code, or converted to UPF format
     Using radial grid of  781 points,  4 beta functions with: 
                l(1) =   0
                l(2) =   0
                l(3) =   1
                l(4) =   1
     Q(r) pseudized with  8 coefficients,  rinner =    1.100   1.100   1.100


     atomic species   valence    mass     pseudopotential
        Nb            13.00    92.90637     Nb( 1.00)
        V             13.00    50.94150     V ( 1.00)
        B              3.00    10.81000     B ( 1.00)

     24 Sym. Ops., with inversion, found


                                    s                        frac. trans.

      isym =  1     identity                                     

 cryst.   s( 1) = (     1          0          0      )
                  (     0          1          0      )
                  (     0          0          1      )

 cart.    s( 1) = (  1.0000000 -0.0000000  0.0000000 )
                  (  0.0000000  1.0000000  0.0000000 )
                  (  0.0000000  0.0000000  1.0000000 )


      isym =  2     180 deg rotation - cart. axis [0,0,1]        

 cryst.   s( 2) = (    -1          0          0      )
                  (     0         -1          0      )
                  (     0          0          1      )

 cart.    s( 2) = ( -1.0000000  0.0000000  0.0000000 )
                  (  0.0000000 -1.0000000  0.0000000 )
                  (  0.0000000  0.0000000  1.0000000 )


      isym =  3     180 deg rotation - cart. axis [0,1,0]        

 cryst.   s( 3) = (    -1          0          0      )
                  (     1          1          0      )
                  (     0          0         -1      )

 cart.    s( 3) = ( -1.0000000  0.0000003  0.0000000 )
                  (  0.0000000  1.0000000  0.0000000 )
                  (  0.0000000  0.0000000 -1.0000000 )


      isym =  4     180 deg rotation - cart. axis [1,0,0]        

 cryst.   s( 4) = (     1          0          0      )
                  (    -1         -1          0      )
                  (     0          0         -1      )

 cart.    s( 4) = (  1.0000000 -0.0000003  0.0000000 )
                  (  0.0000000 -1.0000000  0.0000000 )
                  (  0.0000000  0.0000000 -1.0000000 )


      isym =  5      60 deg rotation - cryst. axis [0,0,1]       

 cryst.   s( 5) = (     1          1          0      )
                  (    -1          0          0      )
                  (     0          0          1      )

 cart.    s( 5) = (  0.5000001 -0.8660253  0.0000000 )
                  (  0.8660255  0.4999999  0.0000000 )
                  (  0.0000000  0.0000000  1.0000000 )


      isym =  6      60 deg rotation - cryst. axis [0,0,-1]      

 cryst.   s( 6) = (     0         -1          0      )
                  (     1          1          0      )
                  (     0          0          1      )

 cart.    s( 6) = (  0.4999999  0.8660253  0.0000000 )
                  ( -0.8660255  0.5000001  0.0000000 )
                  (  0.0000000  0.0000000  1.0000000 )


      isym =  7     120 deg rotation - cryst. axis [0,0,1]       

 cryst.   s( 7) = (     0          1          0      )
                  (    -1         -1          0      )
                  (     0          0          1      )

 cart.    s( 7) = ( -0.4999999 -0.8660253  0.0000000 )
                  (  0.8660255 -0.5000001  0.0000000 )
                  (  0.0000000  0.0000000  1.0000000 )


      isym =  8     120 deg rotation - cryst. axis [0,0,-1]      

 cryst.   s( 8) = (    -1         -1          0      )
                  (     1          0          0      )
                  (     0          0          1      )

 cart.    s( 8) = ( -0.5000001  0.8660253  0.0000000 )
                  ( -0.8660255 -0.4999999  0.0000000 )
                  (  0.0000000  0.0000000  1.0000000 )


      isym =  9     180 deg rotation - cryst. axis [1,-1,0]      

 cryst.   s( 9) = (     0         -1          0      )
                  (    -1          0          0      )
                  (     0          0         -1      )

 cart.    s( 9) = (  0.4999999 -0.8660255  0.0000000 )
                  ( -0.8660255 -0.4999999  0.0000000 )
                  (  0.0000000  0.0000000 -1.0000000 )


      isym = 10     180 deg rotation - cryst. axis [2,1,0]       

 cryst.   s(10) = (     1          1          0      )
                  (     0         -1          0      )
                  (     0          0         -1      )

 cart.    s(10) = (  0.5000001  0.8660252  0.0000000 )
                  (  0.8660255 -0.5000001  0.0000000 )
                  (  0.0000000  0.0000000 -1.0000000 )


      isym = 11     180 deg rotation - cryst. axis [0,1,0]       

 cryst.   s(11) = (    -1         -1          0      )
                  (     0          1          0      )
                  (     0          0         -1      )

 cart.    s(11) = ( -0.5000001 -0.8660252  0.0000000 )
                  ( -0.8660255  0.5000001  0.0000000 )
                  (  0.0000000  0.0000000 -1.0000000 )


      isym = 12     180 deg rotation - cryst. axis [1,1,0]       

 cryst.   s(12) = (     0          1          0      )
                  (     1          0          0      )
                  (     0          0         -1      )

 cart.    s(12) = ( -0.4999999  0.8660255  0.0000000 )
                  (  0.8660255  0.4999999  0.0000000 )
                  (  0.0000000  0.0000000 -1.0000000 )


      isym = 13     inversion                                    

 cryst.   s(13) = (    -1          0          0      )
                  (     0         -1          0      )
                  (     0          0         -1      )

 cart.    s(13) = ( -1.0000000  0.0000000  0.0000000 )
                  (  0.0000000 -1.0000000  0.0000000 )
                  (  0.0000000  0.0000000 -1.0000000 )


      isym = 14     inv. 180 deg rotation - cart. axis [0,0,1]   

 cryst.   s(14) = (     1          0          0      )
                  (     0          1          0      )
                  (     0          0         -1      )

 cart.    s(14) = (  1.0000000 -0.0000000  0.0000000 )
                  (  0.0000000  1.0000000  0.0000000 )
                  (  0.0000000  0.0000000 -1.0000000 )


      isym = 15     inv. 180 deg rotation - cart. axis [0,1,0]   

 cryst.   s(15) = (     1          0          0      )
                  (    -1         -1          0      )
                  (     0          0          1      )

 cart.    s(15) = (  1.0000000 -0.0000003  0.0000000 )
                  (  0.0000000 -1.0000000  0.0000000 )
                  (  0.0000000  0.0000000  1.0000000 )


      isym = 16     inv. 180 deg rotation - cart. axis [1,0,0]   

 cryst.   s(16) = (    -1          0          0      )
                  (     1          1          0      )
                  (     0          0          1      )

 cart.    s(16) = ( -1.0000000  0.0000003  0.0000000 )
                  (  0.0000000  1.0000000  0.0000000 )
                  (  0.0000000  0.0000000  1.0000000 )


      isym = 17     inv.  60 deg rotation - cryst. axis [0,0,1]  

 cryst.   s(17) = (    -1         -1          0      )
                  (     1          0          0      )
                  (     0          0         -1      )

 cart.    s(17) = ( -0.5000001  0.8660253  0.0000000 )
                  ( -0.8660255 -0.4999999  0.0000000 )
                  (  0.0000000  0.0000000 -1.0000000 )


      isym = 18     inv.  60 deg rotation - cryst. axis [0,0,-1] 

 cryst.   s(18) = (     0          1          0      )
                  (    -1         -1          0      )
                  (     0          0         -1      )

 cart.    s(18) = ( -0.4999999 -0.8660253  0.0000000 )
                  (  0.8660255 -0.5000001  0.0000000 )
                  (  0.0000000  0.0000000 -1.0000000 )


      isym = 19     inv. 120 deg rotation - cryst. axis [0,0,1]  

 cryst.   s(19) = (     0         -1          0      )
                  (     1          1          0      )
                  (     0          0         -1      )

 cart.    s(19) = (  0.4999999  0.8660253  0.0000000 )
                  ( -0.8660255  0.5000001  0.0000000 )
                  (  0.0000000  0.0000000 -1.0000000 )


      isym = 20     inv. 120 deg rotation - cryst. axis [0,0,-1] 

 cryst.   s(20) = (     1          1          0      )
                  (    -1          0          0      )
                  (     0          0         -1      )

 cart.    s(20) = (  0.5000001 -0.8660253  0.0000000 )
                  (  0.8660255  0.4999999  0.0000000 )
                  (  0.0000000  0.0000000 -1.0000000 )


      isym = 21     inv. 180 deg rotation - cryst. axis [1,-1,0] 

 cryst.   s(21) = (     0          1          0      )
                  (     1          0          0      )
                  (     0          0          1      )

 cart.    s(21) = ( -0.4999999  0.8660255  0.0000000 )
                  (  0.8660255  0.4999999  0.0000000 )
                  (  0.0000000  0.0000000  1.0000000 )


      isym = 22     inv. 180 deg rotation - cryst. axis [2,1,0]  

 cryst.   s(22) = (    -1         -1          0      )
                  (     0          1          0      )
                  (     0          0          1      )

 cart.    s(22) = ( -0.5000001 -0.8660252  0.0000000 )
                  ( -0.8660255  0.5000001  0.0000000 )
                  (  0.0000000  0.0000000  1.0000000 )


      isym = 23     inv. 180 deg rotation - cryst. axis [0,1,0]  

 cryst.   s(23) = (     1          1          0      )
                  (     0         -1          0      )
                  (     0          0          1      )

 cart.    s(23) = (  0.5000001  0.8660252  0.0000000 )
                  (  0.8660255 -0.5000001  0.0000000 )
                  (  0.0000000  0.0000000  1.0000000 )


      isym = 24     inv. 180 deg rotation - cryst. axis [1,1,0]  

 cryst.   s(24) = (     0         -1          0      )
                  (    -1          0          0      )
                  (     0          0          1      )

 cart.    s(24) = (  0.4999999 -0.8660255  0.0000000 )
                  ( -0.8660255 -0.4999999  0.0000000 )
                  (  0.0000000  0.0000000  1.0000000 )


   Cartesian axes

     site n.     atom                  positions (alat units)
         1           Nb  tau(   1) = (   0.0000000   0.0000000   0.0000000  )
         2           V   tau(   2) = (   0.0000000   0.0000000   1.0349824  )
         3           B   tau(   3) = (   0.5000005   0.2886749   1.5210039  )
         4           B   tau(   4) = (   0.5000005   0.2886749   0.5489609  )
         5           B   tau(   5) = (  -0.0000004   0.5773506   1.5210039  )
         6           B   tau(   6) = (  -0.0000004   0.5773506   0.5489609  )

   Crystallographic axes

     site n.     atom                  positions (cryst. coord.)
         1           Nb  tau(   1) = (  0.0000000  0.0000000  0.0000000  )
         2           V   tau(   2) = (  0.0000000  0.0000000  0.5000000  )
         3           B   tau(   3) = (  0.6666670  0.3333330  0.7347970  )
         4           B   tau(   4) = (  0.6666670  0.3333330  0.2652030  )
         5           B   tau(   5) = (  0.3333330  0.6666670  0.7347970  )
         6           B   tau(   6) = (  0.3333330  0.6666670  0.2652030  )

     number of k points=     6
                       cart. coord. in units 2pi/alat
        k(    1) = (   0.0000000   0.0000000   0.0000000), wk =   0.0740741
        k(    2) = (   0.0000000   0.0000000   0.1610333), wk =   0.1481481
        k(    3) = (   0.0000000   0.3849001   0.0000000), wk =   0.4444444
        k(    4) = (   0.0000000   0.3849001   0.1610333), wk =   0.8888889
        k(    5) = (   0.3333333   0.5773502   0.0000000), wk =   0.1481481
        k(    6) = (   0.3333333   0.5773502   0.1610333), wk =   0.2962963

                       cryst. coord.
        k(    1) = (   0.0000000   0.0000000   0.0000000), wk =   0.0740741
        k(    2) = (   0.0000000   0.0000000   0.3333333), wk =   0.1481481
        k(    3) = (   0.0000000   0.3333333   0.0000000), wk =   0.4444444
        k(    4) = (   0.0000000   0.3333333   0.3333333), wk =   0.8888889
        k(    5) = (   0.3333333   0.3333333   0.0000000), wk =   0.1481481
        k(    6) = (   0.3333333   0.3333333   0.3333333), wk =   0.2962963

     Dense  grid:    21905 G-vectors     FFT dimensions: (  30,  30,  60)

     Smooth grid:     7727 G-vectors     FFT dimensions: (  24,  24,  45)

     Dynamical RAM for                 wfc:       0.24 MB

     Dynamical RAM for     wfc (w. buffer):       0.95 MB

     Dynamical RAM for           str. fact:       0.25 MB

     Dynamical RAM for           local pot:       0.00 MB

     Dynamical RAM for          nlocal pot:       0.25 MB

     Dynamical RAM for                qrad:       3.73 MB

     Dynamical RAM for          rho,v,vnew:       0.56 MB

     Dynamical RAM for               rhoin:       0.19 MB

     Dynamical RAM for            rho*nmix:       1.34 MB

     Dynamical RAM for           G-vectors:       0.33 MB

     Dynamical RAM for          h,s,v(r/c):       0.19 MB

     Dynamical RAM for          <psi|beta>:       0.07 MB

     Dynamical RAM for                 psi:       0.47 MB

     Dynamical RAM for                hpsi:       0.47 MB

     Dynamical RAM for                spsi:       0.47 MB

     Dynamical RAM for      wfcinit/wfcrot:       0.57 MB

     Dynamical RAM for           addusdens:       7.97 MB

     Estimated static dynamical RAM per process >       7.10 MB

     Estimated max dynamical RAM per process >      16.41 MB

     Estimated total dynamical RAM >     125.95 MB

     Check: negative core charge=   -0.000012

     Initial potential from superposition of free atoms

     starting charge      37.9955, renormalised to      38.0000

     negative rho (up, down):  1.416E-03 0.000E+00
     Starting wfcs are   36 randomized atomic wfcs +   28 random wfcs
     Checking if some PAW data can be deallocated... 
       PAW data deallocated on    6 nodes for type:  1

     total cpu time spent up to now is        2.6 secs

     Self-consistent Calculation

     iteration #  1     ecut=    30.00 Ry     beta= 0.70
     Davidson diagonalization with overlap

---- Real-time Memory Report at c_bands before calling an iterative solver
           159 MiB given to the printing process from OS
             0 MiB allocation reported by mallinfo(arena+hblkhd)
        139003 MiB available memory on the node where the printing process lives
------------------
     ethr =  1.00E-02,  avg # of iterations =  6.2

     negative rho (up, down):  1.736E-03 0.000E+00

     total cpu time spent up to now is        5.8 secs

     total energy              =    -503.94010335 Ry
     estimated scf accuracy    <       1.93538946 Ry

     iteration #  2     ecut=    30.00 Ry     beta= 0.70
     Davidson diagonalization with overlap

---- Real-time Memory Report at c_bands before calling an iterative solver
           177 MiB given to the printing process from OS
             0 MiB allocation reported by mallinfo(arena+hblkhd)
        138897 MiB available memory on the node where the printing process lives
------------------
     ethr =  5.09E-03,  avg # of iterations =  2.8

     negative rho (up, down):  1.918E-03 0.000E+00

     total cpu time spent up to now is        8.5 secs

     total energy              =    -501.33679069 Ry
     estimated scf accuracy    <      35.78390074 Ry

     iteration #  3     ecut=    30.00 Ry     beta= 0.70
     Davidson diagonalization with overlap

---- Real-time Memory Report at c_bands before calling an iterative solver
           179 MiB given to the printing process from OS
             0 MiB allocation reported by mallinfo(arena+hblkhd)
        138885 MiB available memory on the node where the printing process lives
------------------
     ethr =  5.09E-03,  avg # of iterations =  2.5

     negative rho (up, down):  1.529E-03 0.000E+00

     total cpu time spent up to now is        9.5 secs

     total energy              =    -504.19505586 Ry
     estimated scf accuracy    <      11.99904880 Ry

     iteration #  4     ecut=    30.00 Ry     beta= 0.70
     Davidson diagonalization with overlap

---- Real-time Memory Report at c_bands before calling an iterative solver
           179 MiB given to the printing process from OS
             0 MiB allocation reported by mallinfo(arena+hblkhd)
        138886 MiB available memory on the node where the printing process lives
------------------
     ethr =  5.09E-03,  avg # of iterations =  1.0

     negative rho (up, down):  1.616E-03 0.000E+00

     total cpu time spent up to now is       10.7 secs

     total energy              =    -505.11433124 Ry
     estimated scf accuracy    <       0.09191679 Ry

     iteration #  5     ecut=    30.00 Ry     beta= 0.70
     Davidson diagonalization with overlap

---- Real-time Memory Report at c_bands before calling an iterative solver
           179 MiB given to the printing process from OS
             0 MiB allocation reported by mallinfo(arena+hblkhd)
        138882 MiB available memory on the node where the printing process lives
------------------
     ethr =  2.42E-04,  avg # of iterations =  1.7

     negative rho (up, down):  1.665E-03 0.000E+00

     total cpu time spent up to now is       11.9 secs

     total energy              =    -505.11553636 Ry
     estimated scf accuracy    <       0.02044647 Ry

     iteration #  6     ecut=    30.00 Ry     beta= 0.70
     Davidson diagonalization with overlap

---- Real-time Memory Report at c_bands before calling an iterative solver
           179 MiB given to the printing process from OS
             0 MiB allocation reported by mallinfo(arena+hblkhd)
        138884 MiB available memory on the node where the printing process lives
------------------
     ethr =  5.38E-05,  avg # of iterations =  2.8

     negative rho (up, down):  1.729E-03 0.000E+00

     total cpu time spent up to now is       13.1 secs

     total energy              =    -505.11443431 Ry
     estimated scf accuracy    <       0.00482685 Ry

     iteration #  7     ecut=    30.00 Ry     beta= 0.70
     Davidson diagonalization with overlap

---- Real-time Memory Report at c_bands before calling an iterative solver
           179 MiB given to the printing process from OS
             0 MiB allocation reported by mallinfo(arena+hblkhd)
        138896 MiB available memory on the node where the printing process lives
------------------
     ethr =  1.27E-05,  avg # of iterations =  2.8

     negative rho (up, down):  1.727E-03 0.000E+00

     total cpu time spent up to now is       14.1 secs

     total energy              =    -505.11534375 Ry
     estimated scf accuracy    <       0.00009667 Ry

     iteration #  8     ecut=    30.00 Ry     beta= 0.70
     Davidson diagonalization with overlap

---- Real-time Memory Report at c_bands before calling an iterative solver
           179 MiB given to the printing process from OS
             0 MiB allocation reported by mallinfo(arena+hblkhd)
        138885 MiB available memory on the node where the printing process lives
------------------
     ethr =  2.54E-07,  avg # of iterations =  2.7

     negative rho (up, down):  1.726E-03 0.000E+00

     total cpu time spent up to now is       15.0 secs

     total energy              =    -505.11535593 Ry
     estimated scf accuracy    <       0.00000377 Ry

     iteration #  9     ecut=    30.00 Ry     beta= 0.70
     Davidson diagonalization with overlap

---- Real-time Memory Report at c_bands before calling an iterative solver
           179 MiB given to the printing process from OS
             0 MiB allocation reported by mallinfo(arena+hblkhd)
        138887 MiB available memory on the node where the printing process lives
------------------
     ethr =  9.92E-09,  avg # of iterations =  1.8

     negative rho (up, down):  1.725E-03 0.000E+00

     total cpu time spent up to now is       15.9 secs

     End of self-consistent calculation

          k = 0.0000 0.0000 0.0000 (   945 PWs)   bands (ev):

   -46.7704 -38.2019 -20.7796 -20.5313 -20.5313 -14.4652 -13.9647 -13.9647
     3.2237   5.5515   8.9539  13.5578  13.5578  13.9322  14.8846  16.0269
    16.0269  16.0568  16.0568  16.7013  16.7013  18.6430  18.6873  18.6873
    20.6996  20.6997  22.1832  22.1900  22.1901  23.0721  25.3190  26.7872
    26.8363  27.9920  27.9921  29.7247  33.5159  35.0052  35.0053  36.0540
    36.9511  36.9511  37.0364  37.0365  37.8642  38.9753  44.7642  44.7642
    44.8328  45.1620  45.8501  45.8501  47.6923  48.7129  48.7129  49.0528
    49.0529  49.4866  49.4866  51.4236  51.4236  51.9456  55.0880  55.6045

     occupation numbers 
     1.0000   1.0000   1.0000   1.0000   1.0000   1.0000   1.0000   1.0000
     1.0000   1.0000   1.0000   1.0000   1.0000   1.0000   1.0000   1.0000
     1.0000   1.0000   1.0000   0.0000   0.0000   0.0000   0.0000   0.0000
     0.0000   0.0000   0.0000   0.0000   0.0000   0.0000   0.0000   0.0000
     0.0000   0.0000   0.0000   0.0000   0.0000   0.0000   0.0000   0.0000
     0.0000   0.0000   0.0000   0.0000   0.0000   0.0000   0.0000   0.0000
     0.0000   0.0000   0.0000   0.0000   0.0000   0.0000   0.0000   0.0000
     0.0000   0.0000   0.0000   0.0000   0.0000   0.0000   0.0000   0.0000

          k = 0.0000 0.0000 0.1610 (   951 PWs)   bands (ev):

   -46.7705 -38.2020 -20.7758 -20.5330 -20.5330 -14.4685 -13.9650 -13.9650
     3.6439   4.7199  10.1472  12.2770  13.8749  13.8749  14.8328  14.8328
    16.2184  16.4886  16.4887  17.6785  17.6785  17.8909  18.2279  18.2279
    19.9444  19.9444  22.1948  23.0627  23.7661  23.7662  25.3193  26.4943
    26.4944  26.7811  27.8996  30.2757  32.0558  34.6567  34.6567  34.7093
    37.9769  38.2363  38.2363  38.8780  38.8780  41.6703  42.7751  42.7751
    43.6178  43.6178  44.5422  44.8324  46.5853  48.0374  48.0374  49.4349
    49.4349  50.9131  50.9131  51.1134  51.3482  51.3482  55.3313  55.3314

     occupation numbers 
     1.0000   1.0000   1.0000   1.0000   1.0000   1.0000   1.0000   1.0000
     1.0000   1.0000   1.0000   1.0000   1.0000   1.0000   1.0000   1.0000
     1.0000   1.0000   1.0000   0.0000   0.0000   0.0000   0.0000   0.0000
     0.0000   0.0000   0.0000   0.0000   0.0000   0.0000   0.0000   0.0000
     0.0000   0.0000   0.0000   0.0000   0.0000   0.0000   0.0000   0.0000
     0.0000   0.0000   0.0000   0.0000   0.0000   0.0000   0.0000   0.0000
     0.0000   0.0000   0.0000   0.0000   0.0000   0.0000   0.0000   0.0000
     0.0000   0.0000   0.0000   0.0000   0.0000   0.0000   0.0000   0.0000

          k = 0.0000 0.3849 0.0000 (   971 PWs)   bands (ev):

   -46.7518 -38.1270 -20.7471 -20.6993 -20.5725 -14.5702 -14.3390 -14.1025
     5.2340   6.2410   9.8352  10.6414  11.3722  12.2253  13.5264  13.5837
    13.6748  14.5825  18.1419  18.6152  18.9421  19.3246  19.4101  19.6574
    20.9200  21.1919  23.3247  23.7185  24.3071  25.0585  26.4126  28.2401
    28.8792  29.4846  29.7381  29.9065  30.1097  34.1232  35.0548  35.1607
    35.9553  36.9637  38.0297  38.3762  38.8193  40.3543  41.3951  43.4769
    43.7068  43.9297  44.2718  44.2742  45.3816  47.3733  47.6235  49.8932
    49.9454  50.2774  50.6352  52.3946  52.9939  53.1730  53.9435  55.1497

     occupation numbers 
     1.0000   1.0000   1.0000   1.0000   1.0000   1.0000   1.0000   1.0000
     1.0000   1.0000   1.0000   1.0000   1.0000   1.0000   1.0000   1.0000
     1.0000   1.0000   1.0000   0.0000   0.0000   0.0000   0.0000   0.0000
     0.0000   0.0000   0.0000   0.0000   0.0000   0.0000   0.0000   0.0000
     0.0000   0.0000   0.0000   0.0000   0.0000   0.0000   0.0000   0.0000
     0.0000   0.0000   0.0000   0.0000   0.0000   0.0000   0.0000   0.0000
     0.0000   0.0000   0.0000   0.0000   0.0000   0.0000   0.0000   0.0000
     0.0000   0.0000   0.0000   0.0000   0.0000   0.0000   0.0000   0.0000

          k = 0.0000 0.3849 0.1610 (   971 PWs)   bands (ev):

   -46.7518 -38.1270 -20.7463 -20.7003 -20.5715 -14.5704 -14.3420 -14.1025
     5.4616   6.0377   9.8590  10.0858  12.1437  12.4802  13.0376  13.1745
    14.0712  14.7337  18.1164  18.3036  18.5194  18.6539  19.9946  20.5048
    20.9107  21.3774  22.1719  23.5849  24.9139  25.1205  27.8130  28.4357
    28.7011  28.7678  29.5575  30.6750  31.6304  32.0813  33.5938  33.9990
    35.4714  36.4644  38.5370  39.2746  39.8323  41.9096  42.0306  42.3483
    42.6530  44.1591  44.6727  45.2679  46.2329  47.1642  47.4392  48.9230
    49.7196  50.2171  51.5679  52.3064  52.8601  53.3999  53.9830  54.9975

     occupation numbers 
     1.0000   1.0000   1.0000   1.0000   1.0000   1.0000   1.0000   1.0000
     1.0000   1.0000   1.0000   1.0000   1.0000   1.0000   1.0000   1.0000
     1.0000   1.0000   1.0000   0.0000   0.0000   0.0000   0.0000   0.0000
     0.0000   0.0000   0.0000   0.0000   0.0000   0.0000   0.0000   0.0000
     0.0000   0.0000   0.0000   0.0000   0.0000   0.0000   0.0000   0.0000
     0.0000   0.0000   0.0000   0.0000   0.0000   0.0000   0.0000   0.0000
     0.0000   0.0000   0.0000   0.0000   0.0000   0.0000   0.0000   0.0000
     0.0000   0.0000   0.0000   0.0000   0.0000   0.0000   0.0000   0.0000

          k = 0.3333 0.5774 0.0000 (   999 PWs)   bands (ev):

   -46.7427 -38.0896 -20.7328 -20.6897 -20.6897 -14.5224 -14.5224 -14.2752
     7.8748   7.8749   8.3608   8.3608   9.2731  11.3256  13.3032  13.3033
    14.6659  14.6660  17.8499  17.8499  18.3624  19.6733  21.3611  21.3612
    21.4836  21.4837  23.4936  24.5537  24.5537  27.6831  27.6831  27.9047
    27.9047  28.8973  29.7171  30.3448  30.3448  31.0270  34.7471  35.0562
    35.1680  35.1680  35.3535  41.3858  41.3858  41.6900  44.4497  44.4497
    44.7979  45.0967  45.0967  46.5041  46.5042  48.1513  48.1514  48.8817
    49.3308  49.3956  49.3956  49.4152  51.1679  52.3433  52.3433  54.2517

     occupation numbers 
     1.0000   1.0000   1.0000   1.0000   1.0000   1.0000   1.0000   1.0000
     1.0000   1.0000   1.0000   1.0000   1.0000   1.0000   1.0000   1.0000
     1.0000   1.0000   1.0000   0.0000   0.0000   0.0000   0.0000   0.0000
     0.0000   0.0000   0.0000   0.0000   0.0000   0.0000   0.0000   0.0000
     0.0000   0.0000   0.0000   0.0000   0.0000   0.0000   0.0000   0.0000
     0.0000   0.0000   0.0000   0.0000   0.0000   0.0000   0.0000   0.0000
     0.0000   0.0000   0.0000   0.0000   0.0000   0.0000   0.0000   0.0000
     0.0000   0.0000   0.0000   0.0000   0.0000   0.0000   0.0000   0.0000

          k = 0.3333 0.5774 0.1610 (   969 PWs)   bands (ev):

   -46.7423 -38.0890 -20.7303 -20.6869 -20.6869 -14.5221 -14.5221 -14.2777
     7.8469   7.8470   8.4299   8.4300   9.7118  10.7467  13.4141  13.4141
    14.1829  14.1830  18.5162  18.7391  18.7392  19.4915  20.2255  20.2255
    22.5763  22.5763  23.9391  23.9391  24.6049  27.2381  27.2382  27.3269
    28.4036  28.4037  29.6321  30.8409  31.0530  31.0530  33.9857  33.9857
    34.8229  34.9841  37.8801  41.3396  41.8709  41.8710  43.2339  43.7094
    43.7094  45.8131  45.8131  45.9407  46.8435  46.8436  47.9961  47.9961
    49.5284  50.7155  51.5869  51.5869  52.2511  52.5516  52.5516  54.8952

     occupation numbers 
     1.0000   1.0000   1.0000   1.0000   1.0000   1.0000   1.0000   1.0000
     1.0000   1.0000   1.0000   1.0000   1.0000   1.0000   1.0000   1.0000
     1.0000   1.0000   1.0000   0.0000   0.0000   0.0000   0.0000   0.0000
     0.0000   0.0000   0.0000   0.0000   0.0000   0.0000   0.0000   0.0000
     0.0000   0.0000   0.0000   0.0000   0.0000   0.0000   0.0000   0.0000
     0.0000   0.0000   0.0000   0.0000   0.0000   0.0000   0.0000   0.0000
     0.0000   0.0000   0.0000   0.0000   0.0000   0.0000   0.0000   0.0000
     0.0000   0.0000   0.0000   0.0000   0.0000   0.0000   0.0000   0.0000

     highest occupied, lowest unoccupied level (ev):    18.5162   16.7013

!    total energy              =    -505.11535662 Ry
     estimated scf accuracy    <       0.00000001 Ry

     The total energy is the sum of the following terms:
     one-electron contribution =     -53.50365384 Ry
     hartree contribution      =      50.64743780 Ry
     xc contribution           =     -60.92151694 Ry
     ewald contribution        =    -232.84729408 Ry
     one-center paw contrib.   =    -208.49032956 Ry
      -> PAW hartree energy AE =      69.73876434 Ry
      -> PAW hartree energy PS =     -69.36749199 Ry
      -> PAW xc energy AE      =    -235.99570129 Ry
      -> PAW xc energy PS      =      27.13409937 Ry
      -> total E_H with PAW    =      51.01871015 Ry
      -> total E_XC with PAW   =    -269.78311885 Ry

     convergence has been achieved in   9 iterations

     Writing all to output data dir calculations_bands/myprefix.save/
 
     init_run     :      5.18s CPU      2.30s WALL (       1 calls)
     electrons    :     25.65s CPU     13.34s WALL (       1 calls)

     Called by init_run:
     wfcinit      :      0.60s CPU      0.22s WALL (       1 calls)
     wfcinit:atom :      0.00s CPU      0.00s WALL (       3 calls)
     wfcinit:wfcr :      0.60s CPU      0.22s WALL (       3 calls)
     potinit      :      1.50s CPU      0.57s WALL (       1 calls)
     hinit0       :      1.52s CPU      0.61s WALL (       1 calls)

     Called by electrons:
     c_bands      :     15.07s CPU      8.04s WALL (       9 calls)
     sum_band     :      5.78s CPU      2.91s WALL (       9 calls)
     v_of_rho     :      0.31s CPU      0.15s WALL (      10 calls)
     v_h          :      0.02s CPU      0.01s WALL (      10 calls)
     v_xc         :      0.29s CPU      0.14s WALL (      10 calls)
     newd         :      2.52s CPU      1.22s WALL (      10 calls)
     PAW_pot      :      2.54s CPU      1.21s WALL (      10 calls)
     mix_rho      :      0.03s CPU      0.02s WALL (       9 calls)

     Called by c_bands:
     init_us_2    :      0.05s CPU      0.03s WALL (      57 calls)
     init_us_2:cp :      0.05s CPU      0.03s WALL (      57 calls)
     cegterg      :     11.33s CPU      5.53s WALL (      27 calls)

     Called by sum_band:
     sum_band:wei :      0.00s CPU      0.00s WALL (       9 calls)
     sum_band:loo :      2.68s CPU      1.38s WALL (       9 calls)
     sum_band:buf :      0.00s CPU      0.00s WALL (      27 calls)
     sum_band:ini :      0.04s CPU      0.02s WALL (      27 calls)
     sum_band:cal :      0.03s CPU      0.02s WALL (      27 calls)
     sum_band:bec :      0.04s CPU      0.02s WALL (      27 calls)
     addusdens    :      2.41s CPU      1.19s WALL (       9 calls)
     addusd:skk   :      0.03s CPU      0.02s WALL (      27 calls)
     addusd:dgemm :      0.15s CPU      0.09s WALL (      27 calls)
     addusd:qvan2 :      2.09s CPU      1.02s WALL (      27 calls)

     Called by *egterg:
     cdiaghg      :      1.58s CPU      0.74s WALL (     104 calls)
     cegterg:over :      0.22s CPU      0.11s WALL (      77 calls)
     cegterg:upda :      0.16s CPU      0.08s WALL (      77 calls)
     cegterg:last :      0.27s CPU      0.12s WALL (      50 calls)
     cdiaghg:chol :      0.10s CPU      0.04s WALL (     104 calls)
     cdiaghg:inve :      0.08s CPU      0.03s WALL (     104 calls)
     cdiaghg:para :      0.53s CPU      0.24s WALL (     208 calls)
     h_psi        :      9.41s CPU      4.56s WALL (     107 calls)
     s_psi        :      0.06s CPU      0.03s WALL (     107 calls)
     g_psi        :      0.01s CPU      0.01s WALL (      77 calls)

     Called by h_psi:
     h_psi:calbec :      0.14s CPU      0.07s WALL (     107 calls)
     vloc_psi     :      9.14s CPU      4.43s WALL (     107 calls)
     add_vuspsi   :      0.10s CPU      0.05s WALL (     107 calls)

     General routines
     calbec       :      0.18s CPU      0.09s WALL (     134 calls)
     fft          :      0.87s CPU      0.36s WALL (     128 calls)
     ffts         :      0.69s CPU      0.26s WALL (      19 calls)
     fftw         :      7.65s CPU      3.70s WALL (    9982 calls)
     interpolate  :      0.59s CPU      0.21s WALL (      10 calls)
 
     Parallel routines

     PAW routines
     PAW_pot      :      2.54s CPU      1.21s WALL (      10 calls)
     PAW_symme    :      0.27s CPU      0.12s WALL (      19 calls)
 
     PWSCF        :     31.21s CPU     16.02s WALL

 
   This run was terminated on:  23:20:21   4Jun2023            

=------------------------------------------------------------------------------=
   JOB DONE.
=------------------------------------------------------------------------------=
