
     Program PWSCF v.7.0 starts on  6Jun2023 at 19:56:32 

     This program is part of the open-source Quantum ESPRESSO suite
     for quantum simulation of materials; please cite
         "P. Giannozzi et al., J. Phys.:Condens. Matter 21 395502 (2009);
         "P. Giannozzi et al., J. Phys.:Condens. Matter 29 465901 (2017);
         "P. Giannozzi et al., J. Chem. Phys. 152 154105 (2020);
          URL http://www.quantum-espresso.org", 
     in publications or presentations arising from this work. More details at
     http://www.quantum-espresso.org/quote

     Parallel version (MPI & OpenMP), running on      32 processor cores
     Number of MPI processes:                 8
     Threads/MPI process:                     4

     MPI processes distributed on     1 nodes
     K-points division:     npool     =       2
     R & G space division:  proc/nbgrp/npool/nimage =       4
     51315 MiB available memory on the printing compute node when the environment starts
 
     Reading input from espresso_19975.pwi
Warning: card &CELL ignored
Warning: card / ignored

     Current dimensions of program PWSCF are:
     Max number of different atomic species (ntypx) = 10
     Max number of k-points (npk) =  40000
     Max angular momentum in pseudopotentials (lmaxx) =  4
     file Ba.pbe-spn-kjpaw_psl.1.0.0.UPF: wavefunction(s)  5S 6S renormalized
     Message from routine setup:
     using ibrav=0 with symmetry is DISCOURAGED, use correct ibrav instead

     Subspace diagonalization in iterative solution of the eigenvalue problem:
     one sub-group per band group will be used
     scalapack distributed-memory algorithm (size of sub-group:  2*  2 procs)

 
     Parallelization info
     --------------------
     sticks:   dense  smooth     PW     G-vecs:    dense   smooth      PW
     Min         466     231     67                12758     4525     719
     Max         467     232     69                12759     4526     720
     Sum        1867     925    271                51035    18101    2877
 
     Using Slab Decomposition
 


     bravais-lattice index     =            0
     lattice parameter (alat)  =      10.5958  a.u.
     unit-cell volume          =     812.3259 (a.u.)^3
     number of atoms/cell      =            6
     number of atomic types    =            2
     number of electrons       =       100.00
     number of Kohn-Sham states=           64
     kinetic-energy cutoff     =      30.0000  Ry
     charge density cutoff     =     240.0000  Ry
     scf convergence threshold =      1.0E-06
     mixing beta               =       0.7000
     number of iterations used =            8  plain     mixing
     Exchange-correlation= PBE
                           (   1   4   3   4   0   0   0)

     celldm(1)=  10.595833  celldm(2)=   0.000000  celldm(3)=   0.000000
     celldm(4)=   0.000000  celldm(5)=   0.000000  celldm(6)=   0.000000

     crystal axes: (cart. coord. in units of alat)
               a(1) = (   1.000000   0.000000   0.000000 )  
               a(2) = (  -0.500000   0.866025   0.000000 )  
               a(3) = (   0.000000   0.000000   0.788487 )  

     reciprocal axes: (cart. coord. in units 2 pi/alat)
               b(1) = (  1.000000  0.577350  0.000000 )  
               b(2) = (  0.000000  1.154700  0.000000 )  
               b(3) = (  0.000000  0.000000  1.268252 )  


     PseudoPot. # 1 for Ba read from file:
     /home/pragov/projects/rrg-bengioy-ad/pragov/crystal_structure_design/SSSP/Ba.pbe-spn-kjpaw_psl.1.0.0.UPF
     MD5 check sum: c432291d3e53af55f19d5e8866385beb
     Pseudo is Projector augmented-wave + core cor, Zval = 10.0
     Generated using "atomic" code by A. Dal Corso  v.5.1
     Shape of augmentation charge: PSQ
     Using radial grid of 1251 points,  7 beta functions with: 
                l(1) =   0
                l(2) =   0
                l(3) =   0
                l(4) =   1
                l(5) =   1
                l(6) =   2
                l(7) =   2
     Q(r) pseudized with 0 coefficients 


     PseudoPot. # 2 for Pd read from file:
     /home/pragov/projects/rrg-bengioy-ad/pragov/crystal_structure_design/SSSP/Pd_ONCV_PBE-1.0.oncvpsp.upf
     MD5 check sum: eb77f42b51d86fb18e25f68156a31cf1
     Pseudo is Norm-conserving, Zval = 18.0
     Generated using ONCVPSP code by D. R. Hamann
     Using radial grid of 1410 points,  6 beta functions with: 
                l(1) =   0
                l(2) =   0
                l(3) =   1
                l(4) =   1
                l(5) =   2
                l(6) =   2

     atomic species   valence    mass     pseudopotential
        Ba            10.00   137.32700     Ba( 1.00)
        Pd            18.00   106.42000     Pd( 1.00)

     24 Sym. Ops., with inversion, found


                                    s                        frac. trans.

      isym =  1     identity                                     

 cryst.   s( 1) = (     1          0          0      )
                  (     0          1          0      )
                  (     0          0          1      )

 cart.    s( 1) = (  1.0000000  0.0000000  0.0000000 )
                  (  0.0000000  1.0000000  0.0000000 )
                  (  0.0000000  0.0000000  1.0000000 )


      isym =  2     180 deg rotation - cart. axis [0,0,1]        

 cryst.   s( 2) = (    -1          0          0      )
                  (     0         -1          0      )
                  (     0          0          1      )

 cart.    s( 2) = ( -1.0000000 -0.0000000  0.0000000 )
                  (  0.0000000 -1.0000000  0.0000000 )
                  (  0.0000000  0.0000000  1.0000000 )


      isym =  3     180 deg rotation - cart. axis [0,1,0]        

 cryst.   s( 3) = (    -1          0          0      )
                  (     1          1          0      )
                  (     0          0         -1      )

 cart.    s( 3) = ( -1.0000000  0.0000002  0.0000000 )
                  (  0.0000000  1.0000000  0.0000000 )
                  (  0.0000000  0.0000000 -1.0000000 )


      isym =  4     180 deg rotation - cart. axis [1,0,0]        

 cryst.   s( 4) = (     1          0          0      )
                  (    -1         -1          0      )
                  (     0          0         -1      )

 cart.    s( 4) = (  1.0000000 -0.0000002  0.0000000 )
                  (  0.0000000 -1.0000000  0.0000000 )
                  (  0.0000000  0.0000000 -1.0000000 )


      isym =  5      60 deg rotation - cryst. axis [0,0,1]       

 cryst.   s( 5) = (     1          1          0      )
                  (    -1          0          0      )
                  (     0          0          1      )

 cart.    s( 5) = (  0.5000001 -0.8660254  0.0000000 )
                  (  0.8660255  0.4999999  0.0000000 )
                  (  0.0000000  0.0000000  1.0000000 )


      isym =  6      60 deg rotation - cryst. axis [0,0,-1]      

 cryst.   s( 6) = (     0         -1          0      )
                  (     1          1          0      )
                  (     0          0          1      )

 cart.    s( 6) = (  0.4999999  0.8660254  0.0000000 )
                  ( -0.8660255  0.5000001  0.0000000 )
                  (  0.0000000  0.0000000  1.0000000 )


      isym =  7     120 deg rotation - cryst. axis [0,0,1]       

 cryst.   s( 7) = (     0          1          0      )
                  (    -1         -1          0      )
                  (     0          0          1      )

 cart.    s( 7) = ( -0.4999999 -0.8660254  0.0000000 )
                  (  0.8660255 -0.5000001  0.0000000 )
                  (  0.0000000  0.0000000  1.0000000 )


      isym =  8     120 deg rotation - cryst. axis [0,0,-1]      

 cryst.   s( 8) = (    -1         -1          0      )
                  (     1          0          0      )
                  (     0          0          1      )

 cart.    s( 8) = ( -0.5000001  0.8660254  0.0000000 )
                  ( -0.8660255 -0.4999999  0.0000000 )
                  (  0.0000000  0.0000000  1.0000000 )


      isym =  9     180 deg rotation - cryst. axis [1,-1,0]      

 cryst.   s( 9) = (     0         -1          0      )
                  (    -1          0          0      )
                  (     0          0         -1      )

 cart.    s( 9) = (  0.4999999 -0.8660255  0.0000000 )
                  ( -0.8660255 -0.4999999  0.0000000 )
                  (  0.0000000  0.0000000 -1.0000000 )


      isym = 10     180 deg rotation - cryst. axis [2,1,0]       

 cryst.   s(10) = (     1          1          0      )
                  (     0         -1          0      )
                  (     0          0         -1      )

 cart.    s(10) = (  0.5000001  0.8660253  0.0000000 )
                  (  0.8660255 -0.5000001  0.0000000 )
                  (  0.0000000  0.0000000 -1.0000000 )


      isym = 11     180 deg rotation - cryst. axis [0,1,0]       

 cryst.   s(11) = (    -1         -1          0      )
                  (     0          1          0      )
                  (     0          0         -1      )

 cart.    s(11) = ( -0.5000001 -0.8660253  0.0000000 )
                  ( -0.8660255  0.5000001  0.0000000 )
                  (  0.0000000  0.0000000 -1.0000000 )


      isym = 12     180 deg rotation - cryst. axis [1,1,0]       

 cryst.   s(12) = (     0          1          0      )
                  (     1          0          0      )
                  (     0          0         -1      )

 cart.    s(12) = ( -0.4999999  0.8660255  0.0000000 )
                  (  0.8660255  0.4999999  0.0000000 )
                  (  0.0000000  0.0000000 -1.0000000 )


      isym = 13     inversion                                    

 cryst.   s(13) = (    -1          0          0      )
                  (     0         -1          0      )
                  (     0          0         -1      )

 cart.    s(13) = ( -1.0000000 -0.0000000  0.0000000 )
                  (  0.0000000 -1.0000000  0.0000000 )
                  (  0.0000000  0.0000000 -1.0000000 )


      isym = 14     inv. 180 deg rotation - cart. axis [0,0,1]   

 cryst.   s(14) = (     1          0          0      )
                  (     0          1          0      )
                  (     0          0         -1      )

 cart.    s(14) = (  1.0000000  0.0000000  0.0000000 )
                  (  0.0000000  1.0000000  0.0000000 )
                  (  0.0000000  0.0000000 -1.0000000 )


      isym = 15     inv. 180 deg rotation - cart. axis [0,1,0]   

 cryst.   s(15) = (     1          0          0      )
                  (    -1         -1          0      )
                  (     0          0          1      )

 cart.    s(15) = (  1.0000000 -0.0000002  0.0000000 )
                  (  0.0000000 -1.0000000  0.0000000 )
                  (  0.0000000  0.0000000  1.0000000 )


      isym = 16     inv. 180 deg rotation - cart. axis [1,0,0]   

 cryst.   s(16) = (    -1          0          0      )
                  (     1          1          0      )
                  (     0          0          1      )

 cart.    s(16) = ( -1.0000000  0.0000002  0.0000000 )
                  (  0.0000000  1.0000000  0.0000000 )
                  (  0.0000000  0.0000000  1.0000000 )


      isym = 17     inv.  60 deg rotation - cryst. axis [0,0,1]  

 cryst.   s(17) = (    -1         -1          0      )
                  (     1          0          0      )
                  (     0          0         -1      )

 cart.    s(17) = ( -0.5000001  0.8660254  0.0000000 )
                  ( -0.8660255 -0.4999999  0.0000000 )
                  (  0.0000000  0.0000000 -1.0000000 )


      isym = 18     inv.  60 deg rotation - cryst. axis [0,0,-1] 

 cryst.   s(18) = (     0          1          0      )
                  (    -1         -1          0      )
                  (     0          0         -1      )

 cart.    s(18) = ( -0.4999999 -0.8660254  0.0000000 )
                  (  0.8660255 -0.5000001  0.0000000 )
                  (  0.0000000  0.0000000 -1.0000000 )


      isym = 19     inv. 120 deg rotation - cryst. axis [0,0,1]  

 cryst.   s(19) = (     0         -1          0      )
                  (     1          1          0      )
                  (     0          0         -1      )

 cart.    s(19) = (  0.4999999  0.8660254  0.0000000 )
                  ( -0.8660255  0.5000001  0.0000000 )
                  (  0.0000000  0.0000000 -1.0000000 )


      isym = 20     inv. 120 deg rotation - cryst. axis [0,0,-1] 

 cryst.   s(20) = (     1          1          0      )
                  (    -1          0          0      )
                  (     0          0         -1      )

 cart.    s(20) = (  0.5000001 -0.8660254  0.0000000 )
                  (  0.8660255  0.4999999  0.0000000 )
                  (  0.0000000  0.0000000 -1.0000000 )


      isym = 21     inv. 180 deg rotation - cryst. axis [1,-1,0] 

 cryst.   s(21) = (     0          1          0      )
                  (     1          0          0      )
                  (     0          0          1      )

 cart.    s(21) = ( -0.4999999  0.8660255  0.0000000 )
                  (  0.8660255  0.4999999  0.0000000 )
                  (  0.0000000  0.0000000  1.0000000 )


      isym = 22     inv. 180 deg rotation - cryst. axis [2,1,0]  

 cryst.   s(22) = (    -1         -1          0      )
                  (     0          1          0      )
                  (     0          0          1      )

 cart.    s(22) = ( -0.5000001 -0.8660253  0.0000000 )
                  ( -0.8660255  0.5000001  0.0000000 )
                  (  0.0000000  0.0000000  1.0000000 )


      isym = 23     inv. 180 deg rotation - cryst. axis [0,1,0]  

 cryst.   s(23) = (     1          1          0      )
                  (     0         -1          0      )
                  (     0          0          1      )

 cart.    s(23) = (  0.5000001  0.8660253  0.0000000 )
                  (  0.8660255 -0.5000001  0.0000000 )
                  (  0.0000000  0.0000000  1.0000000 )


      isym = 24     inv. 180 deg rotation - cryst. axis [1,1,0]  

 cryst.   s(24) = (     0         -1          0      )
                  (    -1          0          0      )
                  (     0          0          1      )

 cart.    s(24) = (  0.4999999 -0.8660255  0.0000000 )
                  ( -0.8660255 -0.4999999  0.0000000 )
                  (  0.0000000  0.0000000  1.0000000 )


   Cartesian axes

     site n.     atom                  positions (alat units)
         1           Ba  tau(   1) = (   0.0000000   0.0000000   0.0000000  )
         2           Pd  tau(   2) = (  -0.2500000   0.4330127   0.3942433  )
         3           Pd  tau(   3) = (  -0.0000004   0.5773506   0.0000000  )
         4           Pd  tau(   4) = (   0.5000005   0.2886749   0.0000000  )
         5           Pd  tau(   5) = (   0.5000000   0.0000000   0.3942433  )
         6           Pd  tau(   6) = (   0.2500000   0.4330127   0.3942433  )

   Crystallographic axes

     site n.     atom                  positions (cryst. coord.)
         1           Ba  tau(   1) = (  0.0000000  0.0000000  0.0000000  )
         2           Pd  tau(   2) = ( -0.0000000  0.5000000  0.5000000  )
         3           Pd  tau(   3) = (  0.3333330  0.6666670  0.0000000  )
         4           Pd  tau(   4) = (  0.6666670  0.3333330  0.0000000  )
         5           Pd  tau(   5) = (  0.5000000  0.0000000  0.5000000  )
         6           Pd  tau(   6) = (  0.5000000  0.5000000  0.5000000  )

     number of k points=     6
                       cart. coord. in units 2pi/alat
        k(    1) = (   0.0000000   0.0000000   0.0000000), wk =   0.0740741
        k(    2) = (   0.0000000   0.0000000   0.4227508), wk =   0.1481481
        k(    3) = (   0.0000000   0.3849002   0.0000000), wk =   0.4444444
        k(    4) = (   0.0000000   0.3849002   0.4227508), wk =   0.8888889
        k(    5) = (   0.3333333   0.5773502   0.0000000), wk =   0.1481481
        k(    6) = (   0.3333333   0.5773502   0.4227508), wk =   0.2962963

                       cryst. coord.
        k(    1) = (   0.0000000   0.0000000   0.0000000), wk =   0.0740741
        k(    2) = (   0.0000000   0.0000000   0.3333333), wk =   0.1481481
        k(    3) = (   0.0000000   0.3333333   0.0000000), wk =   0.4444444
        k(    4) = (   0.0000000   0.3333333   0.3333333), wk =   0.8888889
        k(    5) = (   0.3333333   0.3333333   0.0000000), wk =   0.1481481
        k(    6) = (   0.3333333   0.3333333   0.3333333), wk =   0.2962963

     Dense  grid:    51035 G-vectors     FFT dimensions: (  54,  54,  45)

     Smooth grid:    18101 G-vectors     FFT dimensions: (  40,  40,  30)

     Dynamical RAM for                 wfc:       0.55 MB

     Dynamical RAM for     wfc (w. buffer):       2.20 MB

     Dynamical RAM for           str. fact:       0.39 MB

     Dynamical RAM for           local pot:       0.00 MB

     Dynamical RAM for          nlocal pot:       0.94 MB

     Dynamical RAM for                qrad:       3.32 MB

     Dynamical RAM for          rho,v,vnew:       1.38 MB

     Dynamical RAM for               rhoin:       0.46 MB

     Dynamical RAM for            rho*nmix:       3.11 MB

     Dynamical RAM for           G-vectors:       0.76 MB

     Dynamical RAM for          h,s,v(r/c):       0.19 MB

     Dynamical RAM for          <psi|beta>:       0.11 MB

     Dynamical RAM for                 psi:       1.10 MB

     Dynamical RAM for                hpsi:       1.10 MB

     Dynamical RAM for                spsi:       1.10 MB

     Dynamical RAM for      wfcinit/wfcrot:       1.19 MB

     Dynamical RAM for           addusdens:      20.15 MB

     Estimated static dynamical RAM per process >      11.37 MB

     Estimated max dynamical RAM per process >      34.64 MB

     Estimated total dynamical RAM >     264.63 MB

     Initial potential from superposition of free atoms

     starting charge      99.9812, renormalised to     100.0000
     Starting wfcs are   55 randomized atomic wfcs +    9 random wfcs
     Checking if some PAW data can be deallocated... 
       PAW data deallocated on    6 nodes for type:  1

     total cpu time spent up to now is        1.9 secs

     Self-consistent Calculation

     iteration #  1     ecut=    30.00 Ry     beta= 0.70
     Davidson diagonalization with overlap

---- Real-time Memory Report at c_bands before calling an iterative solver
           156 MiB given to the printing process from OS
             0 MiB allocation reported by mallinfo(arena+hblkhd)
         51273 MiB available memory on the node where the printing process lives
------------------
     ethr =  1.00E-02,  avg # of iterations =  6.2

     Threshold (ethr) on eigenvalues was too large:
     Diagonalizing with lowered threshold

     Davidson diagonalization with overlap

---- Real-time Memory Report at c_bands before calling an iterative solver
           163 MiB given to the printing process from OS
             0 MiB allocation reported by mallinfo(arena+hblkhd)
         51126 MiB available memory on the node where the printing process lives
------------------
     ethr =  2.49E-04,  avg # of iterations =  2.7

     total cpu time spent up to now is        4.0 secs

     total energy              =   -1701.25721508 Ry
     estimated scf accuracy    <       0.25001672 Ry

     iteration #  2     ecut=    30.00 Ry     beta= 0.70
     Davidson diagonalization with overlap

---- Real-time Memory Report at c_bands before calling an iterative solver
           173 MiB given to the printing process from OS
             0 MiB allocation reported by mallinfo(arena+hblkhd)
         50819 MiB available memory on the node where the printing process lives
------------------
     ethr =  2.50E-04,  avg # of iterations =  3.5

     total cpu time spent up to now is        4.8 secs

     total energy              =   -1701.21491982 Ry
     estimated scf accuracy    <       0.41755236 Ry

     iteration #  3     ecut=    30.00 Ry     beta= 0.70
     Davidson diagonalization with overlap

---- Real-time Memory Report at c_bands before calling an iterative solver
           178 MiB given to the printing process from OS
             0 MiB allocation reported by mallinfo(arena+hblkhd)
         51159 MiB available memory on the node where the printing process lives
------------------
     ethr =  2.50E-04,  avg # of iterations =  2.0

     total cpu time spent up to now is        5.6 secs

     total energy              =   -1701.29852344 Ry
     estimated scf accuracy    <       0.21343580 Ry

     iteration #  4     ecut=    30.00 Ry     beta= 0.70
     Davidson diagonalization with overlap

---- Real-time Memory Report at c_bands before calling an iterative solver
           178 MiB given to the printing process from OS
             0 MiB allocation reported by mallinfo(arena+hblkhd)
         51156 MiB available memory on the node where the printing process lives
------------------
     ethr =  2.13E-04,  avg # of iterations =  2.0

     total cpu time spent up to now is        6.3 secs

     total energy              =   -1701.31433090 Ry
     estimated scf accuracy    <       0.12560532 Ry

     iteration #  5     ecut=    30.00 Ry     beta= 0.70
     Davidson diagonalization with overlap

---- Real-time Memory Report at c_bands before calling an iterative solver
           178 MiB given to the printing process from OS
             0 MiB allocation reported by mallinfo(arena+hblkhd)
         51157 MiB available memory on the node where the printing process lives
------------------
     ethr =  1.26E-04,  avg # of iterations =  1.0

     total cpu time spent up to now is        7.0 secs

     total energy              =   -1701.33559205 Ry
     estimated scf accuracy    <       0.00339402 Ry

     iteration #  6     ecut=    30.00 Ry     beta= 0.70
     Davidson diagonalization with overlap

---- Real-time Memory Report at c_bands before calling an iterative solver
           178 MiB given to the printing process from OS
             0 MiB allocation reported by mallinfo(arena+hblkhd)
         51005 MiB available memory on the node where the printing process lives
------------------
     ethr =  3.39E-06,  avg # of iterations =  2.0

     total cpu time spent up to now is        7.6 secs

     total energy              =   -1701.33557818 Ry
     estimated scf accuracy    <       0.00098089 Ry

     iteration #  7     ecut=    30.00 Ry     beta= 0.70
     Davidson diagonalization with overlap

---- Real-time Memory Report at c_bands before calling an iterative solver
           178 MiB given to the printing process from OS
             0 MiB allocation reported by mallinfo(arena+hblkhd)
         50909 MiB available memory on the node where the printing process lives
------------------
     ethr =  9.81E-07,  avg # of iterations =  1.2

     total cpu time spent up to now is        8.2 secs

     total energy              =   -1701.33561523 Ry
     estimated scf accuracy    <       0.00010490 Ry

     iteration #  8     ecut=    30.00 Ry     beta= 0.70
     Davidson diagonalization with overlap

---- Real-time Memory Report at c_bands before calling an iterative solver
           178 MiB given to the printing process from OS
             0 MiB allocation reported by mallinfo(arena+hblkhd)
         51156 MiB available memory on the node where the printing process lives
------------------
     ethr =  1.05E-07,  avg # of iterations =  1.5

     total cpu time spent up to now is        8.9 secs

     total energy              =   -1701.33562278 Ry
     estimated scf accuracy    <       0.00000544 Ry

     iteration #  9     ecut=    30.00 Ry     beta= 0.70
     Davidson diagonalization with overlap

---- Real-time Memory Report at c_bands before calling an iterative solver
           178 MiB given to the printing process from OS
             0 MiB allocation reported by mallinfo(arena+hblkhd)
         51158 MiB available memory on the node where the printing process lives
------------------
     ethr =  5.44E-09,  avg # of iterations =  2.0

     total cpu time spent up to now is        9.6 secs

     End of self-consistent calculation

          k = 0.0000 0.0000 0.0000 (  2253 PWs)   bands (ev):

   -70.1406 -70.1180 -70.1179 -69.9529 -69.9525 -35.7078 -35.6942 -35.5504
   -35.5503 -35.5498 -35.5497 -35.4800 -35.3738 -35.3737 -35.3598 -35.3187
   -35.2975 -35.2975 -35.2606 -35.2606 -11.7484   2.8767   2.8768   3.0574
     8.9759  10.4134  11.0437  11.0437  11.2981  11.2981  11.3218  11.6363
    11.6719  11.6721  12.2684  12.3743  12.3743  13.1089  13.1090  13.2062
    13.2062  13.3071  13.5810  13.7204  13.7205  14.0141  14.0142  15.0458
    15.1667  15.1668  16.5453  17.3803  17.3803  17.7201  18.2814  18.6069
    18.6070  20.8395  20.8396  23.8157  23.8157  23.9618  25.2665  25.3322

     occupation numbers 
     1.0000   1.0000   1.0000   1.0000   1.0000   1.0000   1.0000   1.0000
     1.0000   1.0000   1.0000   1.0000   1.0000   1.0000   1.0000   1.0000
     1.0000   1.0000   1.0000   1.0000   1.0000   1.0000   1.0000   1.0000
     1.0000   1.0000   1.0000   1.0000   1.0000   1.0000   1.0000   1.0000
     1.0000   1.0000   1.0000   1.0000   1.0000   1.0000   1.0000   1.0000
     1.0000   1.0000   1.0000   1.0000   1.0000   1.0000   1.0000   1.0000
     1.0000   1.0000   0.0000   0.0000   0.0000   0.0000   0.0000   0.0000
     0.0000   0.0000   0.0000   0.0000   0.0000   0.0000   0.0000   0.0000

          k = 0.0000 0.0000 0.4228 (  2246 PWs)   bands (ev):

   -70.1385 -70.1180 -70.1179 -69.9546 -69.9529 -35.7581 -35.6189 -35.5759
   -35.5757 -35.5418 -35.5417 -35.4347 -35.4267 -35.3724 -35.3723 -35.3182
   -35.2707 -35.2707 -35.2700 -35.2700 -11.7347   2.7857   2.8857   2.8858
     9.8028  10.2456  10.9423  10.9423  11.1048  11.6546  11.6547  11.6621
    11.6622  12.0557  12.6398  12.6398  12.7885  12.8023  12.8023  13.5690
    13.7468  13.7468  13.7740  13.7741  13.9592  14.1270  14.1270  14.3487
    14.5858  14.5859  15.0000  16.7288  16.7500  16.7500  17.3235  17.3236
    20.3846  22.1114  22.2760  22.2760  23.4607  23.4608  25.0382  25.4654

     occupation numbers 
     1.0000   1.0000   1.0000   1.0000   1.0000   1.0000   1.0000   1.0000
     1.0000   1.0000   1.0000   1.0000   1.0000   1.0000   1.0000   1.0000
     1.0000   1.0000   1.0000   1.0000   1.0000   1.0000   1.0000   1.0000
     1.0000   1.0000   1.0000   1.0000   1.0000   1.0000   1.0000   1.0000
     1.0000   1.0000   1.0000   1.0000   1.0000   1.0000   1.0000   1.0000
     1.0000   1.0000   1.0000   1.0000   1.0000   1.0000   1.0000   1.0000
     1.0000   1.0000   0.0000   0.0000   0.0000   0.0000   0.0000   0.0000
     0.0000   0.0000   0.0000   0.0000   0.0000   0.0000   0.0000   0.0000

          k = 0.0000 0.3849 0.0000 (  2262 PWs)   bands (ev):

   -70.1359 -70.1229 -70.1179 -69.9528 -69.9526 -35.6754 -35.6711 -35.5995
   -35.5728 -35.5495 -35.5391 -35.4330 -35.3915 -35.3742 -35.3738 -35.3333
   -35.2952 -35.2895 -35.2716 -35.2609 -11.7452   2.7929   2.8744   3.0455
     9.6575  10.9357  11.1422  11.2159  11.2953  11.3456  11.4558  11.4984
    11.7941  11.9616  11.9880  12.0742  12.3708  13.0609  13.2399  13.3489
    13.3737  13.4485  13.5156  13.5625  13.6426  13.8681  13.9529  13.9882
    14.1663  14.5384  15.1401  16.5470  17.4448  18.1843  18.9244  19.1941
    20.5710  21.0972  21.7373  22.8916  23.1619  23.2719  23.7716  25.3451

     occupation numbers 
     1.0000   1.0000   1.0000   1.0000   1.0000   1.0000   1.0000   1.0000
     1.0000   1.0000   1.0000   1.0000   1.0000   1.0000   1.0000   1.0000
     1.0000   1.0000   1.0000   1.0000   1.0000   1.0000   1.0000   1.0000
     1.0000   1.0000   1.0000   1.0000   1.0000   1.0000   1.0000   1.0000
     1.0000   1.0000   1.0000   1.0000   1.0000   1.0000   1.0000   1.0000
     1.0000   1.0000   1.0000   1.0000   1.0000   1.0000   1.0000   1.0000
     1.0000   1.0000   0.0000   0.0000   0.0000   0.0000   0.0000   0.0000
     0.0000   0.0000   0.0000   0.0000   0.0000   0.0000   0.0000   0.0000

          k = 0.0000 0.3849 0.4228 (  2256 PWs)   bands (ev):

   -70.1342 -70.1224 -70.1179 -69.9542 -69.9532 -35.7177 -35.6279 -35.5799
   -35.5762 -35.5667 -35.5300 -35.4319 -35.4262 -35.3859 -35.3717 -35.3331
   -35.2721 -35.2720 -35.2705 -35.2695 -11.7325   2.8001   2.8439   2.8955
    10.2862  10.4157  11.0662  11.1592  11.3711  11.5646  11.7286  11.8282
    12.1057  12.1105  12.3614  12.3739  12.5139  12.8529  12.8672  13.0746
    13.0748  13.2823  13.4449  13.7470  13.7802  13.8434  13.9037  14.0901
    14.4141  14.7108  14.8577  15.7421  17.4351  17.6433  17.9787  18.3755
    20.4500  21.1411  21.4419  22.8394  23.1478  23.4635  24.9351  25.2818

     occupation numbers 
     1.0000   1.0000   1.0000   1.0000   1.0000   1.0000   1.0000   1.0000
     1.0000   1.0000   1.0000   1.0000   1.0000   1.0000   1.0000   1.0000
     1.0000   1.0000   1.0000   1.0000   1.0000   1.0000   1.0000   1.0000
     1.0000   1.0000   1.0000   1.0000   1.0000   1.0000   1.0000   1.0000
     1.0000   1.0000   1.0000   1.0000   1.0000   1.0000   1.0000   1.0000
     1.0000   1.0000   1.0000   1.0000   1.0000   1.0000   1.0000   1.0000
     1.0000   1.0000   0.0000   0.0000   0.0000   0.0000   0.0000   0.0000
     0.0000   0.0000   0.0000   0.0000   0.0000   0.0000   0.0000   0.0000

          k = 0.3333 0.5774 0.0000 (  2265 PWs)   bands (ev):

   -70.1294 -70.1293 -70.1179 -69.9526 -69.9526 -35.6429 -35.6427 -35.6212
   -35.6211 -35.5498 -35.5278 -35.4018 -35.3994 -35.3993 -35.3556 -35.3554
   -35.2948 -35.2805 -35.2805 -35.2622 -11.7436   2.8143   2.8144   3.0395
    10.5028  10.5029  11.1617  11.1619  11.3036  11.3037  11.4672  11.6378
    11.6462  11.7592  12.6060  12.6060  12.7253  12.7253  12.9631  13.2488
    13.2489  13.5102  13.5300  13.5300  13.5375  13.7363  13.7364  13.7595
    14.3262  14.3263  14.8659  15.1246  17.8965  18.9833  18.9833  19.1070
    19.1071  22.9360  22.9362  23.4235  23.4236  23.8661  23.8661  23.8728

     occupation numbers 
     1.0000   1.0000   1.0000   1.0000   1.0000   1.0000   1.0000   1.0000
     1.0000   1.0000   1.0000   1.0000   1.0000   1.0000   1.0000   1.0000
     1.0000   1.0000   1.0000   1.0000   1.0000   1.0000   1.0000   1.0000
     1.0000   1.0000   1.0000   1.0000   1.0000   1.0000   1.0000   1.0000
     1.0000   1.0000   1.0000   1.0000   1.0000   1.0000   1.0000   1.0000
     1.0000   1.0000   1.0000   1.0000   1.0000   1.0000   1.0000   1.0000
     1.0000   1.0000   0.0000   0.0000   0.0000   0.0000   0.0000   0.0000
     0.0000   0.0000   0.0000   0.0000   0.0000   0.0000   0.0000   0.0000

          k = 0.3333 0.5774 0.4228 (  2250 PWs)   bands (ev):

   -70.1284 -70.1282 -70.1179 -69.9537 -69.9537 -35.6654 -35.6653 -35.5812
   -35.5811 -35.5756 -35.5191 -35.4267 -35.4267 -35.3991 -35.3533 -35.3531
   -35.2719 -35.2707 -35.2707 -35.2704 -11.7314   2.8115   2.8614   2.8615
    10.5945  10.5945  11.1403  11.4722  11.4723  11.5033  11.6983  11.6983
    11.8131  12.1376  12.1376  12.5197  12.5198  12.6332  12.6825  12.9847
    12.9848  13.5028  13.6159  13.6159  13.6159  14.0105  14.0106  14.2046
    14.2936  14.4258  14.4259  16.1823  17.1321  17.1322  18.1978  19.7335
    19.7335  20.9384  20.9385  22.2208  24.1720  24.6637  24.6637  26.1306

     occupation numbers 
     1.0000   1.0000   1.0000   1.0000   1.0000   1.0000   1.0000   1.0000
     1.0000   1.0000   1.0000   1.0000   1.0000   1.0000   1.0000   1.0000
     1.0000   1.0000   1.0000   1.0000   1.0000   1.0000   1.0000   1.0000
     1.0000   1.0000   1.0000   1.0000   1.0000   1.0000   1.0000   1.0000
     1.0000   1.0000   1.0000   1.0000   1.0000   1.0000   1.0000   1.0000
     1.0000   1.0000   1.0000   1.0000   1.0000   1.0000   1.0000   1.0000
     1.0000   1.0000   0.0000   0.0000   0.0000   0.0000   0.0000   0.0000
     0.0000   0.0000   0.0000   0.0000   0.0000   0.0000   0.0000   0.0000

     highest occupied, lowest unoccupied level (ev):    15.1668   14.4259

!    total energy              =   -1701.33562348 Ry
     estimated scf accuracy    <       0.00000006 Ry

     The total energy is the sum of the following terms:
     one-electron contribution =    -655.98573089 Ry
     hartree contribution      =     373.93202387 Ry
     xc contribution           =    -143.98381875 Ry
     ewald contribution        =    -900.34105509 Ry
     one-center paw contrib.   =    -374.95704261 Ry
      -> PAW hartree energy AE =      28.81784569 Ry
      -> PAW hartree energy PS =     -28.70813146 Ry
      -> PAW xc energy AE      =    -394.24174546 Ry
      -> PAW xc energy PS      =      19.17498862 Ry
      -> total E_H with PAW    =     374.04173810 Ry
      -> total E_XC with PAW   =    -519.05057560 Ry

     convergence has been achieved in   9 iterations

     Writing all to output data dir calculations_bands/myprefix.save/
 
     init_run     :      5.68s CPU      1.72s WALL (       1 calls)
     electrons    :     28.00s CPU      7.70s WALL (       1 calls)

     Called by init_run:
     wfcinit      :      0.57s CPU      0.20s WALL (       1 calls)
     wfcinit:atom :      0.00s CPU      0.00s WALL (       3 calls)
     wfcinit:wfcr :      0.56s CPU      0.20s WALL (       3 calls)
     potinit      :      1.98s CPU      0.59s WALL (       1 calls)
     hinit0       :      1.76s CPU      0.48s WALL (       1 calls)

     Called by electrons:
     c_bands      :     18.17s CPU      5.01s WALL (      10 calls)
     sum_band     :      5.04s CPU      1.39s WALL (      10 calls)
     v_of_rho     :      0.62s CPU      0.16s WALL (      10 calls)
     v_h          :      0.06s CPU      0.02s WALL (      10 calls)
     v_xc         :      0.55s CPU      0.15s WALL (      10 calls)
     newd         :      1.81s CPU      0.50s WALL (      10 calls)
     PAW_pot      :      2.81s CPU      0.75s WALL (      10 calls)
     mix_rho      :      0.15s CPU      0.04s WALL (      10 calls)

     Called by c_bands:
     init_us_2    :      0.04s CPU      0.01s WALL (      63 calls)
     init_us_2:cp :      0.04s CPU      0.01s WALL (      63 calls)
     cegterg      :     16.08s CPU      4.44s WALL (      30 calls)

     Called by sum_band:
     sum_band:wei :      0.01s CPU      0.00s WALL (      10 calls)
     sum_band:loo :      2.65s CPU      0.71s WALL (      10 calls)
     sum_band:buf :      0.01s CPU      0.00s WALL (      30 calls)
     sum_band:ini :      0.02s CPU      0.01s WALL (      30 calls)
     sum_band:cal :      0.20s CPU      0.05s WALL (      30 calls)
     sum_band:bec :      0.00s CPU      0.00s WALL (      30 calls)
     addusdens    :      0.65s CPU      0.22s WALL (      10 calls)
     addusd:skk   :      0.00s CPU      0.00s WALL (      10 calls)
     addusd:dgemm :      0.05s CPU      0.05s WALL (      10 calls)
     addusd:qvan2 :      0.31s CPU      0.09s WALL (      10 calls)

     Called by *egterg:
     cdiaghg      :      1.80s CPU      0.51s WALL (      96 calls)
     cegterg:over :      1.44s CPU      0.41s WALL (      69 calls)
     cegterg:upda :      0.21s CPU      0.06s WALL (      69 calls)
     cegterg:last :      0.28s CPU      0.07s WALL (      52 calls)
     cdiaghg:chol :      0.18s CPU      0.05s WALL (      96 calls)
     cdiaghg:inve :      0.02s CPU      0.01s WALL (      96 calls)
     cdiaghg:para :      0.35s CPU      0.10s WALL (     192 calls)
     h_psi        :     11.70s CPU      3.25s WALL (     102 calls)
     s_psi        :      0.06s CPU      0.02s WALL (     102 calls)
     g_psi        :      0.01s CPU      0.00s WALL (      69 calls)

     Called by h_psi:
     h_psi:calbec :      0.63s CPU      0.17s WALL (     102 calls)
     vloc_psi     :     10.95s CPU      3.04s WALL (     102 calls)
     add_vuspsi   :      0.10s CPU      0.03s WALL (     102 calls)

     General routines
     calbec       :      0.83s CPU      0.23s WALL (     132 calls)
     fft          :      1.40s CPU      0.37s WALL (     129 calls)
     ffts         :      0.92s CPU      0.28s WALL (      20 calls)
     fftw         :     12.33s CPU      3.37s WALL (   10812 calls)
     interpolate  :      0.96s CPU      0.29s WALL (      10 calls)
 
     Parallel routines

     PAW routines
     PAW_pot      :      2.81s CPU      0.75s WALL (      10 calls)
     PAW_symme    :      0.17s CPU      0.04s WALL (      20 calls)
 
     PWSCF        :     34.53s CPU      9.93s WALL

 
   This run was terminated on:  19:56:42   6Jun2023            

=------------------------------------------------------------------------------=
   JOB DONE.
=------------------------------------------------------------------------------=
