
     Program PWSCF v.7.0 starts on  3Jun2023 at  4:30:10 

     This program is part of the open-source Quantum ESPRESSO suite
     for quantum simulation of materials; please cite
         "P. Giannozzi et al., J. Phys.:Condens. Matter 21 395502 (2009);
         "P. Giannozzi et al., J. Phys.:Condens. Matter 29 465901 (2017);
         "P. Giannozzi et al., J. Chem. Phys. 152 154105 (2020);
          URL http://www.quantum-espresso.org", 
     in publications or presentations arising from this work. More details at
     http://www.quantum-espresso.org/quote

     Parallel version (MPI & OpenMP), running on      32 processor cores
     Number of MPI processes:                 1
     Threads/MPI process:                    32

     MPI processes distributed on     1 nodes
     134527 MiB available memory on the printing compute node when the environment starts
 
     Reading input from espresso_220.pwi
Warning: card &CELL ignored
Warning: card / ignored

     Current dimensions of program PWSCF are:
     Max number of different atomic species (ntypx) = 10
     Max number of k-points (npk) =  40000
     Max angular momentum in pseudopotentials (lmaxx) =  4
     Message from routine setup:
     no reason to have ecutrho>4*ecutwfc
     Message from routine setup:
     using ibrav=0 with symmetry is DISCOURAGED, use correct ibrav instead

     Subspace diagonalization in iterative solution of the eigenvalue problem:
     a serial algorithm will be used

 
     G-vector sticks info
     --------------------
     sticks:   dense  smooth     PW     G-vecs:    dense   smooth      PW
     Sum         433     211     73                 6671     2327     465
 
     Using Slab Decomposition
 


     bravais-lattice index     =            0
     lattice parameter (alat)  =       5.1314  a.u.
     unit-cell volume          =     106.4927 (a.u.)^3
     number of atoms/cell      =            1
     number of atomic types    =            1
     number of electrons       =         2.00
     number of Kohn-Sham states=           64
     kinetic-energy cutoff     =      30.0000  Ry
     charge density cutoff     =     240.0000  Ry
     scf convergence threshold =      1.0E-06
     mixing beta               =       0.7000
     number of iterations used =            8  plain     mixing
     Exchange-correlation= PBE
                           (   1   4   3   4   0   0   0)

     celldm(1)=   5.131427  celldm(2)=   0.000000  celldm(3)=   0.000000
     celldm(4)=   0.000000  celldm(5)=   0.000000  celldm(6)=   0.000000

     crystal axes: (cart. coord. in units of alat)
               a(1) = (   1.000000   0.000000   0.000000 )  
               a(2) = (  -0.500000   0.866025   0.000000 )  
               a(3) = (   0.000000   0.000000   0.910070 )  

     reciprocal axes: (cart. coord. in units 2 pi/alat)
               b(1) = (  1.000000  0.577350  0.000000 )  
               b(2) = (  0.000000  1.154701  0.000000 )  
               b(3) = (  0.000000  0.000000  1.098817 )  


     PseudoPot. # 1 for He read from file:
     /home/pragov/projects/rrg-bengioy-ad/pragov/crystal_structure_design/SSSP/He_ONCV_PBE-1.0.oncvpsp.upf
     MD5 check sum: e7160162b946020f132a727efeb32d00
     Pseudo is Norm-conserving, Zval =  2.0
     Generated using ONCVPSP code by D. R. Hamann
     Using radial grid of  722 points,  2 beta functions with: 
                l(1) =   0
                l(2) =   0

     atomic species   valence    mass     pseudopotential
        He             2.00     4.00260     He( 1.00)

     24 Sym. Ops., with inversion, found


                                    s                        frac. trans.

      isym =  1     identity                                     

 cryst.   s( 1) = (     1          0          0      )
                  (     0          1          0      )
                  (     0          0          1      )

 cart.    s( 1) = (  1.0000000  0.0000000  0.0000000 )
                  (  0.0000000  1.0000000  0.0000000 )
                  (  0.0000000  0.0000000  1.0000000 )


      isym =  2     180 deg rotation - cart. axis [0,0,1]        

 cryst.   s( 2) = (    -1          0          0      )
                  (     0         -1          0      )
                  (     0          0          1      )

 cart.    s( 2) = ( -1.0000000 -0.0000000  0.0000000 )
                  (  0.0000000 -1.0000000  0.0000000 )
                  (  0.0000000  0.0000000  1.0000000 )


      isym =  3     180 deg rotation - cart. axis [0,1,0]        

 cryst.   s( 3) = (    -1          0          0      )
                  (     1          1          0      )
                  (     0          0         -1      )

 cart.    s( 3) = ( -1.0000000 -0.0000001  0.0000000 )
                  (  0.0000000  1.0000000  0.0000000 )
                  (  0.0000000  0.0000000 -1.0000000 )


      isym =  4     180 deg rotation - cart. axis [1,0,0]        

 cryst.   s( 4) = (     1          0          0      )
                  (    -1         -1          0      )
                  (     0          0         -1      )

 cart.    s( 4) = (  1.0000000  0.0000001  0.0000000 )
                  (  0.0000000 -1.0000000  0.0000000 )
                  (  0.0000000  0.0000000 -1.0000000 )


      isym =  5      60 deg rotation - cryst. axis [0,0,1]       

 cryst.   s( 5) = (     1          1          0      )
                  (    -1          0          0      )
                  (     0          0          1      )

 cart.    s( 5) = (  0.4999999 -0.8660254  0.0000000 )
                  (  0.8660254  0.5000001  0.0000000 )
                  (  0.0000000  0.0000000  1.0000000 )


      isym =  6      60 deg rotation - cryst. axis [0,0,-1]      

 cryst.   s( 6) = (     0         -1          0      )
                  (     1          1          0      )
                  (     0          0          1      )

 cart.    s( 6) = (  0.5000001  0.8660254  0.0000000 )
                  ( -0.8660254  0.4999999  0.0000000 )
                  (  0.0000000  0.0000000  1.0000000 )


      isym =  7     120 deg rotation - cryst. axis [0,0,1]       

 cryst.   s( 7) = (     0          1          0      )
                  (    -1         -1          0      )
                  (     0          0          1      )

 cart.    s( 7) = ( -0.5000001 -0.8660254  0.0000000 )
                  (  0.8660254 -0.4999999  0.0000000 )
                  (  0.0000000  0.0000000  1.0000000 )


      isym =  8     120 deg rotation - cryst. axis [0,0,-1]      

 cryst.   s( 8) = (    -1         -1          0      )
                  (     1          0          0      )
                  (     0          0          1      )

 cart.    s( 8) = ( -0.4999999  0.8660254  0.0000000 )
                  ( -0.8660254 -0.5000001  0.0000000 )
                  (  0.0000000  0.0000000  1.0000000 )


      isym =  9     180 deg rotation - cryst. axis [1,-1,0]      

 cryst.   s( 9) = (     0         -1          0      )
                  (    -1          0          0      )
                  (     0          0         -1      )

 cart.    s( 9) = (  0.5000001 -0.8660254  0.0000000 )
                  ( -0.8660254 -0.5000001  0.0000000 )
                  (  0.0000000  0.0000000 -1.0000000 )


      isym = 10     180 deg rotation - cryst. axis [2,1,0]       

 cryst.   s(10) = (     1          1          0      )
                  (     0         -1          0      )
                  (     0          0         -1      )

 cart.    s(10) = (  0.4999999  0.8660255  0.0000000 )
                  (  0.8660254 -0.4999999  0.0000000 )
                  (  0.0000000  0.0000000 -1.0000000 )


      isym = 11     180 deg rotation - cryst. axis [0,1,0]       

 cryst.   s(11) = (    -1         -1          0      )
                  (     0          1          0      )
                  (     0          0         -1      )

 cart.    s(11) = ( -0.4999999 -0.8660255  0.0000000 )
                  ( -0.8660254  0.4999999  0.0000000 )
                  (  0.0000000  0.0000000 -1.0000000 )


      isym = 12     180 deg rotation - cryst. axis [1,1,0]       

 cryst.   s(12) = (     0          1          0      )
                  (     1          0          0      )
                  (     0          0         -1      )

 cart.    s(12) = ( -0.5000001  0.8660254  0.0000000 )
                  (  0.8660254  0.5000001  0.0000000 )
                  (  0.0000000  0.0000000 -1.0000000 )


      isym = 13     inversion                                    

 cryst.   s(13) = (    -1          0          0      )
                  (     0         -1          0      )
                  (     0          0         -1      )

 cart.    s(13) = ( -1.0000000 -0.0000000  0.0000000 )
                  (  0.0000000 -1.0000000  0.0000000 )
                  (  0.0000000  0.0000000 -1.0000000 )


      isym = 14     inv. 180 deg rotation - cart. axis [0,0,1]   

 cryst.   s(14) = (     1          0          0      )
                  (     0          1          0      )
                  (     0          0         -1      )

 cart.    s(14) = (  1.0000000  0.0000000  0.0000000 )
                  (  0.0000000  1.0000000  0.0000000 )
                  (  0.0000000  0.0000000 -1.0000000 )


      isym = 15     inv. 180 deg rotation - cart. axis [0,1,0]   

 cryst.   s(15) = (     1          0          0      )
                  (    -1         -1          0      )
                  (     0          0          1      )

 cart.    s(15) = (  1.0000000  0.0000001  0.0000000 )
                  (  0.0000000 -1.0000000  0.0000000 )
                  (  0.0000000  0.0000000  1.0000000 )


      isym = 16     inv. 180 deg rotation - cart. axis [1,0,0]   

 cryst.   s(16) = (    -1          0          0      )
                  (     1          1          0      )
                  (     0          0          1      )

 cart.    s(16) = ( -1.0000000 -0.0000001  0.0000000 )
                  (  0.0000000  1.0000000  0.0000000 )
                  (  0.0000000  0.0000000  1.0000000 )


      isym = 17     inv.  60 deg rotation - cryst. axis [0,0,1]  

 cryst.   s(17) = (    -1         -1          0      )
                  (     1          0          0      )
                  (     0          0         -1      )

 cart.    s(17) = ( -0.4999999  0.8660254  0.0000000 )
                  ( -0.8660254 -0.5000001  0.0000000 )
                  (  0.0000000  0.0000000 -1.0000000 )


      isym = 18     inv.  60 deg rotation - cryst. axis [0,0,-1] 

 cryst.   s(18) = (     0          1          0      )
                  (    -1         -1          0      )
                  (     0          0         -1      )

 cart.    s(18) = ( -0.5000001 -0.8660254  0.0000000 )
                  (  0.8660254 -0.4999999  0.0000000 )
                  (  0.0000000  0.0000000 -1.0000000 )


      isym = 19     inv. 120 deg rotation - cryst. axis [0,0,1]  

 cryst.   s(19) = (     0         -1          0      )
                  (     1          1          0      )
                  (     0          0         -1      )

 cart.    s(19) = (  0.5000001  0.8660254  0.0000000 )
                  ( -0.8660254  0.4999999  0.0000000 )
                  (  0.0000000  0.0000000 -1.0000000 )


      isym = 20     inv. 120 deg rotation - cryst. axis [0,0,-1] 

 cryst.   s(20) = (     1          1          0      )
                  (    -1          0          0      )
                  (     0          0         -1      )

 cart.    s(20) = (  0.4999999 -0.8660254  0.0000000 )
                  (  0.8660254  0.5000001  0.0000000 )
                  (  0.0000000  0.0000000 -1.0000000 )


      isym = 21     inv. 180 deg rotation - cryst. axis [1,-1,0] 

 cryst.   s(21) = (     0          1          0      )
                  (     1          0          0      )
                  (     0          0          1      )

 cart.    s(21) = ( -0.5000001  0.8660254  0.0000000 )
                  (  0.8660254  0.5000001  0.0000000 )
                  (  0.0000000  0.0000000  1.0000000 )


      isym = 22     inv. 180 deg rotation - cryst. axis [2,1,0]  

 cryst.   s(22) = (    -1         -1          0      )
                  (     0          1          0      )
                  (     0          0          1      )

 cart.    s(22) = ( -0.4999999 -0.8660255  0.0000000 )
                  ( -0.8660254  0.4999999  0.0000000 )
                  (  0.0000000  0.0000000  1.0000000 )


      isym = 23     inv. 180 deg rotation - cryst. axis [0,1,0]  

 cryst.   s(23) = (     1          1          0      )
                  (     0         -1          0      )
                  (     0          0          1      )

 cart.    s(23) = (  0.4999999  0.8660255  0.0000000 )
                  (  0.8660254 -0.4999999  0.0000000 )
                  (  0.0000000  0.0000000  1.0000000 )


      isym = 24     inv. 180 deg rotation - cryst. axis [1,1,0]  

 cryst.   s(24) = (     0         -1          0      )
                  (    -1          0          0      )
                  (     0          0          1      )

 cart.    s(24) = (  0.5000001 -0.8660254  0.0000000 )
                  ( -0.8660254 -0.5000001  0.0000000 )
                  (  0.0000000  0.0000000  1.0000000 )


   Cartesian axes

     site n.     atom                  positions (alat units)
         1           He  tau(   1) = (   0.0000000   0.0000000   0.0000000  )

   Crystallographic axes

     site n.     atom                  positions (cryst. coord.)
         1           He  tau(   1) = (  0.0000000  0.0000000  0.0000000  )

     number of k points=     6
                       cart. coord. in units 2pi/alat
        k(    1) = (   0.0000000   0.0000000   0.0000000), wk =   0.0740741
        k(    2) = (   0.0000000   0.0000000   0.3662724), wk =   0.1481481
        k(    3) = (   0.0000000   0.3849002   0.0000000), wk =   0.4444444
        k(    4) = (   0.0000000   0.3849002   0.3662724), wk =   0.8888889
        k(    5) = (   0.3333333   0.5773503   0.0000000), wk =   0.1481481
        k(    6) = (   0.3333333   0.5773503   0.3662724), wk =   0.2962963

                       cryst. coord.
        k(    1) = (   0.0000000   0.0000000   0.0000000), wk =   0.0740741
        k(    2) = (   0.0000000   0.0000000   0.3333333), wk =   0.1481481
        k(    3) = (   0.0000000   0.3333333   0.0000000), wk =   0.4444444
        k(    4) = (   0.0000000   0.3333333   0.3333333), wk =   0.8888889
        k(    5) = (   0.3333333   0.3333333   0.0000000), wk =   0.1481481
        k(    6) = (   0.3333333   0.3333333   0.3333333), wk =   0.2962963

     Dense  grid:     6671 G-vectors     FFT dimensions: (  25,  25,  24)

     Smooth grid:     2327 G-vectors     FFT dimensions: (  18,  18,  18)

     Dynamical RAM for                 wfc:       0.29 MB

     Dynamical RAM for     wfc (w. buffer):       2.02 MB

     Dynamical RAM for           str. fact:       0.10 MB

     Dynamical RAM for           local pot:       0.00 MB

     Dynamical RAM for          nlocal pot:       0.01 MB

     Dynamical RAM for                qrad:       0.04 MB

     Dynamical RAM for          rho,v,vnew:       0.65 MB

     Dynamical RAM for               rhoin:       0.22 MB

     Dynamical RAM for            rho*nmix:       1.63 MB

     Dynamical RAM for           G-vectors:       0.40 MB

     Dynamical RAM for          h,s,v(r/c):       0.75 MB

     Dynamical RAM for          <psi|beta>:       0.00 MB

     Dynamical RAM for                 psi:       0.58 MB

     Dynamical RAM for                hpsi:       0.58 MB

     Dynamical RAM for      wfcinit/wfcrot:       0.67 MB

     Estimated static dynamical RAM per process >       4.20 MB

     Estimated max dynamical RAM per process >       7.74 MB

     Initial potential from superposition of free atoms

     starting charge       2.0000, renormalised to       2.0000
     Starting wfcs are    1 randomized atomic wfcs +   63 random wfcs

     total cpu time spent up to now is       11.2 secs

     Self-consistent Calculation

     iteration #  1     ecut=    30.00 Ry     beta= 0.70
     Davidson diagonalization with overlap

---- Real-time Memory Report at c_bands before calling an iterative solver
           512 MiB given to the printing process from OS
             0 MiB allocation reported by mallinfo(arena+hblkhd)
        134190 MiB available memory on the node where the printing process lives
------------------
     ethr =  1.00E-02,  avg # of iterations =  4.3

     Threshold (ethr) on eigenvalues was too large:
     Diagonalizing with lowered threshold

     Davidson diagonalization with overlap

---- Real-time Memory Report at c_bands before calling an iterative solver
           516 MiB given to the printing process from OS
             0 MiB allocation reported by mallinfo(arena+hblkhd)
        134190 MiB available memory on the node where the printing process lives
------------------
     ethr =  4.15E-06,  avg # of iterations =  6.5

     total cpu time spent up to now is       21.2 secs

     total energy              =      -5.57086153 Ry
     estimated scf accuracy    <       0.00008294 Ry

     iteration #  2     ecut=    30.00 Ry     beta= 0.70
     Davidson diagonalization with overlap

---- Real-time Memory Report at c_bands before calling an iterative solver
           516 MiB given to the printing process from OS
             0 MiB allocation reported by mallinfo(arena+hblkhd)
        134189 MiB available memory on the node where the printing process lives
------------------
     ethr =  4.15E-06,  avg # of iterations =  1.0

     total cpu time spent up to now is       22.6 secs

     total energy              =      -5.57086957 Ry
     estimated scf accuracy    <       0.00000520 Ry

     iteration #  3     ecut=    30.00 Ry     beta= 0.70
     Davidson diagonalization with overlap

---- Real-time Memory Report at c_bands before calling an iterative solver
           517 MiB given to the printing process from OS
             0 MiB allocation reported by mallinfo(arena+hblkhd)
        134187 MiB available memory on the node where the printing process lives
------------------
     ethr =  2.60E-07,  avg # of iterations =  1.0

     total cpu time spent up to now is       24.0 secs

     End of self-consistent calculation

          k = 0.0000 0.0000 0.0000 (   279 PWs)   bands (ev):

   -15.4280   4.1178  19.2328  20.4342  20.4342  21.6550  24.0337  24.0338
    25.2659  36.9745  43.2246  45.3952  45.3952  45.9772  45.9772  48.6700
    48.6700  48.8519  48.8519  49.8289  50.0444  69.3123  75.3125  75.3125
    76.9400  76.9400  77.1609  88.0557  92.3594  95.5232  98.9055  98.9055
   100.4344 100.9258 100.9258 101.3693 101.3694 101.8718 101.8718 101.9049
   102.0431 104.3331 104.3331 104.4553 104.6568 104.6568 104.9397 114.4664
   116.2560 119.4989 119.4990 119.6947 119.6947 122.5393 122.5393 122.7063
   122.7063 123.6947 123.9044 127.0863 128.3526 128.3526 128.7580 128.7580

     occupation numbers 
     1.0000   0.0000   0.0000   0.0000   0.0000   0.0000   0.0000   0.0000
     0.0000   0.0000   0.0000   0.0000   0.0000   0.0000   0.0000   0.0000
     0.0000   0.0000   0.0000   0.0000   0.0000   0.0000   0.0000   0.0000
     0.0000   0.0000   0.0000   0.0000   0.0000   0.0000   0.0000   0.0000
     0.0000   0.0000   0.0000   0.0000   0.0000   0.0000   0.0000   0.0000
     0.0000   0.0000   0.0000   0.0000   0.0000   0.0000   0.0000   0.0000
     0.0000   0.0000   0.0000   0.0000   0.0000   0.0000   0.0000   0.0000
     0.0000   0.0000   0.0000   0.0000   0.0000   0.0000   0.0000   0.0000

          k = 0.0000 0.0000 0.3663 (   302 PWs)   bands (ev):

   -14.7707   3.3472  11.6919  22.8102  22.8102  26.7087  26.7087  27.9775
    29.5107  32.4711  32.4711  35.1550  35.1550  36.2833  37.8333  55.1031
    62.5606  64.6047  64.6047  67.8867  67.8867  69.0867  72.3192  77.6523
    77.6523  79.5196  79.5196  79.7907  83.1445  86.6641  86.6641  88.2816
    88.2816  88.4190  89.1837  90.2456  90.2456  92.5943  92.5943  93.7130
   102.9950 105.7920 105.7920 106.4510 106.4511 107.0639 114.1288 115.0866
   115.0866 115.3416 115.3416 115.7828 117.7298 119.8856 119.8856 121.0042
   121.0042 121.1045 128.2146 140.3982 144.3526 144.3526 145.5935 145.5935

     occupation numbers 
     1.0000   0.0000   0.0000   0.0000   0.0000   0.0000   0.0000   0.0000
     0.0000   0.0000   0.0000   0.0000   0.0000   0.0000   0.0000   0.0000
     0.0000   0.0000   0.0000   0.0000   0.0000   0.0000   0.0000   0.0000
     0.0000   0.0000   0.0000   0.0000   0.0000   0.0000   0.0000   0.0000
     0.0000   0.0000   0.0000   0.0000   0.0000   0.0000   0.0000   0.0000
     0.0000   0.0000   0.0000   0.0000   0.0000   0.0000   0.0000   0.0000
     0.0000   0.0000   0.0000   0.0000   0.0000   0.0000   0.0000   0.0000
     0.0000   0.0000   0.0000   0.0000   0.0000   0.0000   0.0000   0.0000

          k = 0.0000 0.3849 0.0000 (   292 PWs)   bands (ev):

   -14.7437   3.5635  11.8708  16.0047  20.4683  21.9837  28.8856  31.6987
    32.7346  34.3681  39.7337  40.9792  41.1428  41.1662  43.5727  50.0647
    52.6718  56.1276  58.4743  59.3482  59.5127  67.4836  68.6718  69.2480
    74.3106  76.6886  76.9705  77.5862  78.9412  79.1256  87.9784  88.7867
    92.5665  94.8507  95.8470  95.9590 101.0794 103.4373 104.0713 104.1063
   105.5659 105.6112 105.7827 107.0427 112.4798 113.2900 113.4917 113.5674
   115.2348 115.2365 115.3294 115.4450 123.2602 124.6581 128.3755 130.0012
   131.6802 131.7477 133.0102 133.0241 133.4981 133.7210 139.6887 142.4679

     occupation numbers 
     1.0000   0.0000   0.0000   0.0000   0.0000   0.0000   0.0000   0.0000
     0.0000   0.0000   0.0000   0.0000   0.0000   0.0000   0.0000   0.0000
     0.0000   0.0000   0.0000   0.0000   0.0000   0.0000   0.0000   0.0000
     0.0000   0.0000   0.0000   0.0000   0.0000   0.0000   0.0000   0.0000
     0.0000   0.0000   0.0000   0.0000   0.0000   0.0000   0.0000   0.0000
     0.0000   0.0000   0.0000   0.0000   0.0000   0.0000   0.0000   0.0000
     0.0000   0.0000   0.0000   0.0000   0.0000   0.0000   0.0000   0.0000
     0.0000   0.0000   0.0000   0.0000   0.0000   0.0000   0.0000   0.0000

          k = 0.0000 0.3849 0.3663 (   296 PWs)   bands (ev):

   -14.2097   5.1356   9.8957  15.5974  18.5167  19.2220  26.0661  27.5479
    31.7931  37.1499  40.6125  43.5780  45.9572  46.9850  48.2517  53.1899
    55.0272  55.0399  59.6424  60.2611  61.7427  64.0112  65.5520  72.2604
    74.5376  75.9033  78.2386  80.5077  81.2796  82.2198  84.4396  84.7580
    87.4911  89.5730  90.2098  91.8237  91.8296  95.3598  96.7879  99.7098
   100.2548 101.1416 103.2349 106.8204 109.4740 112.2098 114.1447 117.3890
   118.3668 119.2881 121.2888 121.9100 122.8006 127.4050 127.5970 130.1906
   132.7453 132.7843 136.0355 136.3190 138.4329 140.6180 142.8458 144.7885

     occupation numbers 
     1.0000   0.0000   0.0000   0.0000   0.0000   0.0000   0.0000   0.0000
     0.0000   0.0000   0.0000   0.0000   0.0000   0.0000   0.0000   0.0000
     0.0000   0.0000   0.0000   0.0000   0.0000   0.0000   0.0000   0.0000
     0.0000   0.0000   0.0000   0.0000   0.0000   0.0000   0.0000   0.0000
     0.0000   0.0000   0.0000   0.0000   0.0000   0.0000   0.0000   0.0000
     0.0000   0.0000   0.0000   0.0000   0.0000   0.0000   0.0000   0.0000
     0.0000   0.0000   0.0000   0.0000   0.0000   0.0000   0.0000   0.0000
     0.0000   0.0000   0.0000   0.0000   0.0000   0.0000   0.0000   0.0000

          k = 0.3333 0.5774 0.0000 (   294 PWs)   bands (ev):

   -14.3729   5.6089   5.6089  15.5048  25.1769  29.6686  29.6686  30.4008
    30.4008  31.4077  31.8280  31.8280  46.6402  54.7981  54.7981  55.5867
    56.3093  56.3093  57.4822  57.4822  58.1513  60.1585  60.4910  60.4910
    75.5674  80.9999  81.4425  81.4425  82.1292  82.1292  84.7892  84.9797
    85.0083  85.0083  85.0460  85.0460  96.3187  98.3425 104.2403 104.2403
   104.4262 104.4262 107.8921 110.4296 110.4296 114.5395 114.5395 114.7724
   124.9271 128.7054 129.7449 129.7449 129.8296 129.8296 133.6632 135.6834
   135.6834 136.4127 136.4463 136.4463 138.7635 138.7635 139.2256 139.2256

     occupation numbers 
     1.0000   0.0000   0.0000   0.0000   0.0000   0.0000   0.0000   0.0000
     0.0000   0.0000   0.0000   0.0000   0.0000   0.0000   0.0000   0.0000
     0.0000   0.0000   0.0000   0.0000   0.0000   0.0000   0.0000   0.0000
     0.0000   0.0000   0.0000   0.0000   0.0000   0.0000   0.0000   0.0000
     0.0000   0.0000   0.0000   0.0000   0.0000   0.0000   0.0000   0.0000
     0.0000   0.0000   0.0000   0.0000   0.0000   0.0000   0.0000   0.0000
     0.0000   0.0000   0.0000   0.0000   0.0000   0.0000   0.0000   0.0000
     0.0000   0.0000   0.0000   0.0000   0.0000   0.0000   0.0000   0.0000

          k = 0.3333 0.5774 0.3663 (   300 PWs)   bands (ev):

   -13.9180   8.2499   8.2499  11.1605  16.8008  16.8008  26.3361  33.6222
    33.6222  40.0219  42.6798  42.6798  43.3020  49.4924  49.4924  54.0773
    58.7991  58.7991  62.8365  62.9327  62.9327  64.8955  68.5592  68.5592
    70.3201  71.2725  71.4359  71.4359  73.8318  74.3511  74.3511  75.3572
    75.3572  94.3387  99.4068  99.8385  99.8385 100.7936 100.7936 104.0213
   104.1173 104.1173 109.8987 112.7897 112.7897 117.2011 117.2011 117.4452
   120.4719 122.5979 122.5979 125.0737 125.0737 125.1531 125.8548 126.2891
   126.2891 128.7070 128.9168 128.9168 132.5920 139.8749 139.8749 140.6033

     occupation numbers 
     1.0000   0.0000   0.0000   0.0000   0.0000   0.0000   0.0000   0.0000
     0.0000   0.0000   0.0000   0.0000   0.0000   0.0000   0.0000   0.0000
     0.0000   0.0000   0.0000   0.0000   0.0000   0.0000   0.0000   0.0000
     0.0000   0.0000   0.0000   0.0000   0.0000   0.0000   0.0000   0.0000
     0.0000   0.0000   0.0000   0.0000   0.0000   0.0000   0.0000   0.0000
     0.0000   0.0000   0.0000   0.0000   0.0000   0.0000   0.0000   0.0000
     0.0000   0.0000   0.0000   0.0000   0.0000   0.0000   0.0000   0.0000
     0.0000   0.0000   0.0000   0.0000   0.0000   0.0000   0.0000   0.0000

     highest occupied, lowest unoccupied level (ev):   -13.9180    3.3472

!    total energy              =      -5.57086975 Ry
     estimated scf accuracy    <       0.00000008 Ry

     The total energy is the sum of the following terms:
     one-electron contribution =      -2.80117491 Ry
     hartree contribution      =       1.59558053 Ry
     xc contribution           =      -1.95146028 Ry
     ewald contribution        =      -2.41381509 Ry

     convergence has been achieved in   3 iterations

     Writing all to output data dir calculations_bands/myprefix.save/
 
     init_run     :    289.47s CPU     11.06s WALL (       1 calls)
     electrons    :    390.86s CPU     12.80s WALL (       1 calls)

     Called by init_run:
     wfcinit      :    210.81s CPU      7.82s WALL (       1 calls)
     wfcinit:atom :      0.01s CPU      0.00s WALL (       6 calls)
     wfcinit:wfcr :    210.59s CPU      7.81s WALL (       6 calls)
     potinit      :     16.25s CPU      0.66s WALL (       1 calls)
     hinit0       :     62.41s CPU      2.58s WALL (       1 calls)

     Called by electrons:
     c_bands      :    356.35s CPU     11.72s WALL (       4 calls)
     sum_band     :     33.75s CPU      1.06s WALL (       4 calls)
     v_of_rho     :      0.36s CPU      0.01s WALL (       4 calls)
     v_h          :      0.04s CPU      0.00s WALL (       4 calls)
     v_xc         :      0.31s CPU      0.01s WALL (       4 calls)
     mix_rho      :      0.06s CPU      0.00s WALL (       4 calls)

     Called by c_bands:
     init_us_2    :      0.20s CPU      0.01s WALL (      54 calls)
     init_us_2:cp :      0.12s CPU      0.00s WALL (      54 calls)
     cegterg      :    355.81s CPU     11.70s WALL (      24 calls)

     Called by sum_band:
     sum_band:wei :      0.00s CPU      0.00s WALL (       4 calls)
     sum_band:loo :     33.57s CPU      1.05s WALL (       4 calls)
     sum_band:buf :      0.07s CPU      0.00s WALL (      24 calls)
     sum_band:ini :      0.11s CPU      0.00s WALL (      24 calls)

     Called by *egterg:
     cdiaghg      :     15.15s CPU      0.51s WALL (      95 calls)
     cegterg:over :      0.54s CPU      0.02s WALL (      77 calls)
     cegterg:upda :      0.38s CPU      0.01s WALL (      77 calls)
     cegterg:last :      0.27s CPU      0.01s WALL (      48 calls)
     h_psi        :    548.34s CPU     18.90s WALL (     107 calls)
     g_psi        :      0.12s CPU      0.00s WALL (      77 calls)

     Called by h_psi:
     h_psi:calbec :      0.59s CPU      0.02s WALL (     107 calls)
     vloc_psi     :    546.89s CPU     18.85s WALL (     107 calls)
     add_vuspsi   :      0.30s CPU      0.01s WALL (     107 calls)

     General routines
     calbec       :      0.45s CPU      0.02s WALL (     107 calls)
     fft          :     62.48s CPU      2.56s WALL (      46 calls)
     ffts         :     16.06s CPU      0.65s WALL (       8 calls)
     fftw         :    559.73s CPU     19.25s WALL (   10356 calls)
     interpolate  :     16.08s CPU      0.65s WALL (       4 calls)
 
     Parallel routines
 
     PWSCF        :  11m32.80s CPU     24.40s WALL

 
   This run was terminated on:   4:30:35   3Jun2023            

=------------------------------------------------------------------------------=
   JOB DONE.
=------------------------------------------------------------------------------=
