
     Program PWSCF v.7.0 starts on  6Jun2023 at  0:12:52 

     This program is part of the open-source Quantum ESPRESSO suite
     for quantum simulation of materials; please cite
         "P. Giannozzi et al., J. Phys.:Condens. Matter 21 395502 (2009);
         "P. Giannozzi et al., J. Phys.:Condens. Matter 29 465901 (2017);
         "P. Giannozzi et al., J. Chem. Phys. 152 154105 (2020);
          URL http://www.quantum-espresso.org", 
     in publications or presentations arising from this work. More details at
     http://www.quantum-espresso.org/quote

     Parallel version (MPI & OpenMP), running on      32 processor cores
     Number of MPI processes:                 8
     Threads/MPI process:                     4

     MPI processes distributed on     1 nodes
     K-points division:     npool     =       2
     R & G space division:  proc/nbgrp/npool/nimage =       4
     994 MiB available memory on the printing compute node when the environment starts
 
     Reading input from espresso_12479.pwi
Warning: card &CELL ignored
Warning: card / ignored

     Current dimensions of program PWSCF are:
     Max number of different atomic species (ntypx) = 10
     Max number of k-points (npk) =  40000
     Max angular momentum in pseudopotentials (lmaxx) =  4
     Message from routine setup:
     using ibrav=0 with symmetry is DISCOURAGED, use correct ibrav instead

     Subspace diagonalization in iterative solution of the eigenvalue problem:
     one sub-group per band group will be used
     scalapack distributed-memory algorithm (size of sub-group:  2*  2 procs)

 
     Parallelization info
     --------------------
     sticks:   dense  smooth     PW     G-vecs:    dense   smooth      PW
     Min         303     148     46                 6455     2274     390
     Max         304     149     47                 6456     2277     393
     Sum        1213     595    187                25821     9101    1567
 
     Using Slab Decomposition
 


     bravais-lattice index     =            0
     lattice parameter (alat)  =       8.5527  a.u.
     unit-cell volume          =     411.4722 (a.u.)^3
     number of atoms/cell      =            6
     number of atomic types    =            2
     number of electrons       =        32.00
     number of Kohn-Sham states=           64
     kinetic-energy cutoff     =      30.0000  Ry
     charge density cutoff     =     240.0000  Ry
     scf convergence threshold =      1.0E-06
     mixing beta               =       0.7000
     number of iterations used =            8  plain     mixing
     Exchange-correlation=  SLA  PW   PBX  PBC
                           (   1   4   3   4   0   0   0)

     celldm(1)=   8.552698  celldm(2)=   0.000000  celldm(3)=   0.000000
     celldm(4)=   0.000000  celldm(5)=   0.000000  celldm(6)=   0.000000

     crystal axes: (cart. coord. in units of alat)
               a(1) = (   1.000000   0.000000   0.000000 )  
               a(2) = (  -0.500000   0.866026   0.000000 )  
               a(3) = (   0.000000   0.000000   0.759452 )  

     reciprocal axes: (cart. coord. in units 2 pi/alat)
               b(1) = (  1.000000  0.577350  0.000000 )  
               b(2) = (  0.000000  1.154700  0.000000 )  
               b(3) = (  0.000000  0.000000  1.316739 )  


     PseudoPot. # 1 for Hf read from file:
     /home/pragov/projects/rrg-bengioy-ad/pragov/crystal_structure_design/SSSP/Hf-sp.oncvpsp.upf
     MD5 check sum: 417ed15784afe83d2e06dacf143de3f8
     Pseudo is Norm-conserving + core correction, Zval = 12.0
     Generated using ONCVPSP code by D. R. Hamann
     Using radial grid of 1656 points,  8 beta functions with: 
                l(1) =   0
                l(2) =   0
                l(3) =   1
                l(4) =   1
                l(5) =   2
                l(6) =   2
                l(7) =   3
                l(8) =   3

     PseudoPot. # 2 for Be read from file:
     /home/pragov/projects/rrg-bengioy-ad/pragov/crystal_structure_design/SSSP/be_pbe_v1.4.uspp.F.UPF
     MD5 check sum: 5ecff1440924c7c98ad504bef30f5264
     Pseudo is Ultrasoft, Zval =  4.0
     Generated by new atomic code, or converted to UPF format
     Using radial grid of  769 points,  6 beta functions with: 
                l(1) =   0
                l(2) =   0
                l(3) =   0
                l(4) =   1
                l(5) =   1
                l(6) =   2
     Q(r) pseudized with 10 coefficients,  rinner =    1.000   1.000   1.000
                                                       1.000   1.000

     atomic species   valence    mass     pseudopotential
        Hf            12.00   178.49000     Hf( 1.00)
        Be             4.00     9.01218     Be( 1.00)

     24 Sym. Ops., with inversion, found


                                    s                        frac. trans.

      isym =  1     identity                                     

 cryst.   s( 1) = (     1          0          0      )
                  (     0          1          0      )
                  (     0          0          1      )

 cart.    s( 1) = (  1.0000000  0.0000000  0.0000000 )
                  (  0.0000000  1.0000000  0.0000000 )
                  (  0.0000000  0.0000000  1.0000000 )


      isym =  2     180 deg rotation - cart. axis [0,0,1]        

 cryst.   s( 2) = (    -1          0          0      )
                  (     0         -1          0      )
                  (     0          0          1      )

 cart.    s( 2) = ( -1.0000000 -0.0000000  0.0000000 )
                  (  0.0000000 -1.0000000  0.0000000 )
                  (  0.0000000  0.0000000  1.0000000 )


      isym =  3     180 deg rotation - cart. axis [0,1,0]        

 cryst.   s( 3) = (    -1          0          0      )
                  (     1          1          0      )
                  (     0          0         -1      )

 cart.    s( 3) = ( -1.0000000  0.0000005  0.0000000 )
                  (  0.0000000  1.0000000  0.0000000 )
                  (  0.0000000  0.0000000 -1.0000000 )


      isym =  4     180 deg rotation - cart. axis [1,0,0]        

 cryst.   s( 4) = (     1          0          0      )
                  (    -1         -1          0      )
                  (     0          0         -1      )

 cart.    s( 4) = (  1.0000000 -0.0000005  0.0000000 )
                  (  0.0000000 -1.0000000  0.0000000 )
                  (  0.0000000  0.0000000 -1.0000000 )


      isym =  5      60 deg rotation - cryst. axis [0,0,1]       

 cryst.   s( 5) = (     1          1          0      )
                  (    -1          0          0      )
                  (     0          0          1      )

 cart.    s( 5) = (  0.5000002 -0.8660253  0.0000000 )
                  (  0.8660255  0.4999998  0.0000000 )
                  (  0.0000000  0.0000000  1.0000000 )


      isym =  6      60 deg rotation - cryst. axis [0,0,-1]      

 cryst.   s( 6) = (     0         -1          0      )
                  (     1          1          0      )
                  (     0          0          1      )

 cart.    s( 6) = (  0.4999998  0.8660253  0.0000000 )
                  ( -0.8660255  0.5000002  0.0000000 )
                  (  0.0000000  0.0000000  1.0000000 )


      isym =  7     120 deg rotation - cryst. axis [0,0,1]       

 cryst.   s( 7) = (     0          1          0      )
                  (    -1         -1          0      )
                  (     0          0          1      )

 cart.    s( 7) = ( -0.4999998 -0.8660253  0.0000000 )
                  (  0.8660255 -0.5000002  0.0000000 )
                  (  0.0000000  0.0000000  1.0000000 )


      isym =  8     120 deg rotation - cryst. axis [0,0,-1]      

 cryst.   s( 8) = (    -1         -1          0      )
                  (     1          0          0      )
                  (     0          0          1      )

 cart.    s( 8) = ( -0.5000002  0.8660253  0.0000000 )
                  ( -0.8660255 -0.4999998  0.0000000 )
                  (  0.0000000  0.0000000  1.0000000 )


      isym =  9     180 deg rotation - cryst. axis [1,-1,0]      

 cryst.   s( 9) = (     0         -1          0      )
                  (    -1          0          0      )
                  (     0          0         -1      )

 cart.    s( 9) = (  0.4999998 -0.8660255  0.0000000 )
                  ( -0.8660255 -0.4999998  0.0000000 )
                  (  0.0000000  0.0000000 -1.0000000 )


      isym = 10     180 deg rotation - cryst. axis [2,1,0]       

 cryst.   s(10) = (     1          1          0      )
                  (     0         -1          0      )
                  (     0          0         -1      )

 cart.    s(10) = (  0.5000002  0.8660250  0.0000000 )
                  (  0.8660255 -0.5000002  0.0000000 )
                  (  0.0000000  0.0000000 -1.0000000 )


      isym = 11     180 deg rotation - cryst. axis [0,1,0]       

 cryst.   s(11) = (    -1         -1          0      )
                  (     0          1          0      )
                  (     0          0         -1      )

 cart.    s(11) = ( -0.5000002 -0.8660250  0.0000000 )
                  ( -0.8660255  0.5000002  0.0000000 )
                  (  0.0000000  0.0000000 -1.0000000 )


      isym = 12     180 deg rotation - cryst. axis [1,1,0]       

 cryst.   s(12) = (     0          1          0      )
                  (     1          0          0      )
                  (     0          0         -1      )

 cart.    s(12) = ( -0.4999998  0.8660255  0.0000000 )
                  (  0.8660255  0.4999998  0.0000000 )
                  (  0.0000000  0.0000000 -1.0000000 )


      isym = 13     inversion                                    

 cryst.   s(13) = (    -1          0          0      )
                  (     0         -1          0      )
                  (     0          0         -1      )

 cart.    s(13) = ( -1.0000000 -0.0000000  0.0000000 )
                  (  0.0000000 -1.0000000  0.0000000 )
                  (  0.0000000  0.0000000 -1.0000000 )


      isym = 14     inv. 180 deg rotation - cart. axis [0,0,1]   

 cryst.   s(14) = (     1          0          0      )
                  (     0          1          0      )
                  (     0          0         -1      )

 cart.    s(14) = (  1.0000000  0.0000000  0.0000000 )
                  (  0.0000000  1.0000000  0.0000000 )
                  (  0.0000000  0.0000000 -1.0000000 )


      isym = 15     inv. 180 deg rotation - cart. axis [0,1,0]   

 cryst.   s(15) = (     1          0          0      )
                  (    -1         -1          0      )
                  (     0          0          1      )

 cart.    s(15) = (  1.0000000 -0.0000005  0.0000000 )
                  (  0.0000000 -1.0000000  0.0000000 )
                  (  0.0000000  0.0000000  1.0000000 )


      isym = 16     inv. 180 deg rotation - cart. axis [1,0,0]   

 cryst.   s(16) = (    -1          0          0      )
                  (     1          1          0      )
                  (     0          0          1      )

 cart.    s(16) = ( -1.0000000  0.0000005  0.0000000 )
                  (  0.0000000  1.0000000  0.0000000 )
                  (  0.0000000  0.0000000  1.0000000 )


      isym = 17     inv.  60 deg rotation - cryst. axis [0,0,1]  

 cryst.   s(17) = (    -1         -1          0      )
                  (     1          0          0      )
                  (     0          0         -1      )

 cart.    s(17) = ( -0.5000002  0.8660253  0.0000000 )
                  ( -0.8660255 -0.4999998  0.0000000 )
                  (  0.0000000  0.0000000 -1.0000000 )


      isym = 18     inv.  60 deg rotation - cryst. axis [0,0,-1] 

 cryst.   s(18) = (     0          1          0      )
                  (    -1         -1          0      )
                  (     0          0         -1      )

 cart.    s(18) = ( -0.4999998 -0.8660253  0.0000000 )
                  (  0.8660255 -0.5000002  0.0000000 )
                  (  0.0000000  0.0000000 -1.0000000 )


      isym = 19     inv. 120 deg rotation - cryst. axis [0,0,1]  

 cryst.   s(19) = (     0         -1          0      )
                  (     1          1          0      )
                  (     0          0         -1      )

 cart.    s(19) = (  0.4999998  0.8660253  0.0000000 )
                  ( -0.8660255  0.5000002  0.0000000 )
                  (  0.0000000  0.0000000 -1.0000000 )


      isym = 20     inv. 120 deg rotation - cryst. axis [0,0,-1] 

 cryst.   s(20) = (     1          1          0      )
                  (    -1          0          0      )
                  (     0          0         -1      )

 cart.    s(20) = (  0.5000002 -0.8660253  0.0000000 )
                  (  0.8660255  0.4999998  0.0000000 )
                  (  0.0000000  0.0000000 -1.0000000 )


      isym = 21     inv. 180 deg rotation - cryst. axis [1,-1,0] 

 cryst.   s(21) = (     0          1          0      )
                  (     1          0          0      )
                  (     0          0          1      )

 cart.    s(21) = ( -0.4999998  0.8660255  0.0000000 )
                  (  0.8660255  0.4999998  0.0000000 )
                  (  0.0000000  0.0000000  1.0000000 )


      isym = 22     inv. 180 deg rotation - cryst. axis [2,1,0]  

 cryst.   s(22) = (    -1         -1          0      )
                  (     0          1          0      )
                  (     0          0          1      )

 cart.    s(22) = ( -0.5000002 -0.8660250  0.0000000 )
                  ( -0.8660255  0.5000002  0.0000000 )
                  (  0.0000000  0.0000000  1.0000000 )


      isym = 23     inv. 180 deg rotation - cryst. axis [0,1,0]  

 cryst.   s(23) = (     1          1          0      )
                  (     0         -1          0      )
                  (     0          0          1      )

 cart.    s(23) = (  0.5000002  0.8660250  0.0000000 )
                  (  0.8660255 -0.5000002  0.0000000 )
                  (  0.0000000  0.0000000  1.0000000 )


      isym = 24     inv. 180 deg rotation - cryst. axis [1,1,0]  

 cryst.   s(24) = (     0         -1          0      )
                  (    -1          0          0      )
                  (     0          0          1      )

 cart.    s(24) = (  0.4999998 -0.8660255  0.0000000 )
                  ( -0.8660255 -0.4999998  0.0000000 )
                  (  0.0000000  0.0000000  1.0000000 )


   Cartesian axes

     site n.     atom                  positions (alat units)
         1           Hf  tau(   1) = (   0.0000000   0.0000000   0.0000000  )
         2           Be  tau(   2) = (  -0.0000003   0.5773506   0.0000000  )
         3           Be  tau(   3) = (   0.5000006   0.2886749   0.0000000  )
         4           Be  tau(   4) = (   0.5000000   0.0000000   0.3797261  )
         5           Be  tau(   5) = (   0.2500001   0.4330128   0.3797261  )
         6           Be  tau(   6) = (  -0.2499999   0.4330128   0.3797261  )

   Crystallographic axes

     site n.     atom                  positions (cryst. coord.)
         1           Hf  tau(   1) = (  0.0000000  0.0000000  0.0000000  )
         2           Be  tau(   2) = (  0.3333330  0.6666670  0.0000000  )
         3           Be  tau(   3) = (  0.6666670  0.3333330  0.0000000  )
         4           Be  tau(   4) = (  0.5000000  0.0000000  0.5000000  )
         5           Be  tau(   5) = (  0.5000000  0.5000000  0.5000000  )
         6           Be  tau(   6) = ( -0.0000000  0.5000000  0.5000000  )

     number of k points=     6
                       cart. coord. in units 2pi/alat
        k(    1) = (   0.0000000   0.0000000   0.0000000), wk =   0.0740741
        k(    2) = (   0.0000000   0.0000000   0.4389129), wk =   0.1481481
        k(    3) = (   0.0000000   0.3849001   0.0000000), wk =   0.4444444
        k(    4) = (   0.0000000   0.3849001   0.4389129), wk =   0.8888889
        k(    5) = (   0.3333333   0.5773501   0.0000000), wk =   0.1481481
        k(    6) = (   0.3333333   0.5773501   0.4389129), wk =   0.2962963

                       cryst. coord.
        k(    1) = (   0.0000000   0.0000000   0.0000000), wk =   0.0740741
        k(    2) = (   0.0000000   0.0000000   0.3333333), wk =   0.1481481
        k(    3) = (   0.0000000   0.3333333   0.0000000), wk =   0.4444444
        k(    4) = (   0.0000000   0.3333333   0.3333333), wk =   0.8888889
        k(    5) = (   0.3333333   0.3333333   0.0000000), wk =   0.1481481
        k(    6) = (   0.3333333   0.3333333   0.3333333), wk =   0.2962963

     Dense  grid:    25821 G-vectors     FFT dimensions: (  45,  45,  36)

     Smooth grid:     9101 G-vectors     FFT dimensions: (  30,  30,  24)

     Dynamical RAM for                 wfc:       0.28 MB

     Dynamical RAM for     wfc (w. buffer):       1.11 MB

     Dynamical RAM for           str. fact:       0.20 MB

     Dynamical RAM for           local pot:       0.00 MB

     Dynamical RAM for          nlocal pot:       0.44 MB

     Dynamical RAM for                qrad:       5.97 MB

     Dynamical RAM for          rho,v,vnew:       0.71 MB

     Dynamical RAM for               rhoin:       0.24 MB

     Dynamical RAM for            rho*nmix:       1.58 MB

     Dynamical RAM for           G-vectors:       0.39 MB

     Dynamical RAM for          h,s,v(r/c):       0.19 MB

     Dynamical RAM for          <psi|beta>:       0.10 MB

     Dynamical RAM for                 psi:       0.56 MB

     Dynamical RAM for                hpsi:       0.56 MB

     Dynamical RAM for                spsi:       0.56 MB

     Dynamical RAM for      wfcinit/wfcrot:       0.65 MB

     Dynamical RAM for           addusdens:       6.80 MB

     Estimated static dynamical RAM per process >      10.05 MB

     Estimated max dynamical RAM per process >      18.43 MB

     Estimated total dynamical RAM >     141.11 MB

     Initial potential from superposition of free atoms

     starting charge      31.9974, renormalised to      32.0000
     Starting wfcs are   35 randomized atomic wfcs +   29 random wfcs

     total cpu time spent up to now is        0.9 secs

     Self-consistent Calculation

     iteration #  1     ecut=    30.00 Ry     beta= 0.70
     Davidson diagonalization with overlap

---- Real-time Memory Report at c_bands before calling an iterative solver
           128 MiB given to the printing process from OS
             0 MiB allocation reported by mallinfo(arena+hblkhd)
          1414 MiB available memory on the node where the printing process lives
------------------
     ethr =  1.00E-02,  avg # of iterations =  6.0

     total cpu time spent up to now is        1.5 secs

     total energy              =    -253.86294320 Ry
     estimated scf accuracy    <       0.33599993 Ry

     iteration #  2     ecut=    30.00 Ry     beta= 0.70
     Davidson diagonalization with overlap

---- Real-time Memory Report at c_bands before calling an iterative solver
           140 MiB given to the printing process from OS
             0 MiB allocation reported by mallinfo(arena+hblkhd)
           678 MiB available memory on the node where the printing process lives
------------------
     ethr =  1.05E-03,  avg # of iterations =  2.2

     total cpu time spent up to now is        2.0 secs

     total energy              =    -253.90791498 Ry
     estimated scf accuracy    <       0.59783252 Ry

     iteration #  3     ecut=    30.00 Ry     beta= 0.70
     Davidson diagonalization with overlap

---- Real-time Memory Report at c_bands before calling an iterative solver
           142 MiB given to the printing process from OS
             0 MiB allocation reported by mallinfo(arena+hblkhd)
           976 MiB available memory on the node where the printing process lives
------------------
     ethr =  1.05E-03,  avg # of iterations =  1.0

     total cpu time spent up to now is        2.3 secs

     total energy              =    -254.03025749 Ry
     estimated scf accuracy    <       0.00372602 Ry

     iteration #  4     ecut=    30.00 Ry     beta= 0.70
     Davidson diagonalization with overlap

---- Real-time Memory Report at c_bands before calling an iterative solver
           143 MiB given to the printing process from OS
             0 MiB allocation reported by mallinfo(arena+hblkhd)
           597 MiB available memory on the node where the printing process lives
------------------
     ethr =  1.16E-05,  avg # of iterations =  4.5

     total cpu time spent up to now is        2.6 secs

     total energy              =    -254.02997876 Ry
     estimated scf accuracy    <       0.00099294 Ry

     iteration #  5     ecut=    30.00 Ry     beta= 0.70
     Davidson diagonalization with overlap

---- Real-time Memory Report at c_bands before calling an iterative solver
           143 MiB given to the printing process from OS
             0 MiB allocation reported by mallinfo(arena+hblkhd)
           825 MiB available memory on the node where the printing process lives
------------------
     ethr =  3.10E-06,  avg # of iterations =  1.5

     total cpu time spent up to now is        2.9 secs

     total energy              =    -254.03014442 Ry
     estimated scf accuracy    <       0.00001965 Ry

     iteration #  6     ecut=    30.00 Ry     beta= 0.70
     Davidson diagonalization with overlap

---- Real-time Memory Report at c_bands before calling an iterative solver
           143 MiB given to the printing process from OS
             0 MiB allocation reported by mallinfo(arena+hblkhd)
           817 MiB available memory on the node where the printing process lives
------------------
     ethr =  6.14E-08,  avg # of iterations =  2.0

     total cpu time spent up to now is        3.1 secs

     total energy              =    -254.03014551 Ry
     estimated scf accuracy    <       0.00000220 Ry

     iteration #  7     ecut=    30.00 Ry     beta= 0.70
     Davidson diagonalization with overlap

---- Real-time Memory Report at c_bands before calling an iterative solver
           143 MiB given to the printing process from OS
             0 MiB allocation reported by mallinfo(arena+hblkhd)
           582 MiB available memory on the node where the printing process lives
------------------
     ethr =  6.87E-09,  avg # of iterations =  1.0

     total cpu time spent up to now is        3.5 secs

     End of self-consistent calculation

          k = 0.0000 0.0000 0.0000 (  1145 PWs)   bands (ev):

   -88.7070 -88.7000 -88.5327 -88.5083 -88.5083 -50.9084 -19.7379 -19.7379
   -19.4880   0.7814   6.7528   6.8852   6.8853   8.8530   9.3577   9.4639
     9.4640  13.3634  13.3635  14.9236  15.8529  16.7862  16.7862  17.9243
    17.9244  19.5899  19.5900  20.7620  21.3324  22.0724  22.0725  23.0549
    24.7173  24.7173  27.0834  29.4987  29.4987  30.6985  30.6986  33.0554
    33.3825  33.3826  33.6397  33.9792  33.9792  35.0712  36.5581  36.5581
    37.2242  37.9007  39.7379  40.9927  40.9928  42.8307  42.9288  42.9289
    44.0593  44.2080  44.2080  44.9666  47.6623  47.6623  48.3138  49.8040

     occupation numbers 
     1.0000   1.0000   1.0000   1.0000   1.0000   1.0000   1.0000   1.0000
     1.0000   1.0000   1.0000   1.0000   1.0000   1.0000   1.0000   1.0000
     0.0000   0.0000   0.0000   0.0000   0.0000   0.0000   0.0000   0.0000
     0.0000   0.0000   0.0000   0.0000   0.0000   0.0000   0.0000   0.0000
     0.0000   0.0000   0.0000   0.0000   0.0000   0.0000   0.0000   0.0000
     0.0000   0.0000   0.0000   0.0000   0.0000   0.0000   0.0000   0.0000
     0.0000   0.0000   0.0000   0.0000   0.0000   0.0000   0.0000   0.0000
     0.0000   0.0000   0.0000   0.0000   0.0000   0.0000   0.0000   0.0000

          k = 0.0000 0.0000 0.4389 (  1151 PWs)   bands (ev):

   -88.7076 -88.6993 -88.5297 -88.5170 -88.5170 -50.9102 -19.7243 -19.7243
   -19.6340   1.9563   5.1653   6.9643   7.2317   7.2317   8.6566   8.6567
    12.8802  13.9774  14.0879  14.0879  14.4558  14.4559  17.6274  17.9591
    17.9591  19.3716  19.3716  21.0096  23.7691  23.9601  24.9456  24.9457
    25.3121  26.2062  26.2062  29.6834  29.6834  30.3384  30.9616  31.0453
    31.3557  31.3557  32.9632  32.9632  35.3779  35.3779  36.5514  37.1481
    38.5125  38.5125  39.9264  39.9264  40.3591  40.3591  41.2245  41.8940
    41.8940  42.1604  43.7123  43.7377  45.6610  45.6610  46.9099  48.4826

     occupation numbers 
     1.0000   1.0000   1.0000   1.0000   1.0000   1.0000   1.0000   1.0000
     1.0000   1.0000   1.0000   1.0000   1.0000   1.0000   1.0000   1.0000
     0.0000   0.0000   0.0000   0.0000   0.0000   0.0000   0.0000   0.0000
     0.0000   0.0000   0.0000   0.0000   0.0000   0.0000   0.0000   0.0000
     0.0000   0.0000   0.0000   0.0000   0.0000   0.0000   0.0000   0.0000
     0.0000   0.0000   0.0000   0.0000   0.0000   0.0000   0.0000   0.0000
     0.0000   0.0000   0.0000   0.0000   0.0000   0.0000   0.0000   0.0000
     0.0000   0.0000   0.0000   0.0000   0.0000   0.0000   0.0000   0.0000

          k = 0.0000 0.3849 0.0000 (  1143 PWs)   bands (ev):

   -88.7039 -88.7017 -88.5248 -88.5152 -88.5148 -50.9097 -19.7492 -19.7445
   -19.4859   1.7814   4.1301   6.9645   7.1395   8.9427   9.9457  10.0598
    11.1172  12.1746  12.7089  15.2039  15.5379  15.7841  17.5531  18.3721
    18.6655  19.0881  20.0496  20.7263  21.4946  21.7930  22.9952  23.3297
    23.6246  24.1449  26.8742  28.1913  29.2205  29.5517  30.7675  30.9404
    31.8414  33.3536  33.5393  33.8299  36.4432  36.5193  37.3980  37.4269
    38.1102  39.7662  39.9879  40.8290  41.4342  42.4442  43.0984  43.3736
    44.5525  44.9399  45.9945  46.6682  47.0225  47.6310  48.6181  49.1377

     occupation numbers 
     1.0000   1.0000   1.0000   1.0000   1.0000   1.0000   1.0000   1.0000
     1.0000   1.0000   1.0000   1.0000   1.0000   1.0000   1.0000   1.0000
     0.0000   0.0000   0.0000   0.0000   0.0000   0.0000   0.0000   0.0000
     0.0000   0.0000   0.0000   0.0000   0.0000   0.0000   0.0000   0.0000
     0.0000   0.0000   0.0000   0.0000   0.0000   0.0000   0.0000   0.0000
     0.0000   0.0000   0.0000   0.0000   0.0000   0.0000   0.0000   0.0000
     0.0000   0.0000   0.0000   0.0000   0.0000   0.0000   0.0000   0.0000
     0.0000   0.0000   0.0000   0.0000   0.0000   0.0000   0.0000   0.0000

          k = 0.0000 0.3849 0.4389 (  1137 PWs)   bands (ev):

   -88.7009 -88.6980 -88.5214 -88.5156 -88.5131 -50.8981 -19.7341 -19.7272
   -19.6287   2.8407   4.8762   5.8284   7.6014   7.6105   8.2276   9.0974
    11.6001  12.0498  13.3102  15.2099  15.9828  16.1200  18.1210  18.3434
    18.7585  20.0250  20.4769  21.3430  21.3755  22.2137  23.6953  23.8184
    24.8458  25.8590  26.9319  27.7620  27.7700  29.1089  31.0441  31.6884
    32.3861  33.6495  34.3587  34.5957  35.5704  35.9965  36.3265  36.7609
    38.4078  38.7059  39.2380  40.4187  41.0711  41.8178  42.0880  42.9587
    43.7350  44.0039  44.6197  45.3830  45.9427  46.7430  47.4567  47.9576

     occupation numbers 
     1.0000   1.0000   1.0000   1.0000   1.0000   1.0000   1.0000   1.0000
     1.0000   1.0000   1.0000   1.0000   1.0000   1.0000   1.0000   1.0000
     0.0000   0.0000   0.0000   0.0000   0.0000   0.0000   0.0000   0.0000
     0.0000   0.0000   0.0000   0.0000   0.0000   0.0000   0.0000   0.0000
     0.0000   0.0000   0.0000   0.0000   0.0000   0.0000   0.0000   0.0000
     0.0000   0.0000   0.0000   0.0000   0.0000   0.0000   0.0000   0.0000
     0.0000   0.0000   0.0000   0.0000   0.0000   0.0000   0.0000   0.0000
     0.0000   0.0000   0.0000   0.0000   0.0000   0.0000   0.0000   0.0000

          k = 0.3333 0.5774 0.0000 (  1122 PWs)   bands (ev):

   -88.6970 -88.6970 -88.5166 -88.5166 -88.5036 -50.8927 -19.7477 -19.7477
   -19.4791   3.3295   3.3295   4.2638   9.6902   9.7721   9.7722   9.7982
     9.7982  13.6170  13.6170  15.6921  15.6966  15.6966  15.9024  16.7225
    17.2064  17.2065  20.5783  21.7421  21.7421  24.4383  24.4383  24.8637
    25.3609  25.3609  26.2679  26.5726  26.5900  26.5901  30.0722  30.0722
    31.4737  32.8294  33.9938  33.9938  34.9431  37.7561  37.7561  38.3103
    39.1535  41.2539  41.2539  41.6410  41.6410  43.1730  43.1731  44.1552
    44.6632  44.6632  44.9249  47.4589  47.4589  47.6269  48.9899  50.5800

     occupation numbers 
     1.0000   1.0000   1.0000   1.0000   1.0000   1.0000   1.0000   1.0000
     1.0000   1.0000   1.0000   1.0000   1.0000   1.0000   1.0000   1.0000
     0.0000   0.0000   0.0000   0.0000   0.0000   0.0000   0.0000   0.0000
     0.0000   0.0000   0.0000   0.0000   0.0000   0.0000   0.0000   0.0000
     0.0000   0.0000   0.0000   0.0000   0.0000   0.0000   0.0000   0.0000
     0.0000   0.0000   0.0000   0.0000   0.0000   0.0000   0.0000   0.0000
     0.0000   0.0000   0.0000   0.0000   0.0000   0.0000   0.0000   0.0000
     0.0000   0.0000   0.0000   0.0000   0.0000   0.0000   0.0000   0.0000

          k = 0.3333 0.5774 0.4389 (  1140 PWs)   bands (ev):

   -88.7005 -88.7005 -88.5218 -88.5217 -88.5100 -50.9009 -19.7349 -19.7349
   -19.6301   4.0701   4.0701   5.7185   6.8333   6.8334   8.9883  10.4608
    10.4608  12.5052  12.5052  15.1581  16.3940  17.9781  18.0523  18.0523
    18.6931  18.6931  20.3248  22.1668  22.3860  22.3860  22.8319  22.8319
    24.4246  26.2096  26.2096  27.0257  28.2563  28.2563  31.5046  31.5046
    32.1510  33.8865  34.4242  34.4242  35.7065  36.8422  36.8422  37.9738
    37.9738  38.5633  40.2304  40.2305  41.6420  42.0504  42.6056  42.6056
    42.8980  45.4993  45.4993  46.7650  46.7650  46.8279  47.2973  47.2973

     occupation numbers 
     1.0000   1.0000   1.0000   1.0000   1.0000   1.0000   1.0000   1.0000
     1.0000   1.0000   1.0000   1.0000   1.0000   1.0000   1.0000   1.0000
     0.0000   0.0000   0.0000   0.0000   0.0000   0.0000   0.0000   0.0000
     0.0000   0.0000   0.0000   0.0000   0.0000   0.0000   0.0000   0.0000
     0.0000   0.0000   0.0000   0.0000   0.0000   0.0000   0.0000   0.0000
     0.0000   0.0000   0.0000   0.0000   0.0000   0.0000   0.0000   0.0000
     0.0000   0.0000   0.0000   0.0000   0.0000   0.0000   0.0000   0.0000
     0.0000   0.0000   0.0000   0.0000   0.0000   0.0000   0.0000   0.0000

     highest occupied, lowest unoccupied level (ev):    10.4608    9.4640

!    total energy              =    -254.03014591 Ry
     estimated scf accuracy    <       0.00000001 Ry

     The total energy is the sum of the following terms:
     one-electron contribution =     -97.38094267 Ry
     hartree contribution      =      37.08774007 Ry
     xc contribution           =     -54.01191306 Ry
     ewald contribution        =    -139.72503025 Ry

     convergence has been achieved in   7 iterations

     Writing all to output data dir calculations_bands/myprefix.save/
 
     init_run     :      2.02s CPU      0.65s WALL (       1 calls)
     electrons    :      9.16s CPU      2.64s WALL (       1 calls)

     Called by init_run:
     wfcinit      :      0.19s CPU      0.05s WALL (       1 calls)
     wfcinit:atom :      0.00s CPU      0.00s WALL (       3 calls)
     wfcinit:wfcr :      0.18s CPU      0.05s WALL (       3 calls)
     potinit      :      0.74s CPU      0.19s WALL (       1 calls)
     hinit0       :      0.93s CPU      0.33s WALL (       1 calls)

     Called by electrons:
     c_bands      :      7.03s CPU      1.99s WALL (       7 calls)
     sum_band     :      1.48s CPU      0.44s WALL (       7 calls)
     v_of_rho     :      0.18s CPU      0.05s WALL (       8 calls)
     v_h          :      0.01s CPU      0.00s WALL (       8 calls)
     v_xc         :      0.16s CPU      0.05s WALL (       8 calls)
     newd         :      0.47s CPU      0.15s WALL (       8 calls)
     mix_rho      :      0.03s CPU      0.01s WALL (       7 calls)

     Called by c_bands:
     init_us_2    :      0.03s CPU      0.01s WALL (      45 calls)
     init_us_2:cp :      0.03s CPU      0.01s WALL (      45 calls)
     cegterg      :      4.50s CPU      1.31s WALL (      21 calls)

     Called by sum_band:
     sum_band:wei :      0.00s CPU      0.00s WALL (       7 calls)
     sum_band:loo :      0.76s CPU      0.23s WALL (       7 calls)
     sum_band:buf :      0.01s CPU      0.00s WALL (      21 calls)
     sum_band:ini :      0.01s CPU      0.00s WALL (      21 calls)
     sum_band:cal :      0.03s CPU      0.01s WALL (      21 calls)
     sum_band:bec :      0.01s CPU      0.00s WALL (      21 calls)
     addusdens    :      0.33s CPU      0.11s WALL (       7 calls)
     addusd:skk   :      0.03s CPU      0.01s WALL (       7 calls)
     addusd:dgemm :      0.02s CPU      0.01s WALL (       7 calls)
     addusd:qvan2 :      0.12s CPU      0.04s WALL (       7 calls)

     Called by *egterg:
     cdiaghg      :      1.11s CPU      0.32s WALL (      76 calls)
     cegterg:over :      0.14s CPU      0.04s WALL (      55 calls)
     cegterg:upda :      0.08s CPU      0.02s WALL (      55 calls)
     cegterg:last :      0.11s CPU      0.03s WALL (      39 calls)
     cdiaghg:chol :      0.08s CPU      0.02s WALL (      76 calls)
     cdiaghg:inve :      0.02s CPU      0.00s WALL (      76 calls)
     cdiaghg:para :      0.20s CPU      0.06s WALL (     152 calls)
     h_psi        :      3.10s CPU      0.91s WALL (      79 calls)
     s_psi        :      0.03s CPU      0.01s WALL (      79 calls)
     g_psi        :      0.00s CPU      0.00s WALL (      55 calls)

     Called by h_psi:
     h_psi:calbec :      0.08s CPU      0.02s WALL (      79 calls)
     vloc_psi     :      2.95s CPU      0.86s WALL (      79 calls)
     add_vuspsi   :      0.06s CPU      0.02s WALL (      79 calls)

     General routines
     calbec       :      0.10s CPU      0.03s WALL (     100 calls)
     fft          :      0.60s CPU      0.18s WALL (     102 calls)
     ffts         :      0.60s CPU      0.16s WALL (      15 calls)
     fftw         :      2.96s CPU      0.88s WALL (    7978 calls)
     interpolate  :      0.61s CPU      0.16s WALL (       8 calls)
 
     Parallel routines
 
     PWSCF        :     12.19s CPU      3.71s WALL

 
   This run was terminated on:   0:12:56   6Jun2023            

=------------------------------------------------------------------------------=
   JOB DONE.
=------------------------------------------------------------------------------=
