
     Program PWSCF v.7.0 starts on  7Jun2023 at 10:30:20 

     This program is part of the open-source Quantum ESPRESSO suite
     for quantum simulation of materials; please cite
         "P. Giannozzi et al., J. Phys.:Condens. Matter 21 395502 (2009);
         "P. Giannozzi et al., J. Phys.:Condens. Matter 29 465901 (2017);
         "P. Giannozzi et al., J. Chem. Phys. 152 154105 (2020);
          URL http://www.quantum-espresso.org", 
     in publications or presentations arising from this work. More details at
     http://www.quantum-espresso.org/quote

     Parallel version (MPI & OpenMP), running on      32 processor cores
     Number of MPI processes:                 8
     Threads/MPI process:                     4

     MPI processes distributed on     1 nodes
     K-points division:     npool     =       2
     R & G space division:  proc/nbgrp/npool/nimage =       4
     126174 MiB available memory on the printing compute node when the environment starts
 
     Reading input from espresso_9870.pwi
Warning: card &CELL ignored
Warning: card / ignored

     Current dimensions of program PWSCF are:
     Max number of different atomic species (ntypx) = 10
     Max number of k-points (npk) =  40000
     Max angular momentum in pseudopotentials (lmaxx) =  4
     file O.pbe-n-kjpaw_psl.0.1.UPF: wavefunction(s)  2P renormalized
     Message from routine setup:
     using ibrav=0 with symmetry is DISCOURAGED, use correct ibrav instead

     Subspace diagonalization in iterative solution of the eigenvalue problem:
     one sub-group per band group will be used
     scalapack distributed-memory algorithm (size of sub-group:  2*  2 procs)

 
     Parallelization info
     --------------------
     sticks:   dense  smooth     PW     G-vecs:    dense   smooth      PW
     Min         418     211     63                24176     8569    1339
     Max         419     212     64                24185     8578    1342
     Sum        1675     847    253                96727    34303    5361
 
     Using Slab Decomposition
 


     bravais-lattice index     =            0
     lattice parameter (alat)  =      10.1249  a.u.
     unit-cell volume          =    1543.2923 (a.u.)^3
     number of atoms/cell      =           12
     number of atomic types    =            4
     number of electrons       =        72.00
     number of Kohn-Sham states=           64
     kinetic-energy cutoff     =      30.0000  Ry
     charge density cutoff     =     240.0000  Ry
     scf convergence threshold =      1.0E-06
     mixing beta               =       0.7000
     number of iterations used =            8  plain     mixing
     Exchange-correlation= SLA  PW   PBX  PBC
                           (   1   4   3   4   0   0   0)

     celldm(1)=  10.124908  celldm(2)=   0.000000  celldm(3)=   0.000000
     celldm(4)=   0.000000  celldm(5)=   0.000000  celldm(6)=   0.000000

     crystal axes: (cart. coord. in units of alat)
               a(1) = (   1.000000   0.000000   0.000000 )  
               a(2) = (  -0.500000   0.866025   0.000000 )  
               a(3) = (   0.000000   0.000000   1.716897 )  

     reciprocal axes: (cart. coord. in units 2 pi/alat)
               b(1) = (  1.000000  0.577350  0.000000 )  
               b(2) = (  0.000000  1.154701  0.000000 )  
               b(3) = (  0.000000  0.000000  0.582446 )  


     PseudoPot. # 1 for Na read from file:
     /home/pragov/projects/rrg-bengioy-ad/pragov/crystal_structure_design/SSSP/na_pbe_v1.5.uspp.F.UPF
     MD5 check sum: 44600605ef58000f06b90626533354dc
     Pseudo is Ultrasoft, Zval =  9.0
     Generated by new atomic code, or converted to UPF format
     Using radial grid of  819 points,  5 beta functions with: 
                l(1) =   0
                l(2) =   0
                l(3) =   1
                l(4) =   1
                l(5) =   2
     Q(r) pseudized with  8 coefficients,  rinner =    1.250   1.250   1.250
                                                       1.250   1.250

     PseudoPot. # 2 for As read from file:
     /home/pragov/projects/rrg-bengioy-ad/pragov/crystal_structure_design/SSSP/As.pbe-n-rrkjus_psl.0.2.UPF
     MD5 check sum: 767315de957beeeb34f87d97bf945c8f
     Pseudo is Ultrasoft + core correction, Zval =  5.0
     Generated using "atomic" code by A. Dal Corso  v.5.0.99 svn rev. 10869
     Using radial grid of 1209 points,  4 beta functions with: 
                l(1) =   0
                l(2) =   0
                l(3) =   1
                l(4) =   1
     Q(r) pseudized with 0 coefficients 


     PseudoPot. # 3 for I  read from file:
     /home/pragov/projects/rrg-bengioy-ad/pragov/crystal_structure_design/SSSP/I.pbe-n-kjpaw_psl.0.2.UPF
     MD5 check sum: d4ef18d9c8f18dc85e5843bca1e50dc0
     Pseudo is Projector augmented-wave + core cor, Zval =  7.0
     Generated using "atomic" code by A. Dal Corso  v.5.0.99 svn rev. 10869
     Shape of augmentation charge: PSQ
     Using radial grid of 1247 points,  4 beta functions with: 
                l(1) =   0
                l(2) =   0
                l(3) =   1
                l(4) =   1
     Q(r) pseudized with 0 coefficients 


     PseudoPot. # 4 for O  read from file:
     /home/pragov/projects/rrg-bengioy-ad/pragov/crystal_structure_design/SSSP/O.pbe-n-kjpaw_psl.0.1.UPF
     MD5 check sum: 0234752ac141de4415c5fc33072bef88
     Pseudo is Projector augmented-wave + core cor, Zval =  6.0
     Generated using "atomic" code by A. Dal Corso  v.5.0.99 svn rev. 10869
     Shape of augmentation charge: BESSEL
     Using radial grid of 1095 points,  4 beta functions with: 
                l(1) =   0
                l(2) =   0
                l(3) =   1
                l(4) =   1
     Q(r) pseudized with 0 coefficients 


     atomic species   valence    mass     pseudopotential
        Na             9.00    22.98977     Na( 1.00)
        As             5.00    74.92159     As( 1.00)
        I              7.00   126.90447     I ( 1.00)
        O              6.00    15.99900     O ( 1.00)

     24 Sym. Ops., with inversion, found


                                    s                        frac. trans.

      isym =  1     identity                                     

 cryst.   s( 1) = (     1          0          0      )
                  (     0          1          0      )
                  (     0          0          1      )

 cart.    s( 1) = (  1.0000000  0.0000000  0.0000000 )
                  (  0.0000000  1.0000000  0.0000000 )
                  (  0.0000000  0.0000000  1.0000000 )


      isym =  2     180 deg rotation - cart. axis [0,0,1]        

 cryst.   s( 2) = (    -1          0          0      )
                  (     0         -1          0      )
                  (     0          0          1      )

 cart.    s( 2) = ( -1.0000000 -0.0000000  0.0000000 )
                  (  0.0000000 -1.0000000  0.0000000 )
                  (  0.0000000  0.0000000  1.0000000 )


      isym =  3     180 deg rotation - cart. axis [0,1,0]        

 cryst.   s( 3) = (    -1          0          0      )
                  (     1          1          0      )
                  (     0          0         -1      )

 cart.    s( 3) = ( -1.0000000 -0.0000002  0.0000000 )
                  (  0.0000000  1.0000000  0.0000000 )
                  (  0.0000000  0.0000000 -1.0000000 )


      isym =  4     180 deg rotation - cart. axis [1,0,0]        

 cryst.   s( 4) = (     1          0          0      )
                  (    -1         -1          0      )
                  (     0          0         -1      )

 cart.    s( 4) = (  1.0000000  0.0000002  0.0000000 )
                  (  0.0000000 -1.0000000  0.0000000 )
                  (  0.0000000  0.0000000 -1.0000000 )


      isym =  5      60 deg rotation - cryst. axis [0,0,1]       

 cryst.   s( 5) = (     1          1          0      )
                  (    -1          0          0      )
                  (     0          0          1      )

 cart.    s( 5) = (  0.4999999 -0.8660254  0.0000000 )
                  (  0.8660254  0.5000001  0.0000000 )
                  (  0.0000000  0.0000000  1.0000000 )


      isym =  6      60 deg rotation - cryst. axis [0,0,-1]      

 cryst.   s( 6) = (     0         -1          0      )
                  (     1          1          0      )
                  (     0          0          1      )

 cart.    s( 6) = (  0.5000001  0.8660254  0.0000000 )
                  ( -0.8660254  0.4999999  0.0000000 )
                  (  0.0000000  0.0000000  1.0000000 )


      isym =  7     120 deg rotation - cryst. axis [0,0,1]       

 cryst.   s( 7) = (     0          1          0      )
                  (    -1         -1          0      )
                  (     0          0          1      )

 cart.    s( 7) = ( -0.5000001 -0.8660254  0.0000000 )
                  (  0.8660254 -0.4999999  0.0000000 )
                  (  0.0000000  0.0000000  1.0000000 )


      isym =  8     120 deg rotation - cryst. axis [0,0,-1]      

 cryst.   s( 8) = (    -1         -1          0      )
                  (     1          0          0      )
                  (     0          0          1      )

 cart.    s( 8) = ( -0.4999999  0.8660254  0.0000000 )
                  ( -0.8660254 -0.5000001  0.0000000 )
                  (  0.0000000  0.0000000  1.0000000 )


      isym =  9     180 deg rotation - cryst. axis [1,-1,0]      

 cryst.   s( 9) = (     0         -1          0      )
                  (    -1          0          0      )
                  (     0          0         -1      )

 cart.    s( 9) = (  0.5000001 -0.8660254  0.0000000 )
                  ( -0.8660254 -0.5000001  0.0000000 )
                  (  0.0000000  0.0000000 -1.0000000 )


      isym = 10     180 deg rotation - cryst. axis [2,1,0]       

 cryst.   s(10) = (     1          1          0      )
                  (     0         -1          0      )
                  (     0          0         -1      )

 cart.    s(10) = (  0.4999999  0.8660255  0.0000000 )
                  (  0.8660254 -0.4999999  0.0000000 )
                  (  0.0000000  0.0000000 -1.0000000 )


      isym = 11     180 deg rotation - cryst. axis [0,1,0]       

 cryst.   s(11) = (    -1         -1          0      )
                  (     0          1          0      )
                  (     0          0         -1      )

 cart.    s(11) = ( -0.4999999 -0.8660255  0.0000000 )
                  ( -0.8660254  0.4999999  0.0000000 )
                  (  0.0000000  0.0000000 -1.0000000 )


      isym = 12     180 deg rotation - cryst. axis [1,1,0]       

 cryst.   s(12) = (     0          1          0      )
                  (     1          0          0      )
                  (     0          0         -1      )

 cart.    s(12) = ( -0.5000001  0.8660254  0.0000000 )
                  (  0.8660254  0.5000001  0.0000000 )
                  (  0.0000000  0.0000000 -1.0000000 )


      isym = 13     inversion                                    

 cryst.   s(13) = (    -1          0          0      )
                  (     0         -1          0      )
                  (     0          0         -1      )

 cart.    s(13) = ( -1.0000000 -0.0000000  0.0000000 )
                  (  0.0000000 -1.0000000  0.0000000 )
                  (  0.0000000  0.0000000 -1.0000000 )


      isym = 14     inv. 180 deg rotation - cart. axis [0,0,1]   

 cryst.   s(14) = (     1          0          0      )
                  (     0          1          0      )
                  (     0          0         -1      )

 cart.    s(14) = (  1.0000000  0.0000000  0.0000000 )
                  (  0.0000000  1.0000000  0.0000000 )
                  (  0.0000000  0.0000000 -1.0000000 )


      isym = 15     inv. 180 deg rotation - cart. axis [0,1,0]   

 cryst.   s(15) = (     1          0          0      )
                  (    -1         -1          0      )
                  (     0          0          1      )

 cart.    s(15) = (  1.0000000  0.0000002  0.0000000 )
                  (  0.0000000 -1.0000000  0.0000000 )
                  (  0.0000000  0.0000000  1.0000000 )


      isym = 16     inv. 180 deg rotation - cart. axis [1,0,0]   

 cryst.   s(16) = (    -1          0          0      )
                  (     1          1          0      )
                  (     0          0          1      )

 cart.    s(16) = ( -1.0000000 -0.0000002  0.0000000 )
                  (  0.0000000  1.0000000  0.0000000 )
                  (  0.0000000  0.0000000  1.0000000 )


      isym = 17     inv.  60 deg rotation - cryst. axis [0,0,1]  

 cryst.   s(17) = (    -1         -1          0      )
                  (     1          0          0      )
                  (     0          0         -1      )

 cart.    s(17) = ( -0.4999999  0.8660254  0.0000000 )
                  ( -0.8660254 -0.5000001  0.0000000 )
                  (  0.0000000  0.0000000 -1.0000000 )


      isym = 18     inv.  60 deg rotation - cryst. axis [0,0,-1] 

 cryst.   s(18) = (     0          1          0      )
                  (    -1         -1          0      )
                  (     0          0         -1      )

 cart.    s(18) = ( -0.5000001 -0.8660254  0.0000000 )
                  (  0.8660254 -0.4999999  0.0000000 )
                  (  0.0000000  0.0000000 -1.0000000 )


      isym = 19     inv. 120 deg rotation - cryst. axis [0,0,1]  

 cryst.   s(19) = (     0         -1          0      )
                  (     1          1          0      )
                  (     0          0         -1      )

 cart.    s(19) = (  0.5000001  0.8660254  0.0000000 )
                  ( -0.8660254  0.4999999  0.0000000 )
                  (  0.0000000  0.0000000 -1.0000000 )


      isym = 20     inv. 120 deg rotation - cryst. axis [0,0,-1] 

 cryst.   s(20) = (     1          1          0      )
                  (    -1          0          0      )
                  (     0          0         -1      )

 cart.    s(20) = (  0.4999999 -0.8660254  0.0000000 )
                  (  0.8660254  0.5000001  0.0000000 )
                  (  0.0000000  0.0000000 -1.0000000 )


      isym = 21     inv. 180 deg rotation - cryst. axis [1,-1,0] 

 cryst.   s(21) = (     0          1          0      )
                  (     1          0          0      )
                  (     0          0          1      )

 cart.    s(21) = ( -0.5000001  0.8660254  0.0000000 )
                  (  0.8660254  0.5000001  0.0000000 )
                  (  0.0000000  0.0000000  1.0000000 )


      isym = 22     inv. 180 deg rotation - cryst. axis [2,1,0]  

 cryst.   s(22) = (    -1         -1          0      )
                  (     0          1          0      )
                  (     0          0          1      )

 cart.    s(22) = ( -0.4999999 -0.8660255  0.0000000 )
                  ( -0.8660254  0.4999999  0.0000000 )
                  (  0.0000000  0.0000000  1.0000000 )


      isym = 23     inv. 180 deg rotation - cryst. axis [0,1,0]  

 cryst.   s(23) = (     1          1          0      )
                  (     0         -1          0      )
                  (     0          0          1      )

 cart.    s(23) = (  0.4999999  0.8660255  0.0000000 )
                  (  0.8660254 -0.4999999  0.0000000 )
                  (  0.0000000  0.0000000  1.0000000 )


      isym = 24     inv. 180 deg rotation - cryst. axis [1,1,0]  

 cryst.   s(24) = (     0         -1          0      )
                  (    -1          0          0      )
                  (     0          0          1      )

 cart.    s(24) = (  0.5000001 -0.8660254  0.0000000 )
                  ( -0.8660254 -0.5000001  0.0000000 )
                  (  0.0000000  0.0000000  1.0000000 )


   Cartesian axes

     site n.     atom                  positions (alat units)
         1           Na  tau(   1) = (   0.0000000   0.0000000   0.0000000  )
         2           As  tau(   2) = (  -0.0000006   0.5773505   0.4890874  )
         3           As  tau(   3) = (   0.5000005   0.2886748   1.2278100  )
         4           As  tau(   4) = (   0.5000005   0.2886748   0.4890874  )
         5           As  tau(   5) = (  -0.0000006   0.5773505   1.2278100  )
         6           I   tau(   6) = (   0.0000000   0.0000000   0.8584487  )
         7           O   tau(   7) = (   0.5000000   0.0000000   0.3017979  )
         8           O   tau(   8) = (   0.5000000   0.0000000   1.4150995  )
         9           O   tau(   9) = (  -0.2500000   0.4330127   0.3017979  )
        10           O   tau(  10) = (  -0.2500000   0.4330127   1.4150995  )
        11           O   tau(  11) = (   0.2500000   0.4330127   0.3017979  )
        12           O   tau(  12) = (   0.2500000   0.4330127   1.4150995  )

   Crystallographic axes

     site n.     atom                  positions (cryst. coord.)
         1           Na  tau(   1) = (  0.0000000  0.0000000  0.0000000  )
         2           As  tau(   2) = (  0.3333330  0.6666670  0.2848670  )
         3           As  tau(   3) = (  0.6666670  0.3333330  0.7151330  )
         4           As  tau(   4) = (  0.6666670  0.3333330  0.2848670  )
         5           As  tau(   5) = (  0.3333330  0.6666670  0.7151330  )
         6           I   tau(   6) = (  0.0000000  0.0000000  0.5000000  )
         7           O   tau(   7) = (  0.5000000  0.0000000  0.1757810  )
         8           O   tau(   8) = (  0.5000000  0.0000000  0.8242190  )
         9           O   tau(   9) = ( -0.0000000  0.5000000  0.1757810  )
        10           O   tau(  10) = ( -0.0000000  0.5000000  0.8242190  )
        11           O   tau(  11) = (  0.5000000  0.5000000  0.1757810  )
        12           O   tau(  12) = (  0.5000000  0.5000000  0.8242190  )

     number of k points=     6
                       cart. coord. in units 2pi/alat
        k(    1) = (   0.0000000   0.0000000   0.0000000), wk =   0.0740741
        k(    2) = (   0.0000000   0.0000000   0.1941487), wk =   0.1481481
        k(    3) = (   0.0000000   0.3849002   0.0000000), wk =   0.4444444
        k(    4) = (   0.0000000   0.3849002   0.1941487), wk =   0.8888889
        k(    5) = (   0.3333333   0.5773503   0.0000000), wk =   0.1481481
        k(    6) = (   0.3333333   0.5773503   0.1941487), wk =   0.2962963

                       cryst. coord.
        k(    1) = (   0.0000000   0.0000000   0.0000000), wk =   0.0740741
        k(    2) = (   0.0000000   0.0000000   0.3333333), wk =   0.1481481
        k(    3) = (   0.0000000   0.3333333   0.0000000), wk =   0.4444444
        k(    4) = (   0.0000000   0.3333333   0.3333333), wk =   0.8888889
        k(    5) = (   0.3333333   0.3333333   0.0000000), wk =   0.1481481
        k(    6) = (   0.3333333   0.3333333   0.3333333), wk =   0.2962963

     Dense  grid:    96727 G-vectors     FFT dimensions: (  50,  50,  90)

     Smooth grid:    34303 G-vectors     FFT dimensions: (  36,  36,  64)

     Dynamical RAM for                 wfc:       1.04 MB

     Dynamical RAM for     wfc (w. buffer):       4.18 MB

     Dynamical RAM for           str. fact:       1.48 MB

     Dynamical RAM for           local pot:       0.00 MB

     Dynamical RAM for          nlocal pot:       1.65 MB

     Dynamical RAM for                qrad:       3.55 MB

     Dynamical RAM for          rho,v,vnew:       2.42 MB

     Dynamical RAM for               rhoin:       0.81 MB

     Dynamical RAM for            rho*nmix:       5.90 MB

     Dynamical RAM for           G-vectors:       1.45 MB

     Dynamical RAM for          h,s,v(r/c):       0.19 MB

     Dynamical RAM for          <psi|beta>:       0.10 MB

     Dynamical RAM for                 psi:       2.09 MB

     Dynamical RAM for                hpsi:       2.09 MB

     Dynamical RAM for                spsi:       2.09 MB

     Dynamical RAM for      wfcinit/wfcrot:       2.18 MB

     Dynamical RAM for           addusdens:      20.85 MB

     Estimated static dynamical RAM per process >      19.58 MB

     Estimated max dynamical RAM per process >      46.33 MB

     Estimated total dynamical RAM >     347.04 MB

     Check: negative core charge=   -0.000005

     Initial potential from superposition of free atoms

     starting charge      71.9927, renormalised to      72.0000
     Starting wfcs are   49 randomized atomic wfcs +   15 random wfcs
     Checking if some PAW data can be deallocated... 
       PAW data deallocated on    7 nodes for type:  3
       PAW data deallocated on    3 nodes for type:  4

     total cpu time spent up to now is        3.0 secs

     Self-consistent Calculation

     iteration #  1     ecut=    30.00 Ry     beta= 0.70
     Davidson diagonalization with overlap

---- Real-time Memory Report at c_bands before calling an iterative solver
           161 MiB given to the printing process from OS
             0 MiB allocation reported by mallinfo(arena+hblkhd)
        125865 MiB available memory on the node where the printing process lives
------------------
     ethr =  1.00E-02,  avg # of iterations =  8.3

     total cpu time spent up to now is        4.2 secs

     total energy              =    -795.40110779 Ry
     estimated scf accuracy    <       2.59227470 Ry

     iteration #  2     ecut=    30.00 Ry     beta= 0.70
     Davidson diagonalization with overlap

---- Real-time Memory Report at c_bands before calling an iterative solver
           182 MiB given to the printing process from OS
             0 MiB allocation reported by mallinfo(arena+hblkhd)
        125603 MiB available memory on the node where the printing process lives
------------------
     ethr =  3.60E-03,  avg # of iterations =  4.8

     total cpu time spent up to now is        4.7 secs

     total energy              =    -793.77289353 Ry
     estimated scf accuracy    <      16.97691877 Ry

     iteration #  3     ecut=    30.00 Ry     beta= 0.70
     Davidson diagonalization with overlap

---- Real-time Memory Report at c_bands before calling an iterative solver
           195 MiB given to the printing process from OS
             0 MiB allocation reported by mallinfo(arena+hblkhd)
        125532 MiB available memory on the node where the printing process lives
------------------
     ethr =  3.60E-03,  avg # of iterations =  2.5

     total cpu time spent up to now is        5.2 secs

     total energy              =    -796.77596917 Ry
     estimated scf accuracy    <       0.42492171 Ry

     iteration #  4     ecut=    30.00 Ry     beta= 0.70
     Davidson diagonalization with overlap

---- Real-time Memory Report at c_bands before calling an iterative solver
           195 MiB given to the printing process from OS
             0 MiB allocation reported by mallinfo(arena+hblkhd)
        125539 MiB available memory on the node where the printing process lives
------------------
     ethr =  5.90E-04,  avg # of iterations =  2.0

     total cpu time spent up to now is        5.7 secs

     total energy              =    -796.80669944 Ry
     estimated scf accuracy    <       0.05570702 Ry

     iteration #  5     ecut=    30.00 Ry     beta= 0.70
     Davidson diagonalization with overlap

---- Real-time Memory Report at c_bands before calling an iterative solver
           195 MiB given to the printing process from OS
             0 MiB allocation reported by mallinfo(arena+hblkhd)
        125535 MiB available memory on the node where the printing process lives
------------------
     ethr =  7.74E-05,  avg # of iterations =  6.7

     total cpu time spent up to now is        6.2 secs

     total energy              =    -796.81248126 Ry
     estimated scf accuracy    <       0.00324366 Ry

     iteration #  6     ecut=    30.00 Ry     beta= 0.70
     Davidson diagonalization with overlap

---- Real-time Memory Report at c_bands before calling an iterative solver
           195 MiB given to the printing process from OS
             0 MiB allocation reported by mallinfo(arena+hblkhd)
        125534 MiB available memory on the node where the printing process lives
------------------
     ethr =  4.51E-06,  avg # of iterations = 10.2

     total cpu time spent up to now is        6.9 secs

     total energy              =    -796.81317453 Ry
     estimated scf accuracy    <       0.00044013 Ry

     iteration #  7     ecut=    30.00 Ry     beta= 0.70
     Davidson diagonalization with overlap

---- Real-time Memory Report at c_bands before calling an iterative solver
           199 MiB given to the printing process from OS
             0 MiB allocation reported by mallinfo(arena+hblkhd)
        125515 MiB available memory on the node where the printing process lives
------------------
     ethr =  6.11E-07,  avg # of iterations =  1.3

     total cpu time spent up to now is        7.3 secs

     total energy              =    -796.81323485 Ry
     estimated scf accuracy    <       0.00000327 Ry

     iteration #  8     ecut=    30.00 Ry     beta= 0.70
     Davidson diagonalization with overlap

---- Real-time Memory Report at c_bands before calling an iterative solver
           200 MiB given to the printing process from OS
             0 MiB allocation reported by mallinfo(arena+hblkhd)
        125509 MiB available memory on the node where the printing process lives
------------------
     ethr =  4.54E-09,  avg # of iterations =  3.0

     total cpu time spent up to now is        7.8 secs

     End of self-consistent calculation

          k = 0.0000 0.0000 0.0000 (  4321 PWs)   bands (ev):

   -47.7217 -19.6339 -19.5980 -19.5980 -16.9643 -16.9243 -14.8851 -14.8850
   -14.8529 -14.8528  -8.4877  -8.4400  -7.7734  -4.8889  -4.8330  -2.1607
    -2.1607  -2.0867  -2.0867  -0.6823  -0.6822  -0.3349  -0.3348   0.3420
     0.9412   1.0973   1.0973   1.1709   1.1709   1.4312   1.9569   2.2693
     2.2923   2.3874   2.3875   3.2220   5.9684   6.4604   6.4604   7.2157
     7.6495   7.6495   7.9289   7.9289   8.1299   9.0873   9.0873  10.5579
    11.0612  11.2554  12.6392  12.6392  13.1542  13.4123  13.9200  13.9201
    14.7206  14.7206  15.2924  15.4807  15.9190  15.9190  17.0207  17.0208

     occupation numbers 
     1.0000   1.0000   1.0000   1.0000   1.0000   1.0000   1.0000   1.0000
     1.0000   1.0000   1.0000   1.0000   1.0000   1.0000   1.0000   1.0000
     1.0000   1.0000   1.0000   1.0000   1.0000   1.0000   1.0000   1.0000
     1.0000   1.0000   1.0000   1.0000   1.0000   1.0000   1.0000   1.0000
     1.0000   1.0000   1.0000   1.0000   0.0000   0.0000   0.0000   0.0000
     0.0000   0.0000   0.0000   0.0000   0.0000   0.0000   0.0000   0.0000
     0.0000   0.0000   0.0000   0.0000   0.0000   0.0000   0.0000   0.0000
     0.0000   0.0000   0.0000   0.0000   0.0000   0.0000   0.0000   0.0000

          k = 0.0000 0.0000 0.1941 (  4296 PWs)   bands (ev):

   -47.7215 -19.6332 -19.5973 -19.5973 -16.9622 -16.9267 -14.8848 -14.8847
   -14.8525 -14.8524  -8.4756  -8.4519  -7.7692  -4.9837  -4.7493  -2.1372
    -2.1372  -2.1025  -2.1025  -0.6409  -0.6408  -0.3626  -0.3625   0.3902
     0.8851   1.1136   1.1136   1.1596   1.1596   1.4691   2.0196   2.2763
     2.3093   2.3978   2.3978   3.0252   6.1558   6.5879   6.5879   7.0931
     7.5004   7.5005   7.8504   7.8504   8.4613   9.1932   9.1932   9.4839
    11.2946  12.2799  12.7522  12.7522  13.0688  13.1554  13.7469  13.7469
    14.9461  14.9461  15.3167  15.5571  15.6482  15.6482  16.8509  16.9434

     occupation numbers 
     1.0000   1.0000   1.0000   1.0000   1.0000   1.0000   1.0000   1.0000
     1.0000   1.0000   1.0000   1.0000   1.0000   1.0000   1.0000   1.0000
     1.0000   1.0000   1.0000   1.0000   1.0000   1.0000   1.0000   1.0000
     1.0000   1.0000   1.0000   1.0000   1.0000   1.0000   1.0000   1.0000
     1.0000   1.0000   1.0000   1.0000   0.0000   0.0000   0.0000   0.0000
     0.0000   0.0000   0.0000   0.0000   0.0000   0.0000   0.0000   0.0000
     0.0000   0.0000   0.0000   0.0000   0.0000   0.0000   0.0000   0.0000
     0.0000   0.0000   0.0000   0.0000   0.0000   0.0000   0.0000   0.0000

          k = 0.0000 0.3849 0.0000 (  4289 PWs)   bands (ev):

   -47.7213 -19.6325 -19.5972 -19.5970 -16.6312 -16.5940 -15.4825 -15.4481
   -14.8931 -14.8610  -7.6560  -7.4368  -7.3820  -5.3428  -5.1324  -2.4034
    -2.3219  -1.9250  -1.6851  -1.6223  -1.5105  -0.8236  -0.4756   0.1229
     0.2871   0.7846   0.9405   1.0313   1.2943   1.8779   1.9269   1.9635
     2.2341   2.3318   2.8903   3.2526   7.0029   7.2299   7.4469   7.6111
     7.8031   8.3241   8.3351   8.9477   9.0006   9.1523   9.2975  10.0738
    11.3496  11.5187  12.2895  12.5094  13.0679  13.4057  13.7016  13.7428
    13.9247  14.3031  14.5528  15.1194  15.1589  16.3192  16.4022  16.4210

     occupation numbers 
     1.0000   1.0000   1.0000   1.0000   1.0000   1.0000   1.0000   1.0000
     1.0000   1.0000   1.0000   1.0000   1.0000   1.0000   1.0000   1.0000
     1.0000   1.0000   1.0000   1.0000   1.0000   1.0000   1.0000   1.0000
     1.0000   1.0000   1.0000   1.0000   1.0000   1.0000   1.0000   1.0000
     1.0000   1.0000   1.0000   1.0000   0.0000   0.0000   0.0000   0.0000
     0.0000   0.0000   0.0000   0.0000   0.0000   0.0000   0.0000   0.0000
     0.0000   0.0000   0.0000   0.0000   0.0000   0.0000   0.0000   0.0000
     0.0000   0.0000   0.0000   0.0000   0.0000   0.0000   0.0000   0.0000

          k = 0.0000 0.3849 0.1941 (  4283 PWs)   bands (ev):

   -47.7213 -19.6326 -19.5971 -19.5965 -16.6289 -16.5964 -15.4814 -15.4493
   -14.8928 -14.8613  -7.6542  -7.4229  -7.3942  -5.2948  -5.1858  -2.4396
    -2.2882  -1.8335  -1.6685  -1.6342  -1.6266  -0.7627  -0.5566   0.0931
     0.2796   0.8034   0.9301   1.2666   1.4463   1.8481   1.8793   1.9320
     2.0593   2.3524   2.7165   3.3695   7.1160   7.1510   7.5580   7.6303
     7.7798   8.1708   8.4069   8.9360   9.0024   9.1847   9.2996  10.0313
    10.5691  12.2022  12.5320  12.8066  13.1557  13.3346  13.6083  13.7708
    13.8538  14.2488  14.7912  14.9145  15.1787  16.0888  16.2455  16.3352

     occupation numbers 
     1.0000   1.0000   1.0000   1.0000   1.0000   1.0000   1.0000   1.0000
     1.0000   1.0000   1.0000   1.0000   1.0000   1.0000   1.0000   1.0000
     1.0000   1.0000   1.0000   1.0000   1.0000   1.0000   1.0000   1.0000
     1.0000   1.0000   1.0000   1.0000   1.0000   1.0000   1.0000   1.0000
     1.0000   1.0000   1.0000   1.0000   0.0000   0.0000   0.0000   0.0000
     0.0000   0.0000   0.0000   0.0000   0.0000   0.0000   0.0000   0.0000
     0.0000   0.0000   0.0000   0.0000   0.0000   0.0000   0.0000   0.0000
     0.0000   0.0000   0.0000   0.0000   0.0000   0.0000   0.0000   0.0000

          k = 0.3333 0.5774 0.0000 (  4275 PWs)   bands (ev):

   -47.7211 -19.6312 -19.5967 -19.5967 -16.1122 -16.1121 -16.0778 -16.0777
   -14.9040 -14.8702  -7.5882  -6.2206  -6.2205  -6.1049  -6.1048  -2.6048
    -2.6048  -2.1309  -2.1309  -1.1417  -1.1294  -1.0692  -0.9856  -0.0065
     0.3265   0.9907   0.9908   1.1556   1.1557   1.2550   1.2551   2.4404
     2.4939   2.4939   3.0169   3.0169   6.7286   7.7475   7.7475   8.0119
     8.0119   8.2865   9.3596   9.5086   9.5752   9.5752   9.5991  10.5936
    10.5936  11.1022  12.0772  12.3019  12.3020  13.6366  13.6366  14.1900
    14.1901  14.8383  14.8383  15.1010  15.5794  15.5912  16.1346  16.1347

     occupation numbers 
     1.0000   1.0000   1.0000   1.0000   1.0000   1.0000   1.0000   1.0000
     1.0000   1.0000   1.0000   1.0000   1.0000   1.0000   1.0000   1.0000
     1.0000   1.0000   1.0000   1.0000   1.0000   1.0000   1.0000   1.0000
     1.0000   1.0000   1.0000   1.0000   1.0000   1.0000   1.0000   1.0000
     1.0000   1.0000   1.0000   1.0000   0.0000   0.0000   0.0000   0.0000
     0.0000   0.0000   0.0000   0.0000   0.0000   0.0000   0.0000   0.0000
     0.0000   0.0000   0.0000   0.0000   0.0000   0.0000   0.0000   0.0000
     0.0000   0.0000   0.0000   0.0000   0.0000   0.0000   0.0000   0.0000

          k = 0.3333 0.5774 0.1941 (  4290 PWs)   bands (ev):

   -47.7213 -19.6321 -19.5972 -19.5972 -16.1108 -16.1107 -16.0795 -16.0794
   -14.9036 -14.8710  -7.5880  -6.2011  -6.2011  -6.1262  -6.1261  -2.5080
    -2.5080  -2.2656  -2.2656  -1.1788  -1.1404  -1.1276  -0.8756  -0.0303
     0.3122   1.0415   1.0416   1.1461   1.1462   1.4065   1.4065   2.2917
     2.2917   2.4195   3.0543   3.0543   6.8083   7.5447   7.5448   8.1800
     8.2533   8.2533   9.3695   9.5901   9.5949   9.5949   9.6264  10.5428
    10.5428  10.5875  12.4473  12.4473  12.9525  13.6318  13.6319  14.0720
    14.0721  14.3565  14.5318  14.5318  15.2719  16.0010  16.0010  16.1561

     occupation numbers 
     1.0000   1.0000   1.0000   1.0000   1.0000   1.0000   1.0000   1.0000
     1.0000   1.0000   1.0000   1.0000   1.0000   1.0000   1.0000   1.0000
     1.0000   1.0000   1.0000   1.0000   1.0000   1.0000   1.0000   1.0000
     1.0000   1.0000   1.0000   1.0000   1.0000   1.0000   1.0000   1.0000
     1.0000   1.0000   1.0000   1.0000   0.0000   0.0000   0.0000   0.0000
     0.0000   0.0000   0.0000   0.0000   0.0000   0.0000   0.0000   0.0000
     0.0000   0.0000   0.0000   0.0000   0.0000   0.0000   0.0000   0.0000
     0.0000   0.0000   0.0000   0.0000   0.0000   0.0000   0.0000   0.0000

     highest occupied, lowest unoccupied level (ev):     3.3695    5.9684

!    total energy              =    -796.81323579 Ry
     estimated scf accuracy    <       0.00000095 Ry

     The total energy is the sum of the following terms:
     one-electron contribution =    -228.76112353 Ry
     hartree contribution      =     148.38185039 Ry
     xc contribution           =    -137.20490930 Ry
     ewald contribution        =    -201.51269015 Ry
     one-center paw contrib.   =    -377.71636320 Ry
      -> PAW hartree energy AE =       0.00000000 Ry
      -> PAW hartree energy PS =       0.00000000 Ry
      -> PAW xc energy AE      =       0.00000000 Ry
      -> PAW xc energy PS      =       0.00000000 Ry
      -> total E_H with PAW    =     148.38185039 Ry
      -> total E_XC with PAW   =    -137.20490930 Ry

     convergence has been achieved in   8 iterations

     Writing all to output data dir calculations_bands/myprefix.save/
 
     init_run     :      7.31s CPU      2.71s WALL (       1 calls)
     electrons    :     17.26s CPU      4.81s WALL (       1 calls)

     Called by init_run:
     wfcinit      :      0.76s CPU      0.21s WALL (       1 calls)
     wfcinit:atom :      0.00s CPU      0.00s WALL (       3 calls)
     wfcinit:wfcr :      0.74s CPU      0.21s WALL (       3 calls)
     potinit      :      3.13s CPU      0.97s WALL (       1 calls)
     hinit0       :      2.59s CPU      1.26s WALL (       1 calls)

     Called by electrons:
     c_bands      :     11.20s CPU      3.17s WALL (       8 calls)
     sum_band     :      2.81s CPU      0.76s WALL (       8 calls)
     v_of_rho     :      0.92s CPU      0.25s WALL (       9 calls)
     v_h          :      0.05s CPU      0.01s WALL (       9 calls)
     v_xc         :      0.87s CPU      0.24s WALL (       9 calls)
     newd         :      1.56s CPU      0.43s WALL (       9 calls)
     PAW_pot      :      1.13s CPU      0.29s WALL (       9 calls)
     mix_rho      :      0.14s CPU      0.04s WALL (       8 calls)

     Called by c_bands:
     init_us_2    :      0.08s CPU      0.02s WALL (      51 calls)
     init_us_2:cp :      0.08s CPU      0.02s WALL (      51 calls)
     cegterg      :     10.19s CPU      2.90s WALL (      24 calls)

     Called by sum_band:
     sum_band:wei :      0.00s CPU      0.00s WALL (       8 calls)
     sum_band:loo :      1.34s CPU      0.34s WALL (       8 calls)
     sum_band:buf :      0.03s CPU      0.01s WALL (      24 calls)
     sum_band:ini :      0.04s CPU      0.01s WALL (      24 calls)
     sum_band:cal :      0.07s CPU      0.02s WALL (      24 calls)
     sum_band:bec :      0.01s CPU      0.00s WALL (      24 calls)
     addusdens    :      0.96s CPU      0.28s WALL (       8 calls)
     addusd:skk   :      0.01s CPU      0.00s WALL (      32 calls)
     addusd:dgemm :      0.24s CPU      0.09s WALL (      32 calls)
     addusd:qvan2 :      0.46s CPU      0.12s WALL (      32 calls)

     Called by *egterg:
     cdiaghg      :      2.20s CPU      0.62s WALL (     127 calls)
     cegterg:over :      0.62s CPU      0.22s WALL (     103 calls)
     cegterg:upda :      0.24s CPU      0.07s WALL (     103 calls)
     cegterg:last :      0.36s CPU      0.10s WALL (      49 calls)
     cdiaghg:chol :      0.14s CPU      0.04s WALL (     127 calls)
     cdiaghg:inve :      0.03s CPU      0.01s WALL (     127 calls)
     cdiaghg:para :      0.37s CPU      0.10s WALL (     254 calls)
     h_psi        :      7.14s CPU      1.99s WALL (     130 calls)
     s_psi        :      0.13s CPU      0.04s WALL (     130 calls)
     g_psi        :      0.02s CPU      0.00s WALL (     103 calls)

     Called by h_psi:
     h_psi:calbec :      0.30s CPU      0.09s WALL (     130 calls)
     vloc_psi     :      6.63s CPU      1.84s WALL (     130 calls)
     add_vuspsi   :      0.17s CPU      0.05s WALL (     130 calls)

     General routines
     calbec       :      0.36s CPU      0.11s WALL (     154 calls)
     fft          :      1.72s CPU      0.54s WALL (     115 calls)
     ffts         :      0.95s CPU      0.31s WALL (      17 calls)
     fftw         :      6.72s CPU      1.83s WALL (    9754 calls)
     interpolate  :      1.01s CPU      0.32s WALL (       9 calls)
 
     Parallel routines

     PAW routines
     PAW_pot      :      1.13s CPU      0.29s WALL (       9 calls)
     PAW_symme    :      0.23s CPU      0.07s WALL (      17 calls)
 
     PWSCF        :     25.76s CPU      8.26s WALL

 
   This run was terminated on:  10:30:28   7Jun2023            

=------------------------------------------------------------------------------=
   JOB DONE.
=------------------------------------------------------------------------------=
