
     Program PWSCF v.7.0 starts on  5Jun2023 at 21:49:55 

     This program is part of the open-source Quantum ESPRESSO suite
     for quantum simulation of materials; please cite
         "P. Giannozzi et al., J. Phys.:Condens. Matter 21 395502 (2009);
         "P. Giannozzi et al., J. Phys.:Condens. Matter 29 465901 (2017);
         "P. Giannozzi et al., J. Chem. Phys. 152 154105 (2020);
          URL http://www.quantum-espresso.org", 
     in publications or presentations arising from this work. More details at
     http://www.quantum-espresso.org/quote

     Parallel version (MPI & OpenMP), running on      32 processor cores
     Number of MPI processes:                 8
     Threads/MPI process:                     4

     MPI processes distributed on     1 nodes
     K-points division:     npool     =       2
     R & G space division:  proc/nbgrp/npool/nimage =       4
     35274 MiB available memory on the printing compute node when the environment starts
 
     Reading input from espresso_12024.pwi
Warning: card &CELL ignored
Warning: card / ignored

     Current dimensions of program PWSCF are:
     Max number of different atomic species (ntypx) = 10
     Max number of k-points (npk) =  40000
     Max angular momentum in pseudopotentials (lmaxx) =  4
     file Ga.pbe-dn-kjpaw_psl.1.0.0.UPF: wavefunction(s)  4S renormalized
     Message from routine setup:
     using ibrav=0 with symmetry is DISCOURAGED, use correct ibrav instead

     Subspace diagonalization in iterative solution of the eigenvalue problem:
     one sub-group per band group will be used
     scalapack distributed-memory algorithm (size of sub-group:  2*  2 procs)

 
     Parallelization info
     --------------------
     sticks:   dense  smooth     PW     G-vecs:    dense   smooth      PW
     Min         444     222     63                11940     4192     683
     Max         445     223     64                11943     4193     688
     Sum        1777     889    253                47765    16769    2739
 
     Using Slab Decomposition
 


     bravais-lattice index     =            0
     lattice parameter (alat)  =      10.3549  a.u.
     unit-cell volume          =     758.5588 (a.u.)^3
     number of atoms/cell      =            6
     number of atomic types    =            3
     number of electrons       =        86.00
     number of Kohn-Sham states=           64
     kinetic-energy cutoff     =      30.0000  Ry
     charge density cutoff     =     240.0000  Ry
     scf convergence threshold =      1.0E-06
     mixing beta               =       0.7000
     number of iterations used =            8  plain     mixing
     Exchange-correlation= PBE
                           (   1   4   3   4   0   0   0)

     celldm(1)=  10.354920  celldm(2)=   0.000000  celldm(3)=   0.000000
     celldm(4)=   0.000000  celldm(5)=   0.000000  celldm(6)=   0.000000

     crystal axes: (cart. coord. in units of alat)
               a(1) = (   1.000000   0.000000   0.000000 )  
               a(2) = (  -0.500000   0.866025   0.000000 )  
               a(3) = (   0.000000   0.000000   0.788893 )  

     reciprocal axes: (cart. coord. in units 2 pi/alat)
               b(1) = (  1.000000  0.577350  0.000000 )  
               b(2) = (  0.000000  1.154700  0.000000 )  
               b(3) = (  0.000000  0.000000  1.267598 )  


     PseudoPot. # 1 for La read from file:
     /home/pragov/projects/rrg-bengioy-ad/pragov/crystal_structure_design/SSSP/La.GGA-PBE-paw-v1.0.UPF
     MD5 check sum: 436541e95c1ad8901025bd0b0ed42ae2
     Pseudo is Projector augmented-wave + core cor, Zval = 11.0
     Generated using ATOMPAW code
     Shape of augmentation charge: BESSEL
     Using radial grid of 1101 points,  8 beta functions with: 
                l(1) =   0
                l(2) =   0
                l(3) =   1
                l(4) =   1
                l(5) =   2
                l(6) =   2
                l(7) =   3
                l(8) =   3
     Q(r) pseudized with 0 coefficients 


     PseudoPot. # 2 for Ga read from file:
     /home/pragov/projects/rrg-bengioy-ad/pragov/crystal_structure_design/SSSP/Ga.pbe-dn-kjpaw_psl.1.0.0.UPF
     MD5 check sum: a27b4342b1af7e5f338de752e9ed7044
     Pseudo is Projector augmented-wave + core cor, Zval = 13.0
     Generated using "atomic" code by A. Dal Corso  v.5.1
     Shape of augmentation charge: PSQ
     Using radial grid of 1205 points,  6 beta functions with: 
                l(1) =   0
                l(2) =   0
                l(3) =   1
                l(4) =   1
                l(5) =   2
                l(6) =   2
     Q(r) pseudized with 0 coefficients 


     PseudoPot. # 3 for Pd read from file:
     /home/pragov/projects/rrg-bengioy-ad/pragov/crystal_structure_design/SSSP/Pd_ONCV_PBE-1.0.oncvpsp.upf
     MD5 check sum: eb77f42b51d86fb18e25f68156a31cf1
     Pseudo is Norm-conserving, Zval = 18.0
     Generated using ONCVPSP code by D. R. Hamann
     Using radial grid of 1410 points,  6 beta functions with: 
                l(1) =   0
                l(2) =   0
                l(3) =   1
                l(4) =   1
                l(5) =   2
                l(6) =   2

     atomic species   valence    mass     pseudopotential
        La            11.00   138.90547     La( 1.00)
        Ga            13.00    69.72300     Ga( 1.00)
        Pd            18.00   106.42000     Pd( 1.00)

     24 Sym. Ops., with inversion, found


                                    s                        frac. trans.

      isym =  1     identity                                     

 cryst.   s( 1) = (     1          0          0      )
                  (     0          1          0      )
                  (     0          0          1      )

 cart.    s( 1) = (  1.0000000  0.0000000  0.0000000 )
                  (  0.0000000  1.0000000  0.0000000 )
                  (  0.0000000  0.0000000  1.0000000 )


      isym =  2     180 deg rotation - cart. axis [0,0,1]        

 cryst.   s( 2) = (    -1          0          0      )
                  (     0         -1          0      )
                  (     0          0          1      )

 cart.    s( 2) = ( -1.0000000 -0.0000000  0.0000000 )
                  (  0.0000000 -1.0000000  0.0000000 )
                  (  0.0000000  0.0000000  1.0000000 )


      isym =  3     180 deg rotation - cart. axis [0,1,0]        

 cryst.   s( 3) = (    -1          0          0      )
                  (     1          1          0      )
                  (     0          0         -1      )

 cart.    s( 3) = ( -1.0000000  0.0000001  0.0000000 )
                  (  0.0000000  1.0000000  0.0000000 )
                  (  0.0000000  0.0000000 -1.0000000 )


      isym =  4     180 deg rotation - cart. axis [1,0,0]        

 cryst.   s( 4) = (     1          0          0      )
                  (    -1         -1          0      )
                  (     0          0         -1      )

 cart.    s( 4) = (  1.0000000 -0.0000001  0.0000000 )
                  (  0.0000000 -1.0000000  0.0000000 )
                  (  0.0000000  0.0000000 -1.0000000 )


      isym =  5      60 deg rotation - cryst. axis [0,0,1]       

 cryst.   s( 5) = (     1          1          0      )
                  (    -1          0          0      )
                  (     0          0          1      )

 cart.    s( 5) = (  0.5000001 -0.8660254  0.0000000 )
                  (  0.8660254  0.4999999  0.0000000 )
                  (  0.0000000  0.0000000  1.0000000 )


      isym =  6      60 deg rotation - cryst. axis [0,0,-1]      

 cryst.   s( 6) = (     0         -1          0      )
                  (     1          1          0      )
                  (     0          0          1      )

 cart.    s( 6) = (  0.4999999  0.8660254  0.0000000 )
                  ( -0.8660254  0.5000001  0.0000000 )
                  (  0.0000000  0.0000000  1.0000000 )


      isym =  7     120 deg rotation - cryst. axis [0,0,1]       

 cryst.   s( 7) = (     0          1          0      )
                  (    -1         -1          0      )
                  (     0          0          1      )

 cart.    s( 7) = ( -0.4999999 -0.8660254  0.0000000 )
                  (  0.8660254 -0.5000001  0.0000000 )
                  (  0.0000000  0.0000000  1.0000000 )


      isym =  8     120 deg rotation - cryst. axis [0,0,-1]      

 cryst.   s( 8) = (    -1         -1          0      )
                  (     1          0          0      )
                  (     0          0          1      )

 cart.    s( 8) = ( -0.5000001  0.8660254  0.0000000 )
                  ( -0.8660254 -0.4999999  0.0000000 )
                  (  0.0000000  0.0000000  1.0000000 )


      isym =  9     180 deg rotation - cryst. axis [1,-1,0]      

 cryst.   s( 9) = (     0         -1          0      )
                  (    -1          0          0      )
                  (     0          0         -1      )

 cart.    s( 9) = (  0.4999999 -0.8660254  0.0000000 )
                  ( -0.8660254 -0.4999999  0.0000000 )
                  (  0.0000000  0.0000000 -1.0000000 )


      isym = 10     180 deg rotation - cryst. axis [2,1,0]       

 cryst.   s(10) = (     1          1          0      )
                  (     0         -1          0      )
                  (     0          0         -1      )

 cart.    s(10) = (  0.5000001  0.8660253  0.0000000 )
                  (  0.8660254 -0.5000001  0.0000000 )
                  (  0.0000000  0.0000000 -1.0000000 )


      isym = 11     180 deg rotation - cryst. axis [0,1,0]       

 cryst.   s(11) = (    -1         -1          0      )
                  (     0          1          0      )
                  (     0          0         -1      )

 cart.    s(11) = ( -0.5000001 -0.8660253  0.0000000 )
                  ( -0.8660254  0.5000001  0.0000000 )
                  (  0.0000000  0.0000000 -1.0000000 )


      isym = 12     180 deg rotation - cryst. axis [1,1,0]       

 cryst.   s(12) = (     0          1          0      )
                  (     1          0          0      )
                  (     0          0         -1      )

 cart.    s(12) = ( -0.4999999  0.8660254  0.0000000 )
                  (  0.8660254  0.4999999  0.0000000 )
                  (  0.0000000  0.0000000 -1.0000000 )


      isym = 13     inversion                                    

 cryst.   s(13) = (    -1          0          0      )
                  (     0         -1          0      )
                  (     0          0         -1      )

 cart.    s(13) = ( -1.0000000 -0.0000000  0.0000000 )
                  (  0.0000000 -1.0000000  0.0000000 )
                  (  0.0000000  0.0000000 -1.0000000 )


      isym = 14     inv. 180 deg rotation - cart. axis [0,0,1]   

 cryst.   s(14) = (     1          0          0      )
                  (     0          1          0      )
                  (     0          0         -1      )

 cart.    s(14) = (  1.0000000  0.0000000  0.0000000 )
                  (  0.0000000  1.0000000  0.0000000 )
                  (  0.0000000  0.0000000 -1.0000000 )


      isym = 15     inv. 180 deg rotation - cart. axis [0,1,0]   

 cryst.   s(15) = (     1          0          0      )
                  (    -1         -1          0      )
                  (     0          0          1      )

 cart.    s(15) = (  1.0000000 -0.0000001  0.0000000 )
                  (  0.0000000 -1.0000000  0.0000000 )
                  (  0.0000000  0.0000000  1.0000000 )


      isym = 16     inv. 180 deg rotation - cart. axis [1,0,0]   

 cryst.   s(16) = (    -1          0          0      )
                  (     1          1          0      )
                  (     0          0          1      )

 cart.    s(16) = ( -1.0000000  0.0000001  0.0000000 )
                  (  0.0000000  1.0000000  0.0000000 )
                  (  0.0000000  0.0000000  1.0000000 )


      isym = 17     inv.  60 deg rotation - cryst. axis [0,0,1]  

 cryst.   s(17) = (    -1         -1          0      )
                  (     1          0          0      )
                  (     0          0         -1      )

 cart.    s(17) = ( -0.5000001  0.8660254  0.0000000 )
                  ( -0.8660254 -0.4999999  0.0000000 )
                  (  0.0000000  0.0000000 -1.0000000 )


      isym = 18     inv.  60 deg rotation - cryst. axis [0,0,-1] 

 cryst.   s(18) = (     0          1          0      )
                  (    -1         -1          0      )
                  (     0          0         -1      )

 cart.    s(18) = ( -0.4999999 -0.8660254  0.0000000 )
                  (  0.8660254 -0.5000001  0.0000000 )
                  (  0.0000000  0.0000000 -1.0000000 )


      isym = 19     inv. 120 deg rotation - cryst. axis [0,0,1]  

 cryst.   s(19) = (     0         -1          0      )
                  (     1          1          0      )
                  (     0          0         -1      )

 cart.    s(19) = (  0.4999999  0.8660254  0.0000000 )
                  ( -0.8660254  0.5000001  0.0000000 )
                  (  0.0000000  0.0000000 -1.0000000 )


      isym = 20     inv. 120 deg rotation - cryst. axis [0,0,-1] 

 cryst.   s(20) = (     1          1          0      )
                  (    -1          0          0      )
                  (     0          0         -1      )

 cart.    s(20) = (  0.5000001 -0.8660254  0.0000000 )
                  (  0.8660254  0.4999999  0.0000000 )
                  (  0.0000000  0.0000000 -1.0000000 )


      isym = 21     inv. 180 deg rotation - cryst. axis [1,-1,0] 

 cryst.   s(21) = (     0          1          0      )
                  (     1          0          0      )
                  (     0          0          1      )

 cart.    s(21) = ( -0.4999999  0.8660254  0.0000000 )
                  (  0.8660254  0.4999999  0.0000000 )
                  (  0.0000000  0.0000000  1.0000000 )


      isym = 22     inv. 180 deg rotation - cryst. axis [2,1,0]  

 cryst.   s(22) = (    -1         -1          0      )
                  (     0          1          0      )
                  (     0          0          1      )

 cart.    s(22) = ( -0.5000001 -0.8660253  0.0000000 )
                  ( -0.8660254  0.5000001  0.0000000 )
                  (  0.0000000  0.0000000  1.0000000 )


      isym = 23     inv. 180 deg rotation - cryst. axis [0,1,0]  

 cryst.   s(23) = (     1          1          0      )
                  (     0         -1          0      )
                  (     0          0          1      )

 cart.    s(23) = (  0.5000001  0.8660253  0.0000000 )
                  (  0.8660254 -0.5000001  0.0000000 )
                  (  0.0000000  0.0000000  1.0000000 )


      isym = 24     inv. 180 deg rotation - cryst. axis [1,1,0]  

 cryst.   s(24) = (     0         -1          0      )
                  (    -1          0          0      )
                  (     0          0          1      )

 cart.    s(24) = (  0.4999999 -0.8660254  0.0000000 )
                  ( -0.8660254 -0.4999999  0.0000000 )
                  (  0.0000000  0.0000000  1.0000000 )


   Cartesian axes

     site n.     atom                  positions (alat units)
         1           La  tau(   1) = (   0.0000000   0.0000000   0.0000000  )
         2           Ga  tau(   2) = (   0.5000000   0.0000000   0.3944467  )
         3           Ga  tau(   3) = (   0.2500000   0.4330127   0.3944467  )
         4           Ga  tau(   4) = (  -0.2500000   0.4330127   0.3944467  )
         5           Pd  tau(   5) = (   0.5000005   0.2886749   0.0000000  )
         6           Pd  tau(   6) = (  -0.0000005   0.5773506   0.0000000  )

   Crystallographic axes

     site n.     atom                  positions (cryst. coord.)
         1           La  tau(   1) = (  0.0000000  0.0000000  0.0000000  )
         2           Ga  tau(   2) = (  0.5000000  0.0000000  0.5000000  )
         3           Ga  tau(   3) = (  0.5000000  0.5000000  0.5000000  )
         4           Ga  tau(   4) = (  0.0000000  0.5000000  0.5000000  )
         5           Pd  tau(   5) = (  0.6666670  0.3333330  0.0000000  )
         6           Pd  tau(   6) = (  0.3333330  0.6666670  0.0000000  )

     number of k points=     6
                       cart. coord. in units 2pi/alat
        k(    1) = (   0.0000000   0.0000000   0.0000000), wk =   0.0740741
        k(    2) = (   0.0000000   0.0000000   0.4225327), wk =   0.1481481
        k(    3) = (   0.0000000   0.3849002   0.0000000), wk =   0.4444444
        k(    4) = (   0.0000000   0.3849002   0.4225327), wk =   0.8888889
        k(    5) = (   0.3333333   0.5773502   0.0000000), wk =   0.1481481
        k(    6) = (   0.3333333   0.5773502   0.4225327), wk =   0.2962963

                       cryst. coord.
        k(    1) = (   0.0000000   0.0000000   0.0000000), wk =   0.0740741
        k(    2) = (   0.0000000   0.0000000   0.3333333), wk =   0.1481481
        k(    3) = (   0.0000000   0.3333333   0.0000000), wk =   0.4444444
        k(    4) = (   0.0000000   0.3333333   0.3333333), wk =   0.8888889
        k(    5) = (   0.3333333   0.3333333   0.0000000), wk =   0.1481481
        k(    6) = (   0.3333333   0.3333333   0.3333333), wk =   0.2962963

     Dense  grid:    47765 G-vectors     FFT dimensions: (  54,  54,  45)

     Smooth grid:    16769 G-vectors     FFT dimensions: (  40,  40,  30)

     Dynamical RAM for                 wfc:       0.51 MB

     Dynamical RAM for     wfc (w. buffer):       2.05 MB

     Dynamical RAM for           str. fact:       0.55 MB

     Dynamical RAM for           local pot:       0.00 MB

     Dynamical RAM for          nlocal pot:       0.98 MB

     Dynamical RAM for                qrad:       8.96 MB

     Dynamical RAM for          rho,v,vnew:       1.35 MB

     Dynamical RAM for               rhoin:       0.45 MB

     Dynamical RAM for            rho*nmix:       2.92 MB

     Dynamical RAM for           G-vectors:       0.72 MB

     Dynamical RAM for          h,s,v(r/c):       0.19 MB

     Dynamical RAM for          <psi|beta>:       0.12 MB

     Dynamical RAM for                 psi:       1.03 MB

     Dynamical RAM for                hpsi:       1.03 MB

     Dynamical RAM for                spsi:       1.03 MB

     Dynamical RAM for      wfcinit/wfcrot:       1.41 MB

     Dynamical RAM for           addusdens:      50.93 MB

     Estimated static dynamical RAM per process >      17.11 MB

     Estimated max dynamical RAM per process >      70.96 MB

     Estimated total dynamical RAM >     556.02 MB

     Check: negative core charge=   -0.000002

     Initial potential from superposition of free atoms

     starting charge      85.9819, renormalised to      86.0000
     Starting wfcs are   79 randomized atomic wfcs
     Checking if some PAW data can be deallocated... 
       PAW data deallocated on    6 nodes for type:  1
       PAW data deallocated on    4 nodes for type:  2

     total cpu time spent up to now is        2.6 secs

     Self-consistent Calculation

     iteration #  1     ecut=    30.00 Ry     beta= 0.70
     Davidson diagonalization with overlap

---- Real-time Memory Report at c_bands before calling an iterative solver
           210 MiB given to the printing process from OS
             0 MiB allocation reported by mallinfo(arena+hblkhd)
         33508 MiB available memory on the node where the printing process lives
------------------
     ethr =  1.00E-02,  avg # of iterations =  6.0

     Threshold (ethr) on eigenvalues was too large:
     Diagonalizing with lowered threshold

     Davidson diagonalization with overlap

---- Real-time Memory Report at c_bands before calling an iterative solver
           235 MiB given to the printing process from OS
             0 MiB allocation reported by mallinfo(arena+hblkhd)
         33270 MiB available memory on the node where the printing process lives
------------------
     ethr =  6.81E-04,  avg # of iterations =  2.0

     total cpu time spent up to now is        4.0 secs

     total energy              =   -1797.88318452 Ry
     estimated scf accuracy    <       0.57592125 Ry

     iteration #  2     ecut=    30.00 Ry     beta= 0.70
     Davidson diagonalization with overlap

---- Real-time Memory Report at c_bands before calling an iterative solver
           249 MiB given to the printing process from OS
             0 MiB allocation reported by mallinfo(arena+hblkhd)
         32800 MiB available memory on the node where the printing process lives
------------------
     ethr =  6.70E-04,  avg # of iterations =  4.3

     total cpu time spent up to now is        4.8 secs

     total energy              =   -1797.11473660 Ry
     estimated scf accuracy    <       6.50823953 Ry

     iteration #  3     ecut=    30.00 Ry     beta= 0.70
     Davidson diagonalization with overlap

---- Real-time Memory Report at c_bands before calling an iterative solver
           256 MiB given to the printing process from OS
             0 MiB allocation reported by mallinfo(arena+hblkhd)
         31997 MiB available memory on the node where the printing process lives
------------------
     ethr =  6.70E-04,  avg # of iterations =  2.8

     total cpu time spent up to now is        5.5 secs

     total energy              =   -1798.19748090 Ry
     estimated scf accuracy    <       0.21288614 Ry

     iteration #  4     ecut=    30.00 Ry     beta= 0.70
     Davidson diagonalization with overlap

---- Real-time Memory Report at c_bands before calling an iterative solver
           256 MiB given to the printing process from OS
             0 MiB allocation reported by mallinfo(arena+hblkhd)
         32414 MiB available memory on the node where the printing process lives
------------------
     ethr =  2.48E-04,  avg # of iterations =  2.0

     total cpu time spent up to now is        6.3 secs

     total energy              =   -1798.20254971 Ry
     estimated scf accuracy    <       0.05937151 Ry

     iteration #  5     ecut=    30.00 Ry     beta= 0.70
     Davidson diagonalization with overlap

---- Real-time Memory Report at c_bands before calling an iterative solver
           256 MiB given to the printing process from OS
             0 MiB allocation reported by mallinfo(arena+hblkhd)
         31929 MiB available memory on the node where the printing process lives
------------------
     ethr =  6.90E-05,  avg # of iterations =  1.7

     total cpu time spent up to now is        7.3 secs

     total energy              =   -1798.20216721 Ry
     estimated scf accuracy    <       0.01073382 Ry

     iteration #  6     ecut=    30.00 Ry     beta= 0.70
     Davidson diagonalization with overlap

---- Real-time Memory Report at c_bands before calling an iterative solver
           257 MiB given to the printing process from OS
             0 MiB allocation reported by mallinfo(arena+hblkhd)
         31489 MiB available memory on the node where the printing process lives
------------------
     ethr =  1.25E-05,  avg # of iterations =  3.7

     total cpu time spent up to now is        8.1 secs

     total energy              =   -1798.20409827 Ry
     estimated scf accuracy    <       0.00004042 Ry

     iteration #  7     ecut=    30.00 Ry     beta= 0.70
     Davidson diagonalization with overlap

---- Real-time Memory Report at c_bands before calling an iterative solver
           257 MiB given to the printing process from OS
             0 MiB allocation reported by mallinfo(arena+hblkhd)
         31064 MiB available memory on the node where the printing process lives
------------------
     ethr =  4.70E-08,  avg # of iterations =  6.7

     total cpu time spent up to now is        9.0 secs

     total energy              =   -1798.20417843 Ry
     estimated scf accuracy    <       0.00000267 Ry

     iteration #  8     ecut=    30.00 Ry     beta= 0.70
     Davidson diagonalization with overlap

---- Real-time Memory Report at c_bands before calling an iterative solver
           257 MiB given to the printing process from OS
             0 MiB allocation reported by mallinfo(arena+hblkhd)
         30286 MiB available memory on the node where the printing process lives
------------------
     ethr =  3.11E-09,  avg # of iterations =  3.8

     total cpu time spent up to now is        9.7 secs

     total energy              =   -1798.20417822 Ry
     estimated scf accuracy    <       0.00000358 Ry

     iteration #  9     ecut=    30.00 Ry     beta= 0.70
     Davidson diagonalization with overlap

---- Real-time Memory Report at c_bands before calling an iterative solver
           257 MiB given to the printing process from OS
             0 MiB allocation reported by mallinfo(arena+hblkhd)
         30704 MiB available memory on the node where the printing process lives
------------------
     ethr =  3.11E-09,  avg # of iterations =  2.0

     total cpu time spent up to now is       10.2 secs

     End of self-consistent calculation

          k = 0.0000 0.0000 0.0000 (  2073 PWs)   bands (ev):

   -71.4509 -71.4475 -37.0070 -37.0000 -36.8037 -36.8037 -36.7732 -36.7732
   -18.1814  -1.9944  -1.9943  -1.8920  -1.0394  -0.9166  -0.9164  -0.8299
    -0.7313  -0.7241  -0.7240  -0.6184  -0.6183  -0.5782  -0.5782  -0.5682
    -0.5359  -0.5358  -0.4349   4.1678   8.5871   9.6971   9.6972  10.2677
    10.2678  10.3296  11.2609  11.2609  11.4760  11.4760  11.9053  11.9053
    12.9962  13.5356  13.5826  13.5827  14.1248  16.6398  16.6908  16.6908
    16.8571  16.8571  16.8750  16.9386  17.1518  17.1519  17.4617  17.4618
    18.1943  20.8534  20.8536  22.1837  22.5933  22.8922  23.0204  23.9533

     occupation numbers 
     1.0000   1.0000   1.0000   1.0000   1.0000   1.0000   1.0000   1.0000
     1.0000   1.0000   1.0000   1.0000   1.0000   1.0000   1.0000   1.0000
     1.0000   1.0000   1.0000   1.0000   1.0000   1.0000   1.0000   1.0000
     1.0000   1.0000   1.0000   1.0000   1.0000   1.0000   1.0000   1.0000
     1.0000   1.0000   1.0000   1.0000   1.0000   1.0000   1.0000   1.0000
     1.0000   1.0000   1.0000   0.0000   0.0000   0.0000   0.0000   0.0000
     0.0000   0.0000   0.0000   0.0000   0.0000   0.0000   0.0000   0.0000
     0.0000   0.0000   0.0000   0.0000   0.0000   0.0000   0.0000   0.0000

          k = 0.0000 0.0000 0.4225 (  2078 PWs)   bands (ev):

   -71.4509 -71.4475 -37.0085 -37.0034 -36.8035 -36.8035 -36.7727 -36.7727
   -18.1720  -2.1147  -1.9978  -1.9977  -1.0204  -0.9160  -0.9159  -0.8678
    -0.7025  -0.6795  -0.6795  -0.6216  -0.6214  -0.5711  -0.5668  -0.5667
    -0.5329  -0.5328  -0.4355   5.0381   9.0681   9.0682   9.3675   9.7743
    10.4404  10.4405  10.8141  10.8142  10.8444  11.6153  11.6153  12.5396
    12.7940  12.7940  13.5524  13.5524  15.4461  15.4461  16.1068  16.2166
    16.6781  16.7727  16.7727  16.8703  16.8703  17.2671  18.8253  19.0274
    19.0274  20.7402  21.1796  21.1797  22.8098  22.8099  23.4569  23.5462

     occupation numbers 
     1.0000   1.0000   1.0000   1.0000   1.0000   1.0000   1.0000   1.0000
     1.0000   1.0000   1.0000   1.0000   1.0000   1.0000   1.0000   1.0000
     1.0000   1.0000   1.0000   1.0000   1.0000   1.0000   1.0000   1.0000
     1.0000   1.0000   1.0000   1.0000   1.0000   1.0000   1.0000   1.0000
     1.0000   1.0000   1.0000   1.0000   1.0000   1.0000   1.0000   1.0000
     1.0000   1.0000   1.0000   0.0000   0.0000   0.0000   0.0000   0.0000
     0.0000   0.0000   0.0000   0.0000   0.0000   0.0000   0.0000   0.0000
     0.0000   0.0000   0.0000   0.0000   0.0000   0.0000   0.0000   0.0000

          k = 0.0000 0.3849 0.0000 (  2096 PWs)   bands (ev):

   -71.4502 -71.4483 -37.0053 -37.0042 -36.8067 -36.7998 -36.7792 -36.7729
   -18.1795  -2.0565  -2.0004  -1.9096  -0.9564  -0.8786  -0.8111  -0.7924
    -0.7023  -0.7011  -0.6875  -0.6766  -0.6210  -0.6132  -0.6123  -0.6112
    -0.5826  -0.5748  -0.4983   4.8864   6.7713   9.5843  10.1118  10.2657
    10.3223  10.3400  10.7927  11.0137  11.1861  11.5381  11.5659  12.1036
    12.7106  13.6756  14.8941  14.9208  16.0935  16.3735  16.5847  16.5909
    16.6982  16.7756  16.8067  17.1154  17.1546  17.6088  17.7347  18.2938
    18.6982  19.2083  20.5413  20.9373  21.3139  21.3230  22.1191  23.3184

     occupation numbers 
     1.0000   1.0000   1.0000   1.0000   1.0000   1.0000   1.0000   1.0000
     1.0000   1.0000   1.0000   1.0000   1.0000   1.0000   1.0000   1.0000
     1.0000   1.0000   1.0000   1.0000   1.0000   1.0000   1.0000   1.0000
     1.0000   1.0000   1.0000   1.0000   1.0000   1.0000   1.0000   1.0000
     1.0000   1.0000   1.0000   1.0000   1.0000   1.0000   1.0000   1.0000
     1.0000   1.0000   1.0000   0.0000   0.0000   0.0000   0.0000   0.0000
     0.0000   0.0000   0.0000   0.0000   0.0000   0.0000   0.0000   0.0000
     0.0000   0.0000   0.0000   0.0000   0.0000   0.0000   0.0000   0.0000

          k = 0.0000 0.3849 0.4225 (  2107 PWs)   bands (ev):

   -71.4502 -71.4483 -37.0086 -37.0055 -36.8062 -36.8006 -36.7806 -36.7713
   -18.1702  -2.0999  -2.0169  -1.9889  -0.9478  -0.8771  -0.8208  -0.8110
    -0.7026  -0.6841  -0.6699  -0.6603  -0.6301  -0.6243  -0.6088  -0.5992
    -0.5800  -0.5722  -0.5032   5.4978   7.2736   8.5480   9.8806  10.0895
    10.4855  10.6033  10.7601  11.0939  11.3605  11.5027  11.5721  12.1316
    12.7892  13.0416  13.5565  14.5639  16.1193  16.1500  16.4821  16.6930
    16.7311  16.7639  16.7684  16.8926  17.1509  17.2883  17.6678  17.7567
    19.2510  20.0741  20.9966  21.1927  21.7064  22.2996  23.1622  24.0390

     occupation numbers 
     1.0000   1.0000   1.0000   1.0000   1.0000   1.0000   1.0000   1.0000
     1.0000   1.0000   1.0000   1.0000   1.0000   1.0000   1.0000   1.0000
     1.0000   1.0000   1.0000   1.0000   1.0000   1.0000   1.0000   1.0000
     1.0000   1.0000   1.0000   1.0000   1.0000   1.0000   1.0000   1.0000
     1.0000   1.0000   1.0000   1.0000   1.0000   1.0000   1.0000   1.0000
     1.0000   1.0000   1.0000   0.0000   0.0000   0.0000   0.0000   0.0000
     0.0000   0.0000   0.0000   0.0000   0.0000   0.0000   0.0000   0.0000
     0.0000   0.0000   0.0000   0.0000   0.0000   0.0000   0.0000   0.0000

          k = 0.3333 0.5774 0.0000 (  2097 PWs)   bands (ev):

   -71.4492 -71.4492 -37.0050 -37.0050 -36.8080 -36.7896 -36.7896 -36.7705
   -18.1786  -2.0443  -2.0442  -1.9182  -0.8606  -0.8229  -0.8228  -0.7410
    -0.7409  -0.7049  -0.7048  -0.6335  -0.6277  -0.6258  -0.6128  -0.6127
    -0.6059  -0.6059  -0.5778   5.8127   5.8128   8.6102  10.2012  10.2851
    10.4848  10.4848  10.4901  10.4902  11.6567  11.7590  11.7590  12.1482
    14.0938  14.3820  14.3820  14.9128  14.9129  16.5127  16.5128  16.7240
    16.7309  16.7309  16.7739  16.8298  17.7287  18.5705  18.5706  19.1517
    19.1518  19.1526  19.1528  20.5443  20.6656  21.1959  21.2633  21.2634

     occupation numbers 
     1.0000   1.0000   1.0000   1.0000   1.0000   1.0000   1.0000   1.0000
     1.0000   1.0000   1.0000   1.0000   1.0000   1.0000   1.0000   1.0000
     1.0000   1.0000   1.0000   1.0000   1.0000   1.0000   1.0000   1.0000
     1.0000   1.0000   1.0000   1.0000   1.0000   1.0000   1.0000   1.0000
     1.0000   1.0000   1.0000   1.0000   1.0000   1.0000   1.0000   1.0000
     1.0000   1.0000   1.0000   0.0000   0.0000   0.0000   0.0000   0.0000
     0.0000   0.0000   0.0000   0.0000   0.0000   0.0000   0.0000   0.0000
     0.0000   0.0000   0.0000   0.0000   0.0000   0.0000   0.0000   0.0000

          k = 0.3333 0.5774 0.4225 (  2145 PWs)   bands (ev):

   -71.4493 -71.4493 -37.0083 -37.0083 -36.8103 -36.7922 -36.7922 -36.7740
   -18.1693  -2.0903  -2.0059  -2.0059  -0.8628  -0.8204  -0.8203  -0.7546
    -0.7544  -0.7013  -0.7013  -0.6700  -0.6215  -0.6159  -0.6129  -0.6128
    -0.6037  -0.6036  -0.5718   6.2276   6.2277   8.2740   9.9605   9.9606
    10.3320  10.5904  10.5904  11.3679  11.7943  11.8264  11.8264  12.0902
    12.7299  12.7300  14.3746  14.9081  14.9081  16.3905  16.7134  16.7204
    16.7204  16.7411  16.7411  16.7537  16.8777  17.1952  17.1952  18.9582
    19.3216  19.3217  21.0983  21.0983  22.0411  22.5817  23.8311  23.8313

     occupation numbers 
     1.0000   1.0000   1.0000   1.0000   1.0000   1.0000   1.0000   1.0000
     1.0000   1.0000   1.0000   1.0000   1.0000   1.0000   1.0000   1.0000
     1.0000   1.0000   1.0000   1.0000   1.0000   1.0000   1.0000   1.0000
     1.0000   1.0000   1.0000   1.0000   1.0000   1.0000   1.0000   1.0000
     1.0000   1.0000   1.0000   1.0000   1.0000   1.0000   1.0000   1.0000
     1.0000   1.0000   1.0000   0.0000   0.0000   0.0000   0.0000   0.0000
     0.0000   0.0000   0.0000   0.0000   0.0000   0.0000   0.0000   0.0000
     0.0000   0.0000   0.0000   0.0000   0.0000   0.0000   0.0000   0.0000

     highest occupied, lowest unoccupied level (ev):    14.8941   13.5524

!    total energy              =   -1798.20417874 Ry
     estimated scf accuracy    <       0.00000002 Ry

     The total energy is the sum of the following terms:
     one-electron contribution =    -545.90599651 Ry
     hartree contribution      =     341.54197681 Ry
     xc contribution           =    -172.83638182 Ry
     ewald contribution        =    -690.16446793 Ry
     one-center paw contrib.   =    -730.83930930 Ry
      -> PAW hartree energy AE =      35.17825336 Ry
      -> PAW hartree energy PS =     -35.21662122 Ry
      -> PAW xc energy AE      =    -405.38827913 Ry
      -> PAW xc energy PS      =       7.33129320 Ry
      -> total E_H with PAW    =     341.50360895 Ry
      -> total E_XC with PAW   =    -570.89336774 Ry

     convergence has been achieved in   9 iterations

     Writing all to output data dir calculations_bands/myprefix.save/
 
     init_run     :      7.53s CPU      2.20s WALL (       1 calls)
     electrons    :     28.42s CPU      7.95s WALL (       1 calls)

     Called by init_run:
     wfcinit      :      0.95s CPU      0.34s WALL (       1 calls)
     wfcinit:atom :      0.00s CPU      0.00s WALL (       3 calls)
     wfcinit:wfcr :      0.92s CPU      0.32s WALL (       3 calls)
     potinit      :      2.83s CPU      0.77s WALL (       1 calls)
     hinit0       :      2.50s CPU      0.70s WALL (       1 calls)

     Called by electrons:
     c_bands      :     11.06s CPU      2.90s WALL (      10 calls)
     sum_band     :      4.27s CPU      1.26s WALL (      10 calls)
     v_of_rho     :      0.41s CPU      0.11s WALL (      10 calls)
     v_h          :      0.02s CPU      0.01s WALL (      10 calls)
     v_xc         :      0.38s CPU      0.10s WALL (      10 calls)
     newd         :      3.67s CPU      1.06s WALL (      10 calls)
     PAW_pot      :      9.95s CPU      2.67s WALL (      10 calls)
     mix_rho      :      0.08s CPU      0.02s WALL (      10 calls)

     Called by c_bands:
     init_us_2    :      0.07s CPU      0.02s WALL (      63 calls)
     init_us_2:cp :      0.07s CPU      0.02s WALL (      63 calls)
     cegterg      :      8.36s CPU      2.19s WALL (      30 calls)

     Called by sum_band:
     sum_band:wei :      0.01s CPU      0.00s WALL (      10 calls)
     sum_band:loo :      1.24s CPU      0.33s WALL (      10 calls)
     sum_band:buf :      0.01s CPU      0.00s WALL (      30 calls)
     sum_band:ini :      0.03s CPU      0.01s WALL (      30 calls)
     sum_band:cal :      0.06s CPU      0.02s WALL (      30 calls)
     sum_band:bec :      0.01s CPU      0.00s WALL (      30 calls)
     addusdens    :      1.55s CPU      0.53s WALL (      10 calls)
     addusd:skk   :      0.00s CPU      0.00s WALL (      20 calls)
     addusd:dgemm :      0.14s CPU      0.15s WALL (      20 calls)
     addusd:qvan2 :      1.07s CPU      0.27s WALL (      20 calls)

     Called by *egterg:
     cdiaghg      :      2.27s CPU      0.60s WALL (     134 calls)
     cegterg:over :      0.31s CPU      0.08s WALL (     107 calls)
     cegterg:upda :      0.14s CPU      0.04s WALL (     107 calls)
     cegterg:last :      0.23s CPU      0.06s WALL (      62 calls)
     cdiaghg:chol :      0.15s CPU      0.04s WALL (     134 calls)
     cdiaghg:inve :      0.03s CPU      0.01s WALL (     134 calls)
     cdiaghg:para :      0.36s CPU      0.10s WALL (     268 calls)
     h_psi        :      5.97s CPU      1.62s WALL (     140 calls)
     s_psi        :      0.08s CPU      0.02s WALL (     140 calls)
     g_psi        :      0.01s CPU      0.00s WALL (     107 calls)

     Called by h_psi:
     h_psi:calbec :      0.22s CPU      0.06s WALL (     140 calls)
     vloc_psi     :      5.59s CPU      1.52s WALL (     140 calls)
     add_vuspsi   :      0.12s CPU      0.03s WALL (     140 calls)

     General routines
     calbec       :      0.27s CPU      0.07s WALL (     170 calls)
     fft          :      0.87s CPU      0.23s WALL (     129 calls)
     ffts         :      1.06s CPU      0.30s WALL (      20 calls)
     fftw         :      5.73s CPU      1.54s WALL (   11774 calls)
     interpolate  :      0.94s CPU      0.27s WALL (      10 calls)
 
     Parallel routines

     PAW routines
     PAW_pot      :      9.95s CPU      2.67s WALL (      10 calls)
     PAW_symme    :      0.28s CPU      0.08s WALL (      20 calls)
 
     PWSCF        :     37.82s CPU     12.01s WALL

 
   This run was terminated on:  21:50: 7   5Jun2023            

=------------------------------------------------------------------------------=
   JOB DONE.
=------------------------------------------------------------------------------=
