
     Program PWSCF v.7.0 starts on  7Jun2023 at 10:18:23 

     This program is part of the open-source Quantum ESPRESSO suite
     for quantum simulation of materials; please cite
         "P. Giannozzi et al., J. Phys.:Condens. Matter 21 395502 (2009);
         "P. Giannozzi et al., J. Phys.:Condens. Matter 29 465901 (2017);
         "P. Giannozzi et al., J. Chem. Phys. 152 154105 (2020);
          URL http://www.quantum-espresso.org", 
     in publications or presentations arising from this work. More details at
     http://www.quantum-espresso.org/quote

     Parallel version (MPI & OpenMP), running on      32 processor cores
     Number of MPI processes:                 8
     Threads/MPI process:                     4

     MPI processes distributed on     1 nodes
     K-points division:     npool     =       2
     R & G space division:  proc/nbgrp/npool/nimage =       4
     123598 MiB available memory on the printing compute node when the environment starts
 
     Reading input from espresso_9833.pwi
Warning: card &CELL ignored
Warning: card / ignored

     Current dimensions of program PWSCF are:
     Max number of different atomic species (ntypx) = 10
     Max number of k-points (npk) =  40000
     Max angular momentum in pseudopotentials (lmaxx) =  4
     Message from routine setup:
     using ibrav=0 with symmetry is DISCOURAGED, use correct ibrav instead

     Subspace diagonalization in iterative solution of the eigenvalue problem:
     one sub-group per band group will be used
     scalapack distributed-memory algorithm (size of sub-group:  2*  2 procs)

 
     Parallelization info
     --------------------
     sticks:   dense  smooth     PW     G-vecs:    dense   smooth      PW
     Min         333     164     49                 6156     2191     371
     Max         334     166     50                 6157     2192     374
     Sum        1333     661    199                24627     8767    1493
 
     Using Slab Decomposition
 


     bravais-lattice index     =            0
     lattice parameter (alat)  =       8.9413  a.u.
     unit-cell volume          =     393.0481 (a.u.)^3
     number of atoms/cell      =            3
     number of atomic types    =            2
     number of electrons       =        36.00
     number of Kohn-Sham states=           64
     kinetic-energy cutoff     =      30.0000  Ry
     charge density cutoff     =     240.0000  Ry
     scf convergence threshold =      1.0E-06
     mixing beta               =       0.7000
     number of iterations used =            8  plain     mixing
     Exchange-correlation=  SLA  PW   PBX  PBC
                           (   1   4   3   4   0   0   0)

     celldm(1)=   8.941291  celldm(2)=   0.000000  celldm(3)=   0.000000
     celldm(4)=   0.000000  celldm(5)=   0.000000  celldm(6)=   0.000000

     crystal axes: (cart. coord. in units of alat)
               a(1) = (   1.000000   0.000000   0.000000 )  
               a(2) = (  -0.500000   0.866025   0.000000 )  
               a(3) = (   0.000000   0.000000   0.634913 )  

     reciprocal axes: (cart. coord. in units 2 pi/alat)
               b(1) = (  1.000000  0.577350  0.000000 )  
               b(2) = (  0.000000  1.154700  0.000000 )  
               b(3) = (  0.000000  0.000000  1.575019 )  


     PseudoPot. # 1 for Zr read from file:
     /home/pragov/projects/rrg-bengioy-ad/pragov/crystal_structure_design/SSSP/Zr_pbe_v1.uspp.F.UPF
     MD5 check sum: 5db81b1e868ab7776c4564c113de050b
     Pseudo is Ultrasoft + core correction, Zval = 12.0
     Generated by new atomic code, or converted to UPF format
     Using radial grid of  887 points,  6 beta functions with: 
                l(1) =   0
                l(2) =   0
                l(3) =   1
                l(4) =   1
                l(5) =   2
                l(6) =   2
     Q(r) pseudized with  6 coefficients,  rinner =    1.200   1.200   1.200
                                                       1.200   1.200

     PseudoPot. # 2 for Ti read from file:
     /home/pragov/projects/rrg-bengioy-ad/pragov/crystal_structure_design/SSSP/ti_pbe_v1.4.uspp.F.UPF
     MD5 check sum: 88a00a6731bd790ddea75d31a80cb452
     Pseudo is Ultrasoft + core correction, Zval = 12.0
     Generated by new atomic code, or converted to UPF format
     Using radial grid of  851 points,  6 beta functions with: 
                l(1) =   0
                l(2) =   0
                l(3) =   1
                l(4) =   1
                l(5) =   2
                l(6) =   2
     Q(r) pseudized with  6 coefficients,  rinner =    1.000   1.000   1.000
                                                       1.000   1.000

     atomic species   valence    mass     pseudopotential
        Zr            12.00    91.22400     Zr( 1.00)
        Ti            12.00    47.86700     Ti( 1.00)

     24 Sym. Ops., with inversion, found


                                    s                        frac. trans.

      isym =  1     identity                                     

 cryst.   s( 1) = (     1          0          0      )
                  (     0          1          0      )
                  (     0          0          1      )

 cart.    s( 1) = (  1.0000000  0.0000000  0.0000000 )
                  (  0.0000000  1.0000000  0.0000000 )
                  (  0.0000000  0.0000000  1.0000000 )


      isym =  2     180 deg rotation - cart. axis [0,0,1]        

 cryst.   s( 2) = (    -1          0          0      )
                  (     0         -1          0      )
                  (     0          0          1      )

 cart.    s( 2) = ( -1.0000000 -0.0000000  0.0000000 )
                  (  0.0000000 -1.0000000  0.0000000 )
                  (  0.0000000  0.0000000  1.0000000 )


      isym =  3     180 deg rotation - cart. axis [0,1,0]        

 cryst.   s( 3) = (    -1          0          0      )
                  (     1          1          0      )
                  (     0          0         -1      )

 cart.    s( 3) = ( -1.0000000  0.0000002  0.0000000 )
                  (  0.0000000  1.0000000  0.0000000 )
                  (  0.0000000  0.0000000 -1.0000000 )


      isym =  4     180 deg rotation - cart. axis [1,0,0]        

 cryst.   s( 4) = (     1          0          0      )
                  (    -1         -1          0      )
                  (     0          0         -1      )

 cart.    s( 4) = (  1.0000000 -0.0000002  0.0000000 )
                  (  0.0000000 -1.0000000  0.0000000 )
                  (  0.0000000  0.0000000 -1.0000000 )


      isym =  5      60 deg rotation - cryst. axis [0,0,1]       

 cryst.   s( 5) = (     1          1          0      )
                  (    -1          0          0      )
                  (     0          0          1      )

 cart.    s( 5) = (  0.5000001 -0.8660254  0.0000000 )
                  (  0.8660255  0.4999999  0.0000000 )
                  (  0.0000000  0.0000000  1.0000000 )


      isym =  6      60 deg rotation - cryst. axis [0,0,-1]      

 cryst.   s( 6) = (     0         -1          0      )
                  (     1          1          0      )
                  (     0          0          1      )

 cart.    s( 6) = (  0.4999999  0.8660254  0.0000000 )
                  ( -0.8660255  0.5000001  0.0000000 )
                  (  0.0000000  0.0000000  1.0000000 )


      isym =  7     120 deg rotation - cryst. axis [0,0,1]       

 cryst.   s( 7) = (     0          1          0      )
                  (    -1         -1          0      )
                  (     0          0          1      )

 cart.    s( 7) = ( -0.4999999 -0.8660254  0.0000000 )
                  (  0.8660255 -0.5000001  0.0000000 )
                  (  0.0000000  0.0000000  1.0000000 )


      isym =  8     120 deg rotation - cryst. axis [0,0,-1]      

 cryst.   s( 8) = (    -1         -1          0      )
                  (     1          0          0      )
                  (     0          0          1      )

 cart.    s( 8) = ( -0.5000001  0.8660254  0.0000000 )
                  ( -0.8660255 -0.4999999  0.0000000 )
                  (  0.0000000  0.0000000  1.0000000 )


      isym =  9     180 deg rotation - cryst. axis [1,-1,0]      

 cryst.   s( 9) = (     0         -1          0      )
                  (    -1          0          0      )
                  (     0          0         -1      )

 cart.    s( 9) = (  0.4999999 -0.8660255  0.0000000 )
                  ( -0.8660255 -0.4999999  0.0000000 )
                  (  0.0000000  0.0000000 -1.0000000 )


      isym = 10     180 deg rotation - cryst. axis [2,1,0]       

 cryst.   s(10) = (     1          1          0      )
                  (     0         -1          0      )
                  (     0          0         -1      )

 cart.    s(10) = (  0.5000001  0.8660253  0.0000000 )
                  (  0.8660255 -0.5000001  0.0000000 )
                  (  0.0000000  0.0000000 -1.0000000 )


      isym = 11     180 deg rotation - cryst. axis [0,1,0]       

 cryst.   s(11) = (    -1         -1          0      )
                  (     0          1          0      )
                  (     0          0         -1      )

 cart.    s(11) = ( -0.5000001 -0.8660253  0.0000000 )
                  ( -0.8660255  0.5000001  0.0000000 )
                  (  0.0000000  0.0000000 -1.0000000 )


      isym = 12     180 deg rotation - cryst. axis [1,1,0]       

 cryst.   s(12) = (     0          1          0      )
                  (     1          0          0      )
                  (     0          0         -1      )

 cart.    s(12) = ( -0.4999999  0.8660255  0.0000000 )
                  (  0.8660255  0.4999999  0.0000000 )
                  (  0.0000000  0.0000000 -1.0000000 )


      isym = 13     inversion                                    

 cryst.   s(13) = (    -1          0          0      )
                  (     0         -1          0      )
                  (     0          0         -1      )

 cart.    s(13) = ( -1.0000000 -0.0000000  0.0000000 )
                  (  0.0000000 -1.0000000  0.0000000 )
                  (  0.0000000  0.0000000 -1.0000000 )


      isym = 14     inv. 180 deg rotation - cart. axis [0,0,1]   

 cryst.   s(14) = (     1          0          0      )
                  (     0          1          0      )
                  (     0          0         -1      )

 cart.    s(14) = (  1.0000000  0.0000000  0.0000000 )
                  (  0.0000000  1.0000000  0.0000000 )
                  (  0.0000000  0.0000000 -1.0000000 )


      isym = 15     inv. 180 deg rotation - cart. axis [0,1,0]   

 cryst.   s(15) = (     1          0          0      )
                  (    -1         -1          0      )
                  (     0          0          1      )

 cart.    s(15) = (  1.0000000 -0.0000002  0.0000000 )
                  (  0.0000000 -1.0000000  0.0000000 )
                  (  0.0000000  0.0000000  1.0000000 )


      isym = 16     inv. 180 deg rotation - cart. axis [1,0,0]   

 cryst.   s(16) = (    -1          0          0      )
                  (     1          1          0      )
                  (     0          0          1      )

 cart.    s(16) = ( -1.0000000  0.0000002  0.0000000 )
                  (  0.0000000  1.0000000  0.0000000 )
                  (  0.0000000  0.0000000  1.0000000 )


      isym = 17     inv.  60 deg rotation - cryst. axis [0,0,1]  

 cryst.   s(17) = (    -1         -1          0      )
                  (     1          0          0      )
                  (     0          0         -1      )

 cart.    s(17) = ( -0.5000001  0.8660254  0.0000000 )
                  ( -0.8660255 -0.4999999  0.0000000 )
                  (  0.0000000  0.0000000 -1.0000000 )


      isym = 18     inv.  60 deg rotation - cryst. axis [0,0,-1] 

 cryst.   s(18) = (     0          1          0      )
                  (    -1         -1          0      )
                  (     0          0         -1      )

 cart.    s(18) = ( -0.4999999 -0.8660254  0.0000000 )
                  (  0.8660255 -0.5000001  0.0000000 )
                  (  0.0000000  0.0000000 -1.0000000 )


      isym = 19     inv. 120 deg rotation - cryst. axis [0,0,1]  

 cryst.   s(19) = (     0         -1          0      )
                  (     1          1          0      )
                  (     0          0         -1      )

 cart.    s(19) = (  0.4999999  0.8660254  0.0000000 )
                  ( -0.8660255  0.5000001  0.0000000 )
                  (  0.0000000  0.0000000 -1.0000000 )


      isym = 20     inv. 120 deg rotation - cryst. axis [0,0,-1] 

 cryst.   s(20) = (     1          1          0      )
                  (    -1          0          0      )
                  (     0          0         -1      )

 cart.    s(20) = (  0.5000001 -0.8660254  0.0000000 )
                  (  0.8660255  0.4999999  0.0000000 )
                  (  0.0000000  0.0000000 -1.0000000 )


      isym = 21     inv. 180 deg rotation - cryst. axis [1,-1,0] 

 cryst.   s(21) = (     0          1          0      )
                  (     1          0          0      )
                  (     0          0          1      )

 cart.    s(21) = ( -0.4999999  0.8660255  0.0000000 )
                  (  0.8660255  0.4999999  0.0000000 )
                  (  0.0000000  0.0000000  1.0000000 )


      isym = 22     inv. 180 deg rotation - cryst. axis [2,1,0]  

 cryst.   s(22) = (    -1         -1          0      )
                  (     0          1          0      )
                  (     0          0          1      )

 cart.    s(22) = ( -0.5000001 -0.8660253  0.0000000 )
                  ( -0.8660255  0.5000001  0.0000000 )
                  (  0.0000000  0.0000000  1.0000000 )


      isym = 23     inv. 180 deg rotation - cryst. axis [0,1,0]  

 cryst.   s(23) = (     1          1          0      )
                  (     0         -1          0      )
                  (     0          0          1      )

 cart.    s(23) = (  0.5000001  0.8660253  0.0000000 )
                  (  0.8660255 -0.5000001  0.0000000 )
                  (  0.0000000  0.0000000  1.0000000 )


      isym = 24     inv. 180 deg rotation - cryst. axis [1,1,0]  

 cryst.   s(24) = (     0         -1          0      )
                  (    -1          0          0      )
                  (     0          0          1      )

 cart.    s(24) = (  0.4999999 -0.8660255  0.0000000 )
                  ( -0.8660255 -0.4999999  0.0000000 )
                  (  0.0000000  0.0000000  1.0000000 )


   Cartesian axes

     site n.     atom                  positions (alat units)
         1           Zr  tau(   1) = (   0.0000000   0.0000000   0.0000000  )
         2           Ti  tau(   2) = (   0.5000005   0.2886749   0.3174566  )
         3           Ti  tau(   3) = (  -0.0000004   0.5773506   0.3174566  )

   Crystallographic axes

     site n.     atom                  positions (cryst. coord.)
         1           Zr  tau(   1) = (  0.0000000  0.0000000  0.0000000  )
         2           Ti  tau(   2) = (  0.6666670  0.3333330  0.5000000  )
         3           Ti  tau(   3) = (  0.3333330  0.6666670  0.5000000  )

     number of k points=     6
                       cart. coord. in units 2pi/alat
        k(    1) = (   0.0000000   0.0000000   0.0000000), wk =   0.0740741
        k(    2) = (   0.0000000   0.0000000   0.5250062), wk =   0.1481481
        k(    3) = (   0.0000000   0.3849002   0.0000000), wk =   0.4444444
        k(    4) = (   0.0000000   0.3849002   0.5250062), wk =   0.8888889
        k(    5) = (   0.3333333   0.5773502   0.0000000), wk =   0.1481481
        k(    6) = (   0.3333333   0.5773502   0.5250062), wk =   0.2962963

                       cryst. coord.
        k(    1) = (   0.0000000   0.0000000   0.0000000), wk =   0.0740741
        k(    2) = (   0.0000000   0.0000000   0.3333333), wk =   0.1481481
        k(    3) = (   0.0000000   0.3333333   0.0000000), wk =   0.4444444
        k(    4) = (   0.0000000   0.3333333   0.3333333), wk =   0.8888889
        k(    5) = (   0.3333333   0.3333333   0.0000000), wk =   0.1481481
        k(    6) = (   0.3333333   0.3333333   0.3333333), wk =   0.2962963

     Dense  grid:    24627 G-vectors     FFT dimensions: (  45,  45,  27)

     Smooth grid:     8767 G-vectors     FFT dimensions: (  32,  32,  20)

     Dynamical RAM for                 wfc:       0.27 MB

     Dynamical RAM for     wfc (w. buffer):       1.06 MB

     Dynamical RAM for           str. fact:       0.19 MB

     Dynamical RAM for           local pot:       0.00 MB

     Dynamical RAM for          nlocal pot:       0.22 MB

     Dynamical RAM for                qrad:       2.49 MB

     Dynamical RAM for          rho,v,vnew:       0.61 MB

     Dynamical RAM for               rhoin:       0.20 MB

     Dynamical RAM for            rho*nmix:       1.50 MB

     Dynamical RAM for           G-vectors:       0.37 MB

     Dynamical RAM for          h,s,v(r/c):       0.19 MB

     Dynamical RAM for          <psi|beta>:       0.05 MB

     Dynamical RAM for                 psi:       0.53 MB

     Dynamical RAM for                hpsi:       0.53 MB

     Dynamical RAM for                spsi:       0.53 MB

     Dynamical RAM for      wfcinit/wfcrot:       0.63 MB

     Dynamical RAM for           addusdens:       8.88 MB

     Estimated static dynamical RAM per process >       5.96 MB

     Estimated max dynamical RAM per process >      16.34 MB

     Estimated total dynamical RAM >     124.73 MB

     Check: negative core charge=   -0.000008

     Initial potential from superposition of free atoms

     starting charge      33.9978, renormalised to      36.0000

     negative rho (up, down):  6.615E-02 0.000E+00
     Starting wfcs are   33 randomized atomic wfcs +   31 random wfcs

     total cpu time spent up to now is        2.9 secs

     Self-consistent Calculation

     iteration #  1     ecut=    30.00 Ry     beta= 0.70
     Davidson diagonalization with overlap

---- Real-time Memory Report at c_bands before calling an iterative solver
           141 MiB given to the printing process from OS
             0 MiB allocation reported by mallinfo(arena+hblkhd)
        124224 MiB available memory on the node where the printing process lives
------------------
     ethr =  1.00E-02,  avg # of iterations =  6.0

     negative rho (up, down):  6.279E-02 0.000E+00

     total cpu time spent up to now is        3.8 secs

     total energy              =    -337.18813720 Ry
     estimated scf accuracy    <       1.04996567 Ry

     iteration #  2     ecut=    30.00 Ry     beta= 0.70
     Davidson diagonalization with overlap

---- Real-time Memory Report at c_bands before calling an iterative solver
           156 MiB given to the printing process from OS
             0 MiB allocation reported by mallinfo(arena+hblkhd)
        124129 MiB available memory on the node where the printing process lives
------------------
     ethr =  2.92E-03,  avg # of iterations =  2.3

     negative rho (up, down):  6.171E-02 0.000E+00

     total cpu time spent up to now is        4.3 secs

     total energy              =    -336.11730888 Ry
     estimated scf accuracy    <       9.01625956 Ry

     iteration #  3     ecut=    30.00 Ry     beta= 0.70
     Davidson diagonalization with overlap

---- Real-time Memory Report at c_bands before calling an iterative solver
           157 MiB given to the printing process from OS
             0 MiB allocation reported by mallinfo(arena+hblkhd)
        123120 MiB available memory on the node where the printing process lives
------------------
     ethr =  2.92E-03,  avg # of iterations =  2.0

     negative rho (up, down):  6.093E-02 0.000E+00

     total cpu time spent up to now is        4.7 secs

     total energy              =    -337.53170985 Ry
     estimated scf accuracy    <       1.57419121 Ry

     iteration #  4     ecut=    30.00 Ry     beta= 0.70
     Davidson diagonalization with overlap

---- Real-time Memory Report at c_bands before calling an iterative solver
           157 MiB given to the printing process from OS
             0 MiB allocation reported by mallinfo(arena+hblkhd)
        123073 MiB available memory on the node where the printing process lives
------------------
     ethr =  2.92E-03,  avg # of iterations =  1.0

     negative rho (up, down):  6.128E-02 0.000E+00

     total cpu time spent up to now is        5.1 secs

     total energy              =    -337.65652613 Ry
     estimated scf accuracy    <       0.07781792 Ry

     iteration #  5     ecut=    30.00 Ry     beta= 0.70
     Davidson diagonalization with overlap

---- Real-time Memory Report at c_bands before calling an iterative solver
           157 MiB given to the printing process from OS
             0 MiB allocation reported by mallinfo(arena+hblkhd)
        124067 MiB available memory on the node where the printing process lives
------------------
     ethr =  2.16E-04,  avg # of iterations =  1.0

     negative rho (up, down):  6.256E-02 0.000E+00

     total cpu time spent up to now is        5.6 secs

     total energy              =    -337.64918467 Ry
     estimated scf accuracy    <       0.02870073 Ry

     iteration #  6     ecut=    30.00 Ry     beta= 0.70
     Davidson diagonalization with overlap

---- Real-time Memory Report at c_bands before calling an iterative solver
           157 MiB given to the printing process from OS
             0 MiB allocation reported by mallinfo(arena+hblkhd)
        124066 MiB available memory on the node where the printing process lives
------------------
     ethr =  7.97E-05,  avg # of iterations =  1.0

     negative rho (up, down):  6.298E-02 0.000E+00

     total cpu time spent up to now is        6.0 secs

     total energy              =    -337.65097745 Ry
     estimated scf accuracy    <       0.00140822 Ry

     iteration #  7     ecut=    30.00 Ry     beta= 0.70
     Davidson diagonalization with overlap

---- Real-time Memory Report at c_bands before calling an iterative solver
           158 MiB given to the printing process from OS
             0 MiB allocation reported by mallinfo(arena+hblkhd)
        124067 MiB available memory on the node where the printing process lives
------------------
     ethr =  3.91E-06,  avg # of iterations =  5.5

     negative rho (up, down):  6.289E-02 0.000E+00

     total cpu time spent up to now is        6.3 secs

     total energy              =    -337.65126497 Ry
     estimated scf accuracy    <       0.00013032 Ry

     iteration #  8     ecut=    30.00 Ry     beta= 0.70
     Davidson diagonalization with overlap

---- Real-time Memory Report at c_bands before calling an iterative solver
           158 MiB given to the printing process from OS
             0 MiB allocation reported by mallinfo(arena+hblkhd)
        124062 MiB available memory on the node where the printing process lives
------------------
     ethr =  3.62E-07,  avg # of iterations =  1.0

     negative rho (up, down):  6.287E-02 0.000E+00

     total cpu time spent up to now is        6.4 secs

     total energy              =    -337.65127778 Ry
     estimated scf accuracy    <       0.00000180 Ry

     iteration #  9     ecut=    30.00 Ry     beta= 0.70
     Davidson diagonalization with overlap

---- Real-time Memory Report at c_bands before calling an iterative solver
           158 MiB given to the printing process from OS
             0 MiB allocation reported by mallinfo(arena+hblkhd)
        124064 MiB available memory on the node where the printing process lives
------------------
     ethr =  5.00E-09,  avg # of iterations =  1.0

     negative rho (up, down):  6.286E-02 0.000E+00

     total cpu time spent up to now is        6.6 secs

     End of self-consistent calculation

          k = 0.0000 0.0000 0.0000 (  1095 PWs)   bands (ev):

   -43.1239 -42.9988 -35.0300 -19.5575 -19.5575 -19.2146 -19.1574 -19.1574
   -19.1209 -13.1072 -13.1072 -12.5714   7.6869  11.4040  12.6088  12.6088
    13.2601  13.2602  13.6210  14.4798  14.9502  14.9502  15.1414  15.1415
    15.5766  15.5767  18.1382  18.1382  21.3666  21.3667  21.5155  22.9943
    22.9944  23.8885  24.5058  28.6777  28.6778  29.0569  30.9346  30.9347
    31.4528  33.7915  33.7915  36.9577  37.7909  37.7910  38.5586  38.5587
    39.1089  39.2774  39.2774  39.9516  40.5730  42.3925  42.3925  43.4725
    43.4726  43.4902  43.9556  45.1708  45.5452  45.5453  46.5535  49.9027

     occupation numbers 
     1.0000   1.0000   1.0000   1.0000   1.0000   1.0000   1.0000   1.0000
     1.0000   1.0000   1.0000   1.0000   1.0000   1.0000   1.0000   1.0000
     1.0000   1.0000   0.0000   0.0000   0.0000   0.0000   0.0000   0.0000
     0.0000   0.0000   0.0000   0.0000   0.0000   0.0000   0.0000   0.0000
     0.0000   0.0000   0.0000   0.0000   0.0000   0.0000   0.0000   0.0000
     0.0000   0.0000   0.0000   0.0000   0.0000   0.0000   0.0000   0.0000
     0.0000   0.0000   0.0000   0.0000   0.0000   0.0000   0.0000   0.0000
     0.0000   0.0000   0.0000   0.0000   0.0000   0.0000   0.0000   0.0000

          k = 0.0000 0.0000 0.5250 (  1084 PWs)   bands (ev):

   -43.1022 -42.9791 -34.9576 -19.5319 -19.5319 -19.4182 -19.3025 -19.1355
   -19.1355 -13.2523 -13.0335 -13.0335   9.7657  11.7624  11.7625  11.9275
    11.9276  12.4911  14.5583  14.5583  14.9888  14.9888  15.9900  16.9911
    17.1225  17.1226  17.6265  17.6265  20.3600  21.2022  22.0390  22.0391
    23.4652  23.4653  23.9573  27.4631  27.4632  29.9748  29.9842  29.9843
    30.7503  30.8718  36.2823  37.1150  37.1151  37.5765  38.3102  38.3103
    38.5428  38.5428  39.3100  39.5519  42.3323  42.3324  42.5094  42.7054
    42.7054  48.2909  48.2909  49.1782  49.1782  49.8053  49.9693  50.2978

     occupation numbers 
     1.0000   1.0000   1.0000   1.0000   1.0000   1.0000   1.0000   1.0000
     1.0000   1.0000   1.0000   1.0000   1.0000   1.0000   1.0000   1.0000
     1.0000   1.0000   0.0000   0.0000   0.0000   0.0000   0.0000   0.0000
     0.0000   0.0000   0.0000   0.0000   0.0000   0.0000   0.0000   0.0000
     0.0000   0.0000   0.0000   0.0000   0.0000   0.0000   0.0000   0.0000
     0.0000   0.0000   0.0000   0.0000   0.0000   0.0000   0.0000   0.0000
     0.0000   0.0000   0.0000   0.0000   0.0000   0.0000   0.0000   0.0000
     0.0000   0.0000   0.0000   0.0000   0.0000   0.0000   0.0000   0.0000

          k = 0.0000 0.3849 0.0000 (  1090 PWs)   bands (ev):

   -43.0976 -43.0251 -35.0307 -19.5917 -19.4937 -19.2184 -19.1944 -19.1405
   -19.1231 -13.1228 -13.1052 -12.5732   8.8932  11.0497  11.2600  12.7693
    12.8596  13.7592  14.1361  14.3666  14.4005  14.5500  14.9864  15.9113
    16.0481  16.3211  17.4154  18.0872  18.1306  18.5037  22.6838  24.7802
    25.1447  25.8377  27.0050  27.8713  29.1934  29.7672  30.7714  31.0971
    31.8150  32.7208  33.6887  34.5485  35.0672  36.7708  36.9248  36.9306
    37.9168  38.1285  39.3832  41.4147  42.0353  43.0485  43.2398  44.0077
    44.3103  45.2257  45.8064  45.9517  46.0588  48.9071  48.9879  50.6011

     occupation numbers 
     1.0000   1.0000   1.0000   1.0000   1.0000   1.0000   1.0000   1.0000
     1.0000   1.0000   1.0000   1.0000   1.0000   1.0000   1.0000   1.0000
     1.0000   1.0000   0.0000   0.0000   0.0000   0.0000   0.0000   0.0000
     0.0000   0.0000   0.0000   0.0000   0.0000   0.0000   0.0000   0.0000
     0.0000   0.0000   0.0000   0.0000   0.0000   0.0000   0.0000   0.0000
     0.0000   0.0000   0.0000   0.0000   0.0000   0.0000   0.0000   0.0000
     0.0000   0.0000   0.0000   0.0000   0.0000   0.0000   0.0000   0.0000
     0.0000   0.0000   0.0000   0.0000   0.0000   0.0000   0.0000   0.0000

          k = 0.0000 0.3849 0.5250 (  1093 PWs)   bands (ev):

   -43.0765 -43.0051 -34.9575 -19.5613 -19.4703 -19.3969 -19.3274 -19.2013
   -19.1053 -13.2450 -13.0365 -13.0352  10.3737  11.5523  12.1165  12.2056
    12.4372  13.1201  14.0693  14.3482  14.4119  14.7373  15.7247  16.0653
    16.2929  17.1127  17.3888  17.6978  18.6650  21.3986  21.9831  22.4213
    23.5580  25.5494  26.6588  26.6603  27.1932  28.6086  29.2832  31.2029
    32.7870  32.8387  33.9467  34.4659  35.4323  36.2486  37.1653  37.7389
    39.5525  39.6574  41.4060  41.7110  43.0654  43.2438  43.4262  44.5808
    44.7156  46.3442  46.7666  47.5120  47.8520  48.1759  49.0473  50.0615

     occupation numbers 
     1.0000   1.0000   1.0000   1.0000   1.0000   1.0000   1.0000   1.0000
     1.0000   1.0000   1.0000   1.0000   1.0000   1.0000   1.0000   1.0000
     1.0000   1.0000   0.0000   0.0000   0.0000   0.0000   0.0000   0.0000
     0.0000   0.0000   0.0000   0.0000   0.0000   0.0000   0.0000   0.0000
     0.0000   0.0000   0.0000   0.0000   0.0000   0.0000   0.0000   0.0000
     0.0000   0.0000   0.0000   0.0000   0.0000   0.0000   0.0000   0.0000
     0.0000   0.0000   0.0000   0.0000   0.0000   0.0000   0.0000   0.0000
     0.0000   0.0000   0.0000   0.0000   0.0000   0.0000   0.0000   0.0000

          k = 0.3333 0.5774 0.0000 (  1074 PWs)   bands (ev):

   -43.0612 -43.0612 -35.0310 -19.6110 -19.3610 -19.3610 -19.1673 -19.1673
   -19.0935 -13.1163 -13.1163 -12.5741  10.3128  10.4543  10.4544  13.3445
    13.4168  13.4169  13.6829  14.1201  14.1202  14.8812  15.0664  15.0665
    16.5928  16.8256  17.0621  17.0621  17.9196  17.9196  24.5259  25.5146
    25.5146  26.8339  26.8339  27.8151  29.5435  29.5436  30.1412  30.5843
    32.0995  32.0996  33.8873  33.8874  34.6767  36.3312  36.3410  36.3411
    37.7557  37.7558  40.4507  42.1265  42.1265  43.1235  44.5010  45.3364
    45.3364  45.4972  45.5420  46.0711  46.0711  47.5206  47.5208  49.2903

     occupation numbers 
     1.0000   1.0000   1.0000   1.0000   1.0000   1.0000   1.0000   1.0000
     1.0000   1.0000   1.0000   1.0000   1.0000   1.0000   1.0000   1.0000
     1.0000   1.0000   0.0000   0.0000   0.0000   0.0000   0.0000   0.0000
     0.0000   0.0000   0.0000   0.0000   0.0000   0.0000   0.0000   0.0000
     0.0000   0.0000   0.0000   0.0000   0.0000   0.0000   0.0000   0.0000
     0.0000   0.0000   0.0000   0.0000   0.0000   0.0000   0.0000   0.0000
     0.0000   0.0000   0.0000   0.0000   0.0000   0.0000   0.0000   0.0000
     0.0000   0.0000   0.0000   0.0000   0.0000   0.0000   0.0000   0.0000

          k = 0.3333 0.5774 0.5250 (  1104 PWs)   bands (ev):

   -43.0410 -43.0410 -34.9574 -19.5903 -19.3646 -19.3646 -19.3344 -19.3344
   -19.0777 -13.2419 -13.0368 -13.0367  11.3872  11.5259  11.5260  12.5792
    12.8741  12.8742  13.6508  13.6509  14.7653  14.7654  15.3951  15.7765
    16.9484  17.0481  17.0481  17.3996  18.9593  18.9594  23.4691  23.6210
    23.6211  25.4357  26.3347  26.3347  29.1895  29.1895  29.2069  30.4435
    31.9850  31.9850  34.1032  34.2947  34.2948  37.4916  39.0900  39.2061
    39.2061  39.8338  39.8339  41.6830  42.2120  42.2121  44.9285  44.9834
    44.9835  46.3693  46.3694  46.5608  46.8585  49.3411  49.3412  50.2864

     occupation numbers 
     1.0000   1.0000   1.0000   1.0000   1.0000   1.0000   1.0000   1.0000
     1.0000   1.0000   1.0000   1.0000   1.0000   1.0000   1.0000   1.0000
     1.0000   1.0000   0.0000   0.0000   0.0000   0.0000   0.0000   0.0000
     0.0000   0.0000   0.0000   0.0000   0.0000   0.0000   0.0000   0.0000
     0.0000   0.0000   0.0000   0.0000   0.0000   0.0000   0.0000   0.0000
     0.0000   0.0000   0.0000   0.0000   0.0000   0.0000   0.0000   0.0000
     0.0000   0.0000   0.0000   0.0000   0.0000   0.0000   0.0000   0.0000
     0.0000   0.0000   0.0000   0.0000   0.0000   0.0000   0.0000   0.0000

     highest occupied, lowest unoccupied level (ev):    13.7592   13.6210

!    total energy              =    -337.65127772 Ry
     estimated scf accuracy    <       0.00000027 Ry

     The total energy is the sum of the following terms:
     one-electron contribution =    -102.66528584 Ry
     hartree contribution      =      63.99969940 Ry
     xc contribution           =     -53.87271113 Ry
     ewald contribution        =    -245.11298015 Ry

     convergence has been achieved in   9 iterations

     Writing all to output data dir calculations_bands/myprefix.save/
 
     init_run     :      7.77s CPU      2.58s WALL (       1 calls)
     electrons    :     13.69s CPU      3.72s WALL (       1 calls)

     Called by init_run:
     wfcinit      :      3.59s CPU      1.01s WALL (       1 calls)
     wfcinit:atom :      0.00s CPU      0.00s WALL (       3 calls)
     wfcinit:wfcr :      3.58s CPU      1.00s WALL (       3 calls)
     potinit      :      2.33s CPU      0.76s WALL (       1 calls)
     hinit0       :      1.75s CPU      0.75s WALL (       1 calls)

     Called by electrons:
     c_bands      :      9.07s CPU      2.45s WALL (       9 calls)
     sum_band     :      3.07s CPU      0.84s WALL (       9 calls)
     v_of_rho     :      1.33s CPU      0.45s WALL (      10 calls)
     v_h          :      0.22s CPU      0.08s WALL (      10 calls)
     v_xc         :      1.10s CPU      0.37s WALL (      10 calls)
     newd         :      1.21s CPU      0.32s WALL (      10 calls)
     mix_rho      :      0.04s CPU      0.01s WALL (       9 calls)

     Called by c_bands:
     init_us_2    :      0.03s CPU      0.01s WALL (      57 calls)
     init_us_2:cp :      0.03s CPU      0.01s WALL (      57 calls)
     cegterg      :      4.25s CPU      1.13s WALL (      27 calls)

     Called by sum_band:
     sum_band:wei :      0.01s CPU      0.00s WALL (       9 calls)
     sum_band:loo :      0.70s CPU      0.20s WALL (       9 calls)
     sum_band:buf :      0.01s CPU      0.00s WALL (      27 calls)
     sum_band:ini :      0.01s CPU      0.00s WALL (      27 calls)
     sum_band:cal :      0.03s CPU      0.01s WALL (      27 calls)
     sum_band:bec :      0.01s CPU      0.00s WALL (      27 calls)
     addusdens    :      0.32s CPU      0.09s WALL (       9 calls)
     addusd:skk   :      0.00s CPU      0.00s WALL (      18 calls)
     addusd:dgemm :      0.04s CPU      0.02s WALL (      18 calls)
     addusd:qvan2 :      0.23s CPU      0.06s WALL (      18 calls)

     Called by *egterg:
     cdiaghg      :      1.76s CPU      0.47s WALL (      94 calls)
     cegterg:over :      0.20s CPU      0.06s WALL (      67 calls)
     cegterg:upda :      0.09s CPU      0.02s WALL (      67 calls)
     cegterg:last :      0.09s CPU      0.02s WALL (      42 calls)
     cdiaghg:chol :      0.12s CPU      0.03s WALL (      94 calls)
     cdiaghg:inve :      0.02s CPU      0.01s WALL (      94 calls)
     cdiaghg:para :      0.50s CPU      0.13s WALL (     188 calls)
     h_psi        :      5.37s CPU      1.48s WALL (      97 calls)
     s_psi        :      0.02s CPU      0.00s WALL (      97 calls)
     g_psi        :      0.00s CPU      0.00s WALL (      67 calls)

     Called by h_psi:
     h_psi:calbec :      0.28s CPU      0.07s WALL (      97 calls)
     vloc_psi     :      5.06s CPU      1.40s WALL (      97 calls)
     add_vuspsi   :      0.02s CPU      0.01s WALL (      97 calls)

     General routines
     calbec       :      0.30s CPU      0.08s WALL (     124 calls)
     fft          :      1.98s CPU      0.69s WALL (     128 calls)
     ffts         :      0.74s CPU      0.20s WALL (      19 calls)
     fftw         :      5.20s CPU      1.44s WALL (    9896 calls)
     interpolate  :      0.86s CPU      0.24s WALL (      10 calls)
 
     Parallel routines
 
     PWSCF        :     23.01s CPU      6.99s WALL

 
   This run was terminated on:  10:18:30   7Jun2023            

=------------------------------------------------------------------------------=
   JOB DONE.
=------------------------------------------------------------------------------=
