
     Program PWSCF v.7.0 starts on  4Jun2023 at 19:24:35 

     This program is part of the open-source Quantum ESPRESSO suite
     for quantum simulation of materials; please cite
         "P. Giannozzi et al., J. Phys.:Condens. Matter 21 395502 (2009);
         "P. Giannozzi et al., J. Phys.:Condens. Matter 29 465901 (2017);
         "P. Giannozzi et al., J. Chem. Phys. 152 154105 (2020);
          URL http://www.quantum-espresso.org", 
     in publications or presentations arising from this work. More details at
     http://www.quantum-espresso.org/quote

     Parallel version (MPI & OpenMP), running on      32 processor cores
     Number of MPI processes:                 8
     Threads/MPI process:                     4

     MPI processes distributed on     1 nodes
     K-points division:     npool     =       2
     R & G space division:  proc/nbgrp/npool/nimage =       4
     126318 MiB available memory on the printing compute node when the environment starts
 
     Reading input from espresso_10055.pwi
Warning: card &CELL ignored
Warning: card / ignored

     Current dimensions of program PWSCF are:
     Max number of different atomic species (ntypx) = 10
     Max number of k-points (npk) =  40000
     Max angular momentum in pseudopotentials (lmaxx) =  4
     file Ba.pbe-spn-kjpaw_psl.1.0.0.UPF: wavefunction(s)  5S 6S renormalized
     file Ga.pbe-dn-kjpaw_psl.1.0.0.UPF: wavefunction(s)  4S renormalized
     Message from routine setup:
     using ibrav=0 with symmetry is DISCOURAGED, use correct ibrav instead

     Subspace diagonalization in iterative solution of the eigenvalue problem:
     one sub-group per band group will be used
     scalapack distributed-memory algorithm (size of sub-group:  2*  2 procs)

 
     Parallelization info
     --------------------
     sticks:   dense  smooth     PW     G-vecs:    dense   smooth      PW
     Min         289     145     40                17741     6281    1012
     Max         290     146     41                17746     6288    1021
     Sum        1159     583    163                70971    25139    4073
 
     Using Slab Decomposition
 


     bravais-lattice index     =            0
     lattice parameter (alat)  =       8.3341  a.u.
     unit-cell volume          =    1127.8935 (a.u.)^3
     number of atoms/cell      =            6
     number of atomic types    =            3
     number of electrons       =        72.00
     number of Kohn-Sham states=           64
     kinetic-energy cutoff     =      30.0000  Ry
     charge density cutoff     =     240.0000  Ry
     scf convergence threshold =      1.0E-06
     mixing beta               =       0.7000
     number of iterations used =            8  plain     mixing
     Exchange-correlation= SLA  PW   PBX  PBC
                           (   1   4   3   4   0   0   0)

     celldm(1)=   8.334124  celldm(2)=   0.000000  celldm(3)=   0.000000
     celldm(4)=   0.000000  celldm(5)=   0.000000  celldm(6)=   0.000000

     crystal axes: (cart. coord. in units of alat)
               a(1) = (   1.000000   0.000000   0.000000 )  
               a(2) = (  -0.500000   0.866025   0.000000 )  
               a(3) = (   0.000000   0.000000   2.249871 )  

     reciprocal axes: (cart. coord. in units 2 pi/alat)
               b(1) = (  1.000000  0.577350  0.000000 )  
               b(2) = (  0.000000  1.154701  0.000000 )  
               b(3) = (  0.000000  0.000000  0.444470 )  


     PseudoPot. # 1 for Ba read from file:
     /home/pragov/projects/rrg-bengioy-ad/pragov/crystal_structure_design/SSSP/Ba.pbe-spn-kjpaw_psl.1.0.0.UPF
     MD5 check sum: c432291d3e53af55f19d5e8866385beb
     Pseudo is Projector augmented-wave + core cor, Zval = 10.0
     Generated using "atomic" code by A. Dal Corso  v.5.1
     Shape of augmentation charge: PSQ
     Using radial grid of 1251 points,  7 beta functions with: 
                l(1) =   0
                l(2) =   0
                l(3) =   0
                l(4) =   1
                l(5) =   1
                l(6) =   2
                l(7) =   2
     Q(r) pseudized with 0 coefficients 


     PseudoPot. # 2 for Sr read from file:
     /home/pragov/projects/rrg-bengioy-ad/pragov/crystal_structure_design/SSSP/Sr_pbe_v1.uspp.F.UPF
     MD5 check sum: 6b418c05fbe9db5448babca5e47b7a5b
     Pseudo is Ultrasoft + core correction, Zval = 10.0
     Generated by new atomic code, or converted to UPF format
     Using radial grid of  883 points,  6 beta functions with: 
                l(1) =   0
                l(2) =   0
                l(3) =   1
                l(4) =   1
                l(5) =   2
                l(6) =   2
     Q(r) pseudized with  6 coefficients,  rinner =    1.400   1.400   1.400
                                                       1.400   1.400

     PseudoPot. # 3 for Ga read from file:
     /home/pragov/projects/rrg-bengioy-ad/pragov/crystal_structure_design/SSSP/Ga.pbe-dn-kjpaw_psl.1.0.0.UPF
     MD5 check sum: a27b4342b1af7e5f338de752e9ed7044
     Pseudo is Projector augmented-wave + core cor, Zval = 13.0
     Generated using "atomic" code by A. Dal Corso  v.5.1
     Shape of augmentation charge: PSQ
     Using radial grid of 1205 points,  6 beta functions with: 
                l(1) =   0
                l(2) =   0
                l(3) =   1
                l(4) =   1
                l(5) =   2
                l(6) =   2
     Q(r) pseudized with 0 coefficients 


     atomic species   valence    mass     pseudopotential
        Ba            10.00   137.32700     Ba( 1.00)
        Sr            10.00    87.62000     Sr( 1.00)
        Ga            13.00    69.72300     Ga( 1.00)

     24 Sym. Ops., with inversion, found


                                    s                        frac. trans.

      isym =  1     identity                                     

 cryst.   s( 1) = (     1          0          0      )
                  (     0          1          0      )
                  (     0          0          1      )

 cart.    s( 1) = (  1.0000000  0.0000000  0.0000000 )
                  (  0.0000000  1.0000000  0.0000000 )
                  (  0.0000000  0.0000000  1.0000000 )


      isym =  2     180 deg rotation - cart. axis [0,0,1]        

 cryst.   s( 2) = (    -1          0          0      )
                  (     0         -1          0      )
                  (     0          0          1      )

 cart.    s( 2) = ( -1.0000000 -0.0000000  0.0000000 )
                  (  0.0000000 -1.0000000  0.0000000 )
                  (  0.0000000  0.0000000  1.0000000 )


      isym =  3     180 deg rotation - cart. axis [0,1,0]        

 cryst.   s( 3) = (    -1          0          0      )
                  (     1          1          0      )
                  (     0          0         -1      )

 cart.    s( 3) = ( -1.0000000 -0.0000002  0.0000000 )
                  (  0.0000000  1.0000000  0.0000000 )
                  (  0.0000000  0.0000000 -1.0000000 )


      isym =  4     180 deg rotation - cart. axis [1,0,0]        

 cryst.   s( 4) = (     1          0          0      )
                  (    -1         -1          0      )
                  (     0          0         -1      )

 cart.    s( 4) = (  1.0000000  0.0000002  0.0000000 )
                  (  0.0000000 -1.0000000  0.0000000 )
                  (  0.0000000  0.0000000 -1.0000000 )


      isym =  5      60 deg rotation - cryst. axis [0,0,1]       

 cryst.   s( 5) = (     1          1          0      )
                  (    -1          0          0      )
                  (     0          0          1      )

 cart.    s( 5) = (  0.4999999 -0.8660255  0.0000000 )
                  (  0.8660253  0.5000001  0.0000000 )
                  (  0.0000000  0.0000000  1.0000000 )


      isym =  6      60 deg rotation - cryst. axis [0,0,-1]      

 cryst.   s( 6) = (     0         -1          0      )
                  (     1          1          0      )
                  (     0          0          1      )

 cart.    s( 6) = (  0.5000001  0.8660255  0.0000000 )
                  ( -0.8660253  0.4999999  0.0000000 )
                  (  0.0000000  0.0000000  1.0000000 )


      isym =  7     120 deg rotation - cryst. axis [0,0,1]       

 cryst.   s( 7) = (     0          1          0      )
                  (    -1         -1          0      )
                  (     0          0          1      )

 cart.    s( 7) = ( -0.5000001 -0.8660255  0.0000000 )
                  (  0.8660253 -0.4999999  0.0000000 )
                  (  0.0000000  0.0000000  1.0000000 )


      isym =  8     120 deg rotation - cryst. axis [0,0,-1]      

 cryst.   s( 8) = (    -1         -1          0      )
                  (     1          0          0      )
                  (     0          0          1      )

 cart.    s( 8) = ( -0.4999999  0.8660255  0.0000000 )
                  ( -0.8660253 -0.5000001  0.0000000 )
                  (  0.0000000  0.0000000  1.0000000 )


      isym =  9     180 deg rotation - cryst. axis [1,-1,0]      

 cryst.   s( 9) = (     0         -1          0      )
                  (    -1          0          0      )
                  (     0          0         -1      )

 cart.    s( 9) = (  0.5000001 -0.8660253  0.0000000 )
                  ( -0.8660253 -0.5000001  0.0000000 )
                  (  0.0000000  0.0000000 -1.0000000 )


      isym = 10     180 deg rotation - cryst. axis [2,1,0]       

 cryst.   s(10) = (     1          1          0      )
                  (     0         -1          0      )
                  (     0          0         -1      )

 cart.    s(10) = (  0.4999999  0.8660256  0.0000000 )
                  (  0.8660253 -0.4999999  0.0000000 )
                  (  0.0000000  0.0000000 -1.0000000 )


      isym = 11     180 deg rotation - cryst. axis [0,1,0]       

 cryst.   s(11) = (    -1         -1          0      )
                  (     0          1          0      )
                  (     0          0         -1      )

 cart.    s(11) = ( -0.4999999 -0.8660256  0.0000000 )
                  ( -0.8660253  0.4999999  0.0000000 )
                  (  0.0000000  0.0000000 -1.0000000 )


      isym = 12     180 deg rotation - cryst. axis [1,1,0]       

 cryst.   s(12) = (     0          1          0      )
                  (     1          0          0      )
                  (     0          0         -1      )

 cart.    s(12) = ( -0.5000001  0.8660253  0.0000000 )
                  (  0.8660253  0.5000001  0.0000000 )
                  (  0.0000000  0.0000000 -1.0000000 )


      isym = 13     inversion                                    

 cryst.   s(13) = (    -1          0          0      )
                  (     0         -1          0      )
                  (     0          0         -1      )

 cart.    s(13) = ( -1.0000000 -0.0000000  0.0000000 )
                  (  0.0000000 -1.0000000  0.0000000 )
                  (  0.0000000  0.0000000 -1.0000000 )


      isym = 14     inv. 180 deg rotation - cart. axis [0,0,1]   

 cryst.   s(14) = (     1          0          0      )
                  (     0          1          0      )
                  (     0          0         -1      )

 cart.    s(14) = (  1.0000000  0.0000000  0.0000000 )
                  (  0.0000000  1.0000000  0.0000000 )
                  (  0.0000000  0.0000000 -1.0000000 )


      isym = 15     inv. 180 deg rotation - cart. axis [0,1,0]   

 cryst.   s(15) = (     1          0          0      )
                  (    -1         -1          0      )
                  (     0          0          1      )

 cart.    s(15) = (  1.0000000  0.0000002  0.0000000 )
                  (  0.0000000 -1.0000000  0.0000000 )
                  (  0.0000000  0.0000000  1.0000000 )


      isym = 16     inv. 180 deg rotation - cart. axis [1,0,0]   

 cryst.   s(16) = (    -1          0          0      )
                  (     1          1          0      )
                  (     0          0          1      )

 cart.    s(16) = ( -1.0000000 -0.0000002  0.0000000 )
                  (  0.0000000  1.0000000  0.0000000 )
                  (  0.0000000  0.0000000  1.0000000 )


      isym = 17     inv.  60 deg rotation - cryst. axis [0,0,1]  

 cryst.   s(17) = (    -1         -1          0      )
                  (     1          0          0      )
                  (     0          0         -1      )

 cart.    s(17) = ( -0.4999999  0.8660255  0.0000000 )
                  ( -0.8660253 -0.5000001  0.0000000 )
                  (  0.0000000  0.0000000 -1.0000000 )


      isym = 18     inv.  60 deg rotation - cryst. axis [0,0,-1] 

 cryst.   s(18) = (     0          1          0      )
                  (    -1         -1          0      )
                  (     0          0         -1      )

 cart.    s(18) = ( -0.5000001 -0.8660255  0.0000000 )
                  (  0.8660253 -0.4999999  0.0000000 )
                  (  0.0000000  0.0000000 -1.0000000 )


      isym = 19     inv. 120 deg rotation - cryst. axis [0,0,1]  

 cryst.   s(19) = (     0         -1          0      )
                  (     1          1          0      )
                  (     0          0         -1      )

 cart.    s(19) = (  0.5000001  0.8660255  0.0000000 )
                  ( -0.8660253  0.4999999  0.0000000 )
                  (  0.0000000  0.0000000 -1.0000000 )


      isym = 20     inv. 120 deg rotation - cryst. axis [0,0,-1] 

 cryst.   s(20) = (     1          1          0      )
                  (    -1          0          0      )
                  (     0          0         -1      )

 cart.    s(20) = (  0.4999999 -0.8660255  0.0000000 )
                  (  0.8660253  0.5000001  0.0000000 )
                  (  0.0000000  0.0000000 -1.0000000 )


      isym = 21     inv. 180 deg rotation - cryst. axis [1,-1,0] 

 cryst.   s(21) = (     0          1          0      )
                  (     1          0          0      )
                  (     0          0          1      )

 cart.    s(21) = ( -0.5000001  0.8660253  0.0000000 )
                  (  0.8660253  0.5000001  0.0000000 )
                  (  0.0000000  0.0000000  1.0000000 )


      isym = 22     inv. 180 deg rotation - cryst. axis [2,1,0]  

 cryst.   s(22) = (    -1         -1          0      )
                  (     0          1          0      )
                  (     0          0          1      )

 cart.    s(22) = ( -0.4999999 -0.8660256  0.0000000 )
                  ( -0.8660253  0.4999999  0.0000000 )
                  (  0.0000000  0.0000000  1.0000000 )


      isym = 23     inv. 180 deg rotation - cryst. axis [0,1,0]  

 cryst.   s(23) = (     1          1          0      )
                  (     0         -1          0      )
                  (     0          0          1      )

 cart.    s(23) = (  0.4999999  0.8660256  0.0000000 )
                  (  0.8660253 -0.4999999  0.0000000 )
                  (  0.0000000  0.0000000  1.0000000 )


      isym = 24     inv. 180 deg rotation - cryst. axis [1,1,0]  

 cryst.   s(24) = (     0         -1          0      )
                  (    -1          0          0      )
                  (     0          0          1      )

 cart.    s(24) = (  0.5000001 -0.8660253  0.0000000 )
                  ( -0.8660253 -0.5000001  0.0000000 )
                  (  0.0000000  0.0000000  1.0000000 )


   Cartesian axes

     site n.     atom                  positions (alat units)
         1           Ba  tau(   1) = (   0.0000000   0.0000000   1.1249355  )
         2           Sr  tau(   2) = (   0.0000000   0.0000000   0.0000000  )
         3           Ga  tau(   3) = (   0.5000005   0.2886748   1.6971452  )
         4           Ga  tau(   4) = (   0.5000005   0.2886748   0.5527258  )
         5           Ga  tau(   5) = (  -0.0000006   0.5773505   1.6971452  )
         6           Ga  tau(   6) = (  -0.0000006   0.5773505   0.5527258  )

   Crystallographic axes

     site n.     atom                  positions (cryst. coord.)
         1           Ba  tau(   1) = (  0.0000000  0.0000000  0.5000000  )
         2           Sr  tau(   2) = (  0.0000000  0.0000000  0.0000000  )
         3           Ga  tau(   3) = (  0.6666670  0.3333330  0.7543300  )
         4           Ga  tau(   4) = (  0.6666670  0.3333330  0.2456700  )
         5           Ga  tau(   5) = (  0.3333330  0.6666670  0.7543300  )
         6           Ga  tau(   6) = (  0.3333330  0.6666670  0.2456700  )

     number of k points=     6
                       cart. coord. in units 2pi/alat
        k(    1) = (   0.0000000   0.0000000   0.0000000), wk =   0.0740741
        k(    2) = (   0.0000000   0.0000000   0.1481566), wk =   0.1481481
        k(    3) = (   0.0000000   0.3849002   0.0000000), wk =   0.4444444
        k(    4) = (   0.0000000   0.3849002   0.1481566), wk =   0.8888889
        k(    5) = (   0.3333333   0.5773503   0.0000000), wk =   0.1481481
        k(    6) = (   0.3333333   0.5773503   0.1481566), wk =   0.2962963

                       cryst. coord.
        k(    1) = (   0.0000000   0.0000000   0.0000000), wk =   0.0740741
        k(    2) = (   0.0000000   0.0000000   0.3333333), wk =   0.1481481
        k(    3) = (   0.0000000   0.3333333   0.0000000), wk =   0.4444444
        k(    4) = (   0.0000000   0.3333333   0.3333333), wk =   0.8888889
        k(    5) = (   0.3333333   0.3333333   0.0000000), wk =   0.1481481
        k(    6) = (   0.3333333   0.3333333   0.3333333), wk =   0.2962963

     Dense  grid:    70971 G-vectors     FFT dimensions: (  45,  45,  96)

     Smooth grid:    25139 G-vectors     FFT dimensions: (  30,  30,  72)

     Dynamical RAM for                 wfc:       0.76 MB

     Dynamical RAM for     wfc (w. buffer):       3.05 MB

     Dynamical RAM for           str. fact:       0.81 MB

     Dynamical RAM for           local pot:       0.00 MB

     Dynamical RAM for          nlocal pot:       1.30 MB

     Dynamical RAM for                qrad:       4.98 MB

     Dynamical RAM for          rho,v,vnew:       1.92 MB

     Dynamical RAM for               rhoin:       0.64 MB

     Dynamical RAM for            rho*nmix:       4.33 MB

     Dynamical RAM for           G-vectors:       1.06 MB

     Dynamical RAM for          h,s,v(r/c):       0.19 MB

     Dynamical RAM for          <psi|beta>:       0.11 MB

     Dynamical RAM for                 psi:       1.53 MB

     Dynamical RAM for                hpsi:       1.53 MB

     Dynamical RAM for                spsi:       1.53 MB

     Dynamical RAM for      wfcinit/wfcrot:       1.62 MB

     Dynamical RAM for           addusdens:      28.43 MB

     Estimated static dynamical RAM per process >      16.71 MB

     Estimated max dynamical RAM per process >      49.47 MB

     Estimated total dynamical RAM >     378.41 MB

     Check: negative core charge=   -0.000002

     Initial potential from superposition of free atoms

     starting charge      71.9375, renormalised to      72.0000

     negative rho (up, down):  6.488E-02 0.000E+00
     Starting wfcs are   54 randomized atomic wfcs +   10 random wfcs
     Checking if some PAW data can be deallocated... 
       PAW data deallocated on    6 nodes for type:  1
       PAW data deallocated on    4 nodes for type:  3

     total cpu time spent up to now is        6.2 secs

     Self-consistent Calculation

     iteration #  1     ecut=    30.00 Ry     beta= 0.70
     Davidson diagonalization with overlap

---- Real-time Memory Report at c_bands before calling an iterative solver
           179 MiB given to the printing process from OS
             0 MiB allocation reported by mallinfo(arena+hblkhd)
        125797 MiB available memory on the node where the printing process lives
------------------
     ethr =  1.00E-02,  avg # of iterations =  6.2

     Threshold (ethr) on eigenvalues was too large:
     Diagonalizing with lowered threshold

     Davidson diagonalization with overlap

---- Real-time Memory Report at c_bands before calling an iterative solver
           188 MiB given to the printing process from OS
             0 MiB allocation reported by mallinfo(arena+hblkhd)
        125642 MiB available memory on the node where the printing process lives
------------------
     ethr =  2.03E-04,  avg # of iterations =  6.5

     negative rho (up, down):  6.624E-02 0.000E+00

     total cpu time spent up to now is       19.7 secs

     total energy              =   -1618.06531679 Ry
     estimated scf accuracy    <       0.14691289 Ry

     iteration #  2     ecut=    30.00 Ry     beta= 0.70
     Davidson diagonalization with overlap

---- Real-time Memory Report at c_bands before calling an iterative solver
           199 MiB given to the printing process from OS
             0 MiB allocation reported by mallinfo(arena+hblkhd)
        125620 MiB available memory on the node where the printing process lives
------------------
     ethr =  2.04E-04,  avg # of iterations =  4.8

     negative rho (up, down):  6.668E-02 0.000E+00

     total cpu time spent up to now is       23.7 secs

     total energy              =   -1617.98631746 Ry
     estimated scf accuracy    <       0.57259090 Ry

     iteration #  3     ecut=    30.00 Ry     beta= 0.70
     Davidson diagonalization with overlap

---- Real-time Memory Report at c_bands before calling an iterative solver
           204 MiB given to the printing process from OS
             0 MiB allocation reported by mallinfo(arena+hblkhd)
        125491 MiB available memory on the node where the printing process lives
------------------
     ethr =  2.04E-04,  avg # of iterations =  4.5

     negative rho (up, down):  6.756E-02 0.000E+00

     total cpu time spent up to now is       25.9 secs

     total energy              =   -1618.08596950 Ry
     estimated scf accuracy    <       0.18346081 Ry

     iteration #  4     ecut=    30.00 Ry     beta= 0.70
     Davidson diagonalization with overlap

---- Real-time Memory Report at c_bands before calling an iterative solver
           205 MiB given to the printing process from OS
             0 MiB allocation reported by mallinfo(arena+hblkhd)
        125531 MiB available memory on the node where the printing process lives
------------------
     ethr =  2.04E-04,  avg # of iterations =  2.0

     negative rho (up, down):  6.785E-02 0.000E+00

     total cpu time spent up to now is       27.3 secs

     total energy              =   -1618.10906359 Ry
     estimated scf accuracy    <       0.00539305 Ry

     iteration #  5     ecut=    30.00 Ry     beta= 0.70
     Davidson diagonalization with overlap

---- Real-time Memory Report at c_bands before calling an iterative solver
           205 MiB given to the printing process from OS
             0 MiB allocation reported by mallinfo(arena+hblkhd)
        125571 MiB available memory on the node where the printing process lives
------------------
     ethr =  7.49E-06,  avg # of iterations =  5.0

     negative rho (up, down):  6.797E-02 0.000E+00

     total cpu time spent up to now is       29.0 secs

     total energy              =   -1618.10990558 Ry
     estimated scf accuracy    <       0.00028528 Ry

     iteration #  6     ecut=    30.00 Ry     beta= 0.70
     Davidson diagonalization with overlap

---- Real-time Memory Report at c_bands before calling an iterative solver
           205 MiB given to the printing process from OS
             0 MiB allocation reported by mallinfo(arena+hblkhd)
        125492 MiB available memory on the node where the printing process lives
------------------
     ethr =  3.96E-07,  avg # of iterations =  5.2

     negative rho (up, down):  6.796E-02 0.000E+00

     total cpu time spent up to now is       30.7 secs

     total energy              =   -1618.11001682 Ry
     estimated scf accuracy    <       0.00001942 Ry

     iteration #  7     ecut=    30.00 Ry     beta= 0.70
     Davidson diagonalization with overlap

---- Real-time Memory Report at c_bands before calling an iterative solver
           206 MiB given to the printing process from OS
             0 MiB allocation reported by mallinfo(arena+hblkhd)
        125565 MiB available memory on the node where the printing process lives
------------------
     ethr =  2.70E-08,  avg # of iterations =  4.0

     negative rho (up, down):  6.797E-02 0.000E+00

     total cpu time spent up to now is       32.3 secs

     total energy              =   -1618.11002195 Ry
     estimated scf accuracy    <       0.00000139 Ry

     iteration #  8     ecut=    30.00 Ry     beta= 0.70
     Davidson diagonalization with overlap

---- Real-time Memory Report at c_bands before calling an iterative solver
           209 MiB given to the printing process from OS
             0 MiB allocation reported by mallinfo(arena+hblkhd)
        125487 MiB available memory on the node where the printing process lives
------------------
     ethr =  1.93E-09,  avg # of iterations =  4.3

     negative rho (up, down):  6.797E-02 0.000E+00

     total cpu time spent up to now is       33.9 secs

     End of self-consistent calculation

          k = 0.0000 0.0000 0.0000 (  3123 PWs)   bands (ev):

   -27.5761 -19.8933  -9.6400  -9.5264  -9.5264  -6.5099  -6.5079  -6.4154
    -6.4154  -6.4136  -6.4136  -6.3918  -6.3917  -6.3915  -6.3915  -6.2516
    -6.2516  -6.2463  -6.2463  -6.2247  -6.2247  -6.2220  -6.2220  -6.2082
    -6.2047  -5.2736  -4.9320  -4.9320  -0.5514   0.1254   4.8524   7.4720
     8.2556   8.2558   8.3857   8.8138   9.0058   9.0060   9.2089  10.4717
    10.4718  10.8062  10.8062  11.2797  12.3444  12.3445  12.4118  12.6391
    12.6647  12.6649  12.6924  12.6925  14.4455  15.0330  17.1926  17.1927
    17.5924  17.5977  17.6470  18.1336  18.1336  18.8643  18.8643  20.1529

     occupation numbers 
     1.0000   1.0000   1.0000   1.0000   1.0000   1.0000   1.0000   1.0000
     1.0000   1.0000   1.0000   1.0000   1.0000   1.0000   1.0000   1.0000
     1.0000   1.0000   1.0000   1.0000   1.0000   1.0000   1.0000   1.0000
     1.0000   1.0000   1.0000   1.0000   1.0000   1.0000   1.0000   1.0000
     1.0000   1.0000   1.0000   1.0000   0.0000   0.0000   0.0000   0.0000
     0.0000   0.0000   0.0000   0.0000   0.0000   0.0000   0.0000   0.0000
     0.0000   0.0000   0.0000   0.0000   0.0000   0.0000   0.0000   0.0000
     0.0000   0.0000   0.0000   0.0000   0.0000   0.0000   0.0000   0.0000

          k = 0.0000 0.0000 0.1482 (  3153 PWs)   bands (ev):

   -27.5761 -19.8933  -9.6398  -9.5264  -9.5264  -6.5099  -6.5084  -6.4157
    -6.4157  -6.4145  -6.4145  -6.3920  -6.3920  -6.3918  -6.3918  -6.2521
    -6.2521  -6.2453  -6.2453  -6.2268  -6.2268  -6.2197  -6.2197  -6.2066
    -6.2063  -5.2759  -4.9320  -4.9320  -0.4080  -0.0568   5.3019   6.4173
     8.3851   8.3853   8.7484   8.7486   8.8988   9.0899   9.3823  10.6855
    10.6856  10.6895  11.2543  11.2544  11.4085  11.4086  12.2426  12.2427
    12.8054  13.2627  13.7622  13.9917  13.9918  14.9066  15.7646  15.7647
    16.3054  18.3668  18.5939  18.7833  18.7833  20.3994  20.3995  20.4464

     occupation numbers 
     1.0000   1.0000   1.0000   1.0000   1.0000   1.0000   1.0000   1.0000
     1.0000   1.0000   1.0000   1.0000   1.0000   1.0000   1.0000   1.0000
     1.0000   1.0000   1.0000   1.0000   1.0000   1.0000   1.0000   1.0000
     1.0000   1.0000   1.0000   1.0000   1.0000   1.0000   1.0000   1.0000
     1.0000   1.0000   1.0000   1.0000   0.0000   0.0000   0.0000   0.0000
     0.0000   0.0000   0.0000   0.0000   0.0000   0.0000   0.0000   0.0000
     0.0000   0.0000   0.0000   0.0000   0.0000   0.0000   0.0000   0.0000
     0.0000   0.0000   0.0000   0.0000   0.0000   0.0000   0.0000   0.0000

          k = 0.0000 0.3849 0.0000 (  3128 PWs)   bands (ev):

   -27.5714 -19.8673  -9.6210  -9.6195  -9.5483  -6.5306  -6.5291  -6.4987
    -6.4981  -6.4624  -6.4604  -6.4387  -6.4329  -6.3978  -6.3947  -6.2606
    -6.2565  -6.2339  -6.2312  -6.2065  -6.2050  -6.1182  -6.1137  -6.1092
    -6.1081  -5.2967  -5.1312  -5.0093   0.6118   0.8169   3.9862   4.2643
     6.2979   7.1336   7.4159   7.5636   8.3394   8.8600  10.2175  10.5182
    11.2089  11.6899  11.8844  12.1250  12.2689  12.6702  13.5120  13.5881
    14.2312  14.3134  14.7837  15.6148  15.7073  15.9729  16.2915  16.9899
    17.2852  17.6966  18.6745  18.7236  19.1767  19.3320  20.3117  20.3142

     occupation numbers 
     1.0000   1.0000   1.0000   1.0000   1.0000   1.0000   1.0000   1.0000
     1.0000   1.0000   1.0000   1.0000   1.0000   1.0000   1.0000   1.0000
     1.0000   1.0000   1.0000   1.0000   1.0000   1.0000   1.0000   1.0000
     1.0000   1.0000   1.0000   1.0000   1.0000   1.0000   1.0000   1.0000
     1.0000   1.0000   1.0000   1.0000   0.0000   0.0000   0.0000   0.0000
     0.0000   0.0000   0.0000   0.0000   0.0000   0.0000   0.0000   0.0000
     0.0000   0.0000   0.0000   0.0000   0.0000   0.0000   0.0000   0.0000
     0.0000   0.0000   0.0000   0.0000   0.0000   0.0000   0.0000   0.0000

          k = 0.0000 0.3849 0.1482 (  3126 PWs)   bands (ev):

   -27.5714 -19.8673  -9.6209  -9.6195  -9.5483  -6.5312  -6.5286  -6.4989
    -6.4980  -6.4619  -6.4606  -6.4411  -6.4306  -6.3991  -6.3933  -6.2624
    -6.2551  -6.2337  -6.2317  -6.2065  -6.2046  -6.1182  -6.1132  -6.1095
    -6.1078  -5.2967  -5.1324  -5.0094   0.6618   0.7732   4.0278   4.1630
     6.5277   7.1867   7.2169   7.4622   8.4881   8.9092   9.9719  10.1948
    11.2246  11.9076  12.1142  12.2022  12.6938  12.7202  12.9998  13.4868
    13.9535  14.7777  15.2905  15.5266  15.7646  15.9304  16.3150  16.5619
    17.0459  17.5444  17.9300  18.5722  19.2954  19.8018  20.0271  20.2009

     occupation numbers 
     1.0000   1.0000   1.0000   1.0000   1.0000   1.0000   1.0000   1.0000
     1.0000   1.0000   1.0000   1.0000   1.0000   1.0000   1.0000   1.0000
     1.0000   1.0000   1.0000   1.0000   1.0000   1.0000   1.0000   1.0000
     1.0000   1.0000   1.0000   1.0000   1.0000   1.0000   1.0000   1.0000
     1.0000   1.0000   1.0000   1.0000   0.0000   0.0000   0.0000   0.0000
     0.0000   0.0000   0.0000   0.0000   0.0000   0.0000   0.0000   0.0000
     0.0000   0.0000   0.0000   0.0000   0.0000   0.0000   0.0000   0.0000
     0.0000   0.0000   0.0000   0.0000   0.0000   0.0000   0.0000   0.0000

          k = 0.3333 0.5774 0.0000 (  3117 PWs)   bands (ev):

   -27.5690 -19.8541  -9.6123  -9.6123  -9.6117  -6.5983  -6.5932  -6.4715
    -6.4715  -6.4702  -6.4702  -6.4626  -6.4503  -6.3342  -6.3342  -6.3248
    -6.3248  -6.1941  -6.1941  -6.1901  -6.1901  -6.1900  -6.1896  -5.9999
    -5.9976  -5.2595  -5.2595  -5.0637   2.1749   2.1751   2.3361   2.3364
     5.1509   6.0491   7.7532   7.7532   8.3814   8.3815  10.8490  10.8490
    11.6934  12.1944  12.5615  12.5615  12.9147  13.8652  13.8653  14.6291
    14.6292  15.0805  15.0805  15.2743  15.2743  15.6007  15.6690  16.5035
    16.5035  16.5457  18.0158  18.0158  19.4794  20.9741  21.2992  21.7989

     occupation numbers 
     1.0000   1.0000   1.0000   1.0000   1.0000   1.0000   1.0000   1.0000
     1.0000   1.0000   1.0000   1.0000   1.0000   1.0000   1.0000   1.0000
     1.0000   1.0000   1.0000   1.0000   1.0000   1.0000   1.0000   1.0000
     1.0000   1.0000   1.0000   1.0000   1.0000   1.0000   1.0000   1.0000
     1.0000   1.0000   1.0000   1.0000   0.0000   0.0000   0.0000   0.0000
     0.0000   0.0000   0.0000   0.0000   0.0000   0.0000   0.0000   0.0000
     0.0000   0.0000   0.0000   0.0000   0.0000   0.0000   0.0000   0.0000
     0.0000   0.0000   0.0000   0.0000   0.0000   0.0000   0.0000   0.0000

          k = 0.3333 0.5774 0.1482 (  3135 PWs)   bands (ev):

   -27.5690 -19.8541  -9.6124  -9.6123  -9.6117  -6.6001  -6.5914  -6.4716
    -6.4716  -6.4705  -6.4705  -6.4680  -6.4452  -6.3361  -6.3361  -6.3232
    -6.3232  -6.1938  -6.1938  -6.1909  -6.1909  -6.1906  -6.1893  -6.0004
    -5.9995  -5.2596  -5.2596  -5.0645   2.1770   2.1773   2.3354   2.3356
     5.3433   5.7909   7.7863   7.7863   8.2306   8.2307  11.4335  11.4336
    12.1462  12.4308  12.4747  12.4747  12.6983  13.2702  13.2703  13.7562
    13.7563  13.9402  15.6904  15.6904  16.2435  16.2436  16.4626  16.4626
    16.6647  17.2273  17.4940  17.4940  19.6154  20.6641  21.1127  21.3882

     occupation numbers 
     1.0000   1.0000   1.0000   1.0000   1.0000   1.0000   1.0000   1.0000
     1.0000   1.0000   1.0000   1.0000   1.0000   1.0000   1.0000   1.0000
     1.0000   1.0000   1.0000   1.0000   1.0000   1.0000   1.0000   1.0000
     1.0000   1.0000   1.0000   1.0000   1.0000   1.0000   1.0000   1.0000
     1.0000   1.0000   1.0000   1.0000   0.0000   0.0000   0.0000   0.0000
     0.0000   0.0000   0.0000   0.0000   0.0000   0.0000   0.0000   0.0000
     0.0000   0.0000   0.0000   0.0000   0.0000   0.0000   0.0000   0.0000
     0.0000   0.0000   0.0000   0.0000   0.0000   0.0000   0.0000   0.0000

     highest occupied, lowest unoccupied level (ev):     8.8138    8.2306

!    total energy              =   -1618.11002244 Ry
     estimated scf accuracy    <       0.00000003 Ry

     The total energy is the sum of the following terms:
     one-electron contribution =    -514.25531251 Ry
     hartree contribution      =     316.57833712 Ry
     xc contribution           =    -190.83633585 Ry
     ewald contribution        =    -411.08662349 Ry
     one-center paw contrib.   =    -818.51008772 Ry
      -> PAW hartree energy AE =      28.80934448 Ry
      -> PAW hartree energy PS =     -28.70213384 Ry
      -> PAW xc energy AE      =    -394.23909759 Ry
      -> PAW xc energy PS      =      19.17674738 Ry
      -> total E_H with PAW    =     316.68554776 Ry
      -> total E_XC with PAW   =    -565.89868606 Ry

     convergence has been achieved in   8 iterations

     Writing all to output data dir calculations_bands/myprefix.save/
 
     init_run     :     17.45s CPU      5.82s WALL (       1 calls)
     electrons    :     89.81s CPU     27.83s WALL (       1 calls)

     Called by init_run:
     wfcinit      :      9.10s CPU      2.83s WALL (       1 calls)
     wfcinit:atom :      0.02s CPU      0.01s WALL (       3 calls)
     wfcinit:wfcr :      9.07s CPU      2.82s WALL (       3 calls)
     potinit      :      3.00s CPU      0.90s WALL (       1 calls)
     hinit0       :      3.51s CPU      1.22s WALL (       1 calls)

     Called by electrons:
     c_bands      :     60.16s CPU     18.74s WALL (       9 calls)
     sum_band     :     16.35s CPU      5.36s WALL (       9 calls)
     v_of_rho     :      1.22s CPU      0.34s WALL (       9 calls)
     v_h          :      0.06s CPU      0.02s WALL (       9 calls)
     v_xc         :      1.16s CPU      0.32s WALL (       9 calls)
     newd         :      6.23s CPU      1.90s WALL (       9 calls)
     PAW_pot      :      6.36s CPU      1.72s WALL (       9 calls)
     mix_rho      :      0.40s CPU      0.11s WALL (       9 calls)

     Called by c_bands:
     init_us_2    :      0.05s CPU      0.02s WALL (      57 calls)
     init_us_2:cp :      0.05s CPU      0.02s WALL (      57 calls)
     cegterg      :     50.10s CPU     13.92s WALL (      27 calls)

     Called by sum_band:
     sum_band:wei :      0.04s CPU      0.03s WALL (       9 calls)
     sum_band:loo :      6.54s CPU      1.78s WALL (       9 calls)
     sum_band:buf :      0.02s CPU      0.01s WALL (      27 calls)
     sum_band:ini :      0.02s CPU      0.01s WALL (      27 calls)
     sum_band:cal :      0.29s CPU      0.08s WALL (      27 calls)
     sum_band:bec :      0.01s CPU      0.00s WALL (      27 calls)
     addusdens    :      4.04s CPU      1.23s WALL (       9 calls)
     addusd:skk   :      0.01s CPU      0.00s WALL (      27 calls)
     addusd:dgemm :      0.17s CPU      0.16s WALL (      27 calls)
     addusd:qvan2 :      1.09s CPU      0.32s WALL (      27 calls)

     Called by *egterg:
     cdiaghg      :      6.70s CPU      1.88s WALL (     150 calls)
     cegterg:over :      5.20s CPU      1.46s WALL (     126 calls)
     cegterg:upda :      1.66s CPU      0.45s WALL (     126 calls)
     cegterg:last :      1.50s CPU      0.41s WALL (      57 calls)
     cdiaghg:chol :      0.97s CPU      0.28s WALL (     150 calls)
     cdiaghg:inve :      0.05s CPU      0.01s WALL (     150 calls)
     cdiaghg:para :      2.69s CPU      0.75s WALL (     300 calls)
     h_psi        :     40.67s CPU     11.56s WALL (     156 calls)
     s_psi        :      0.09s CPU      0.02s WALL (     156 calls)
     g_psi        :      0.01s CPU      0.00s WALL (     126 calls)

     Called by h_psi:
     h_psi:calbec :      1.11s CPU      0.32s WALL (     156 calls)
     vloc_psi     :     39.35s CPU     11.18s WALL (     156 calls)
     add_vuspsi   :      0.18s CPU      0.05s WALL (     156 calls)

     General routines
     calbec       :      1.40s CPU      0.40s WALL (     183 calls)
     fft          :      2.53s CPU      0.76s WALL (     116 calls)
     ffts         :      1.49s CPU      0.43s WALL (      18 calls)
     fftw         :     44.56s CPU     12.57s WALL (   10756 calls)
     interpolate  :      1.17s CPU      0.34s WALL (       9 calls)
 
     Parallel routines

     PAW routines
     PAW_pot      :      6.36s CPU      1.72s WALL (       9 calls)
     PAW_symme    :      0.80s CPU      0.23s WALL (      18 calls)
 
     PWSCF        :   1m47.81s CPU     34.54s WALL

 
   This run was terminated on:  19:25:10   4Jun2023            

=------------------------------------------------------------------------------=
   JOB DONE.
=------------------------------------------------------------------------------=
