
     Program PWSCF v.7.0 starts on 20May2023 at 14:35:11 

     This program is part of the open-source Quantum ESPRESSO suite
     for quantum simulation of materials; please cite
         "P. Giannozzi et al., J. Phys.:Condens. Matter 21 395502 (2009);
         "P. Giannozzi et al., J. Phys.:Condens. Matter 29 465901 (2017);
         "P. Giannozzi et al., J. Chem. Phys. 152 154105 (2020);
          URL http://www.quantum-espresso.org", 
     in publications or presentations arising from this work. More details at
     http://www.quantum-espresso.org/quote

     Parallel version (MPI & OpenMP), running on      32 processor cores
     Number of MPI processes:                 1
     Threads/MPI process:                    32

     MPI processes distributed on     1 nodes
     118986 MiB available memory on the printing compute node when the environment starts
 
     Reading input from espresso_10465.pwi
Warning: card &CELL ignored
Warning: card / ignored

     Current dimensions of program PWSCF are:
     Max number of different atomic species (ntypx) = 10
     Max number of k-points (npk) =  40000
     Max angular momentum in pseudopotentials (lmaxx) =  4
     file Nb.pbe-spn-kjpaw_psl.0.3.0.UPF: wavefunction(s)  4S 4P renormalized

     gamma-point specific algorithms are used
     Message from routine setup:
     using ibrav=0 with symmetry is DISCOURAGED, use correct ibrav instead

     Subspace diagonalization in iterative solution of the eigenvalue problem:
     a serial algorithm will be used

 
     G-vector sticks info
     --------------------
     sticks:   dense  smooth     PW     G-vecs:    dense   smooth      PW
     Sum        1201     595    151                27581     9721    1243
 
     Using Slab Decomposition
 


     bravais-lattice index     =            0
     lattice parameter (alat)  =       8.5295  a.u.
     unit-cell volume          =     438.7934 (a.u.)^3
     number of atoms/cell      =            4
     number of atomic types    =            3
     number of electrons       =        56.00
     number of Kohn-Sham states=           34
     kinetic-energy cutoff     =      30.0000  Ry
     charge density cutoff     =     240.0000  Ry
     scf convergence threshold =      1.0E-06
     mixing beta               =       0.7000
     number of iterations used =            8  plain     mixing
     Exchange-correlation= PBE
                           (   1   4   3   4   0   0   0)

     celldm(1)=   8.529529  celldm(2)=   0.000000  celldm(3)=   0.000000
     celldm(4)=   0.000000  celldm(5)=   0.000000  celldm(6)=   0.000000

     crystal axes: (cart. coord. in units of alat)
               a(1) = (   1.000000   0.000000   0.000000 )  
               a(2) = (   0.500000   0.866025   0.000000 )  
               a(3) = (   0.500000   0.288675   0.816497 )  

     reciprocal axes: (cart. coord. in units 2 pi/alat)
               b(1) = (  1.000000 -0.577350 -0.408248 )  
               b(2) = (  0.000000  1.154701 -0.408248 )  
               b(3) = (  0.000000  0.000000  1.224745 )  


     PseudoPot. # 1 for Sc read from file:
     /home/pragov/projects/rrg-bengioy-ad/pragov/crystal_structure_design/SSSP/Sc_ONCV_PBE-1.0.oncvpsp.upf
     MD5 check sum: e21af8023abb52e52cb7cd3133e4a229
     Pseudo is Norm-conserving, Zval = 11.0
     Generated using ONCVPSP code by D. R. Hamann
     Using radial grid of 1662 points,  6 beta functions with: 
                l(1) =   0
                l(2) =   0
                l(3) =   1
                l(4) =   1
                l(5) =   2
                l(6) =   2

     PseudoPot. # 2 for Nb read from file:
     /home/pragov/projects/rrg-bengioy-ad/pragov/crystal_structure_design/SSSP/Nb.pbe-spn-kjpaw_psl.0.3.0.UPF
     MD5 check sum: 411d72ad547312f8017e2943ceca08cc
     Pseudo is Projector augmented-wave + core cor, Zval = 13.0
     Generated using "atomic" code by A. Dal Corso  v.5.0.99 svn rev. 10869
     Shape of augmentation charge: PSQ
     Using radial grid of 1227 points,  6 beta functions with: 
                l(1) =   0
                l(2) =   0
                l(3) =   1
                l(4) =   1
                l(5) =   2
                l(6) =   2
     Q(r) pseudized with 0 coefficients 


     PseudoPot. # 3 for Ru read from file:
     /home/pragov/projects/rrg-bengioy-ad/pragov/crystal_structure_design/SSSP/Ru_ONCV_PBE-1.0.oncvpsp.upf
     MD5 check sum: be037bb81c227cfb9b1461a9f099f4bd
     Pseudo is Norm-conserving, Zval = 16.0
     Generated using ONCVPSP code by D. R. Hamann
     Using radial grid of 1458 points,  6 beta functions with: 
                l(1) =   0
                l(2) =   0
                l(3) =   1
                l(4) =   1
                l(5) =   2
                l(6) =   2

     atomic species   valence    mass     pseudopotential
        Sc            11.00    44.95591     Sc( 1.00)
        Nb            13.00    92.90637     Nb( 1.00)
        Ru            16.00   101.07000     Ru( 1.00)

     12 Sym. Ops., with inversion, found


                                    s                        frac. trans.

      isym =  1     identity                                     

 cryst.   s( 1) = (     1          0          0      )
                  (     0          1          0      )
                  (     0          0          1      )

 cart.    s( 1) = (  1.0000000  0.0000000  0.0000000 )
                  (  0.0000000  1.0000000  0.0000000 )
                  (  0.0000000  0.0000000  1.0000000 )


      isym =  2     180 deg rotation - cart. axis [1,0,0]        

 cryst.   s( 2) = (     1          0          0      )
                  (     1         -1          0      )
                  (     1          0         -1      )

 cart.    s( 2) = (  1.0000000  0.0000000 -0.0000000 )
                  (  0.0000000 -1.0000000 -0.0000000 )
                  (  0.0000000  0.0000000 -1.0000000 )


      isym =  3     120 deg rotation - cryst. axis [0,0,1]       

 cryst.   s( 3) = (    -1          1          0      )
                  (    -1          0          0      )
                  (    -1          0          1      )

 cart.    s( 3) = ( -0.5000000 -0.8660254 -0.0000000 )
                  (  0.8660254 -0.5000000 -0.0000000 )
                  (  0.0000000  0.0000000  1.0000000 )


      isym =  4     120 deg rotation - cryst. axis [0,0,-1]      

 cryst.   s( 4) = (     0         -1          0      )
                  (     1         -1          0      )
                  (     0         -1          1      )

 cart.    s( 4) = ( -0.5000000  0.8660254  0.0000000 )
                  ( -0.8660254 -0.5000000 -0.0000000 )
                  (  0.0000000  0.0000000  1.0000000 )


      isym =  5     180 deg rotation - cryst. axis [0,1,0]       

 cryst.   s( 5) = (     0         -1          0      )
                  (    -1          0          0      )
                  (     0          0         -1      )

 cart.    s( 5) = ( -0.5000000 -0.8660254 -0.0000000 )
                  ( -0.8660254  0.5000000  0.0000000 )
                  (  0.0000000  0.0000000 -1.0000000 )


      isym =  6     180 deg rotation - cryst. axis [1,1,0]       

 cryst.   s( 6) = (    -1          1          0      )
                  (     0          1          0      )
                  (     0          1         -1      )

 cart.    s( 6) = ( -0.5000000  0.8660254  0.0000000 )
                  (  0.8660254  0.5000000  0.0000000 )
                  (  0.0000000  0.0000000 -1.0000000 )


      isym =  7     inversion                                    

 cryst.   s( 7) = (    -1          0          0      )
                  (     0         -1          0      )
                  (     0          0         -1      )

 cart.    s( 7) = ( -1.0000000  0.0000000  0.0000000 )
                  (  0.0000000 -1.0000000 -0.0000000 )
                  (  0.0000000  0.0000000 -1.0000000 )


      isym =  8     inv. 180 deg rotation - cart. axis [1,0,0]   

 cryst.   s( 8) = (    -1          0          0      )
                  (    -1          1          0      )
                  (    -1          0          1      )

 cart.    s( 8) = ( -1.0000000  0.0000000  0.0000000 )
                  (  0.0000000  1.0000000  0.0000000 )
                  (  0.0000000  0.0000000  1.0000000 )


      isym =  9     inv. 120 deg rotation - cryst. axis [0,0,1]  

 cryst.   s( 9) = (     1         -1          0      )
                  (     1          0          0      )
                  (     1          0         -1      )

 cart.    s( 9) = (  0.5000000  0.8660254  0.0000000 )
                  ( -0.8660254  0.5000000  0.0000000 )
                  (  0.0000000  0.0000000 -1.0000000 )


      isym = 10     inv. 120 deg rotation - cryst. axis [0,0,-1] 

 cryst.   s(10) = (     0          1          0      )
                  (    -1          1          0      )
                  (     0          1         -1      )

 cart.    s(10) = (  0.5000000 -0.8660254 -0.0000000 )
                  (  0.8660254  0.5000000  0.0000000 )
                  (  0.0000000  0.0000000 -1.0000000 )


      isym = 11     inv. 180 deg rotation - cryst. axis [0,1,0]  

 cryst.   s(11) = (     0          1          0      )
                  (     1          0          0      )
                  (     0          0          1      )

 cart.    s(11) = (  0.5000000  0.8660254  0.0000000 )
                  (  0.8660254 -0.5000000 -0.0000000 )
                  (  0.0000000  0.0000000  1.0000000 )


      isym = 12     inv. 180 deg rotation - cryst. axis [1,1,0]  

 cryst.   s(12) = (     1         -1          0      )
                  (     0         -1          0      )
                  (     0         -1          1      )

 cart.    s(12) = (  0.5000000 -0.8660254 -0.0000000 )
                  ( -0.8660254 -0.5000000 -0.0000000 )
                  (  0.0000000  0.0000000  1.0000000 )


   Cartesian axes

     site n.     atom                  positions (alat units)
         1           Sc  tau(   1) = (   1.0000000   0.5773503   0.4082483  )
         2           Nb  tau(   2) = (   0.0000000   0.0000000   0.0000000  )
         3           Ru  tau(   3) = (   1.5000000   0.8660254   0.6123724  )
         4           Ru  tau(   4) = (   0.5000000   0.2886751   0.2041241  )

   Crystallographic axes

     site n.     atom                  positions (cryst. coord.)
         1           Sc  tau(   1) = (  0.5000000  0.5000000  0.5000000  )
         2           Nb  tau(   2) = (  0.0000000  0.0000000  0.0000000  )
         3           Ru  tau(   3) = (  0.7500000  0.7500000  0.7500000  )
         4           Ru  tau(   4) = (  0.2500000  0.2500000  0.2500000  )

     number of k points=     1  Methfessel-Paxton smearing, width (Ry)=  0.0010
                       cart. coord. in units 2pi/alat
        k(    1) = (   0.0000000   0.0000000   0.0000000), wk =   2.0000000

                       cryst. coord.
        k(    1) = (   0.0000000   0.0000000   0.0000000), wk =   2.0000000

     Dense  grid:    13791 G-vectors     FFT dimensions: (  45,  45,  45)

     Smooth grid:     4861 G-vectors     FFT dimensions: (  30,  30,  30)

     Dynamical RAM for                 wfc:       0.32 MB

     Dynamical RAM for     wfc (w. buffer):       0.32 MB

     Dynamical RAM for           str. fact:       0.63 MB

     Dynamical RAM for           local pot:       0.00 MB

     Dynamical RAM for          nlocal pot:       0.67 MB

     Dynamical RAM for                qrad:       3.73 MB

     Dynamical RAM for          rho,v,vnew:       2.72 MB

     Dynamical RAM for               rhoin:       0.91 MB

     Dynamical RAM for            rho*nmix:       3.37 MB

     Dynamical RAM for           G-vectors:       0.83 MB

     Dynamical RAM for          h,s,v(r/c):       0.11 MB

     Dynamical RAM for          <psi|beta>:       0.02 MB

     Dynamical RAM for                 psi:       0.63 MB

     Dynamical RAM for                hpsi:       0.63 MB

     Dynamical RAM for                spsi:       0.63 MB

     Dynamical RAM for      wfcinit/wfcrot:       0.78 MB

     Dynamical RAM for           addusdens:      39.35 MB

     Dynamical RAM for          addusforce:      39.46 MB

     Dynamical RAM for         addusstress:      42.30 MB

     Estimated static dynamical RAM per process >      14.12 MB

     Estimated max dynamical RAM per process >      59.78 MB

     Check: negative core charge=   -0.000013

     Initial potential from superposition of free atoms

     starting charge      55.9941, renormalised to      56.0000
     Starting wfcs are   40 randomized atomic wfcs
     Checking if some PAW data can be deallocated... 

     total cpu time spent up to now is        3.6 secs

     Self-consistent Calculation

     iteration #  1     ecut=    30.00 Ry     beta= 0.70
     Davidson diagonalization with overlap

---- Real-time Memory Report at c_bands before calling an iterative solver
           296 MiB given to the printing process from OS
             0 MiB allocation reported by mallinfo(arena+hblkhd)
        118882 MiB available memory on the node where the printing process lives
------------------
     ethr =  1.00E-02,  avg # of iterations =  2.0

     total cpu time spent up to now is        3.9 secs

     total energy              =    -803.20029359 Ry
     estimated scf accuracy    <       0.63981151 Ry

     iteration #  2     ecut=    30.00 Ry     beta= 0.70
     Davidson diagonalization with overlap

---- Real-time Memory Report at c_bands before calling an iterative solver
           382 MiB given to the printing process from OS
             0 MiB allocation reported by mallinfo(arena+hblkhd)
        118807 MiB available memory on the node where the printing process lives
------------------
     ethr =  1.14E-03,  avg # of iterations =  5.0

     total cpu time spent up to now is        4.7 secs

     total energy              =    -803.05810719 Ry
     estimated scf accuracy    <       2.60616846 Ry

     iteration #  3     ecut=    30.00 Ry     beta= 0.70
     Davidson diagonalization with overlap

---- Real-time Memory Report at c_bands before calling an iterative solver
           385 MiB given to the printing process from OS
             0 MiB allocation reported by mallinfo(arena+hblkhd)
        118797 MiB available memory on the node where the printing process lives
------------------
     ethr =  1.14E-03,  avg # of iterations =  4.0

     total cpu time spent up to now is        5.5 secs

     total energy              =    -803.49995332 Ry
     estimated scf accuracy    <       0.05552903 Ry

     iteration #  4     ecut=    30.00 Ry     beta= 0.70
     Davidson diagonalization with overlap

---- Real-time Memory Report at c_bands before calling an iterative solver
           385 MiB given to the printing process from OS
             0 MiB allocation reported by mallinfo(arena+hblkhd)
        118792 MiB available memory on the node where the printing process lives
------------------
     ethr =  9.92E-05,  avg # of iterations =  5.0

     total cpu time spent up to now is        7.0 secs

     total energy              =    -803.51074499 Ry
     estimated scf accuracy    <       0.05736591 Ry

     iteration #  5     ecut=    30.00 Ry     beta= 0.70
     Davidson diagonalization with overlap

---- Real-time Memory Report at c_bands before calling an iterative solver
           386 MiB given to the printing process from OS
             0 MiB allocation reported by mallinfo(arena+hblkhd)
        118795 MiB available memory on the node where the printing process lives
------------------
     ethr =  9.92E-05,  avg # of iterations =  4.0

     total cpu time spent up to now is        7.3 secs

     total energy              =    -803.51936070 Ry
     estimated scf accuracy    <       0.00098560 Ry

     iteration #  6     ecut=    30.00 Ry     beta= 0.70
     Davidson diagonalization with overlap

---- Real-time Memory Report at c_bands before calling an iterative solver
           386 MiB given to the printing process from OS
             0 MiB allocation reported by mallinfo(arena+hblkhd)
        118795 MiB available memory on the node where the printing process lives
------------------
     ethr =  1.76E-06,  avg # of iterations =  5.0

     total cpu time spent up to now is        7.6 secs

     total energy              =    -803.51960442 Ry
     estimated scf accuracy    <       0.00013151 Ry

     iteration #  7     ecut=    30.00 Ry     beta= 0.70
     Davidson diagonalization with overlap

---- Real-time Memory Report at c_bands before calling an iterative solver
           386 MiB given to the printing process from OS
             0 MiB allocation reported by mallinfo(arena+hblkhd)
        118794 MiB available memory on the node where the printing process lives
------------------
     ethr =  2.35E-07,  avg # of iterations =  4.0

     total cpu time spent up to now is        7.9 secs

     total energy              =    -803.51958163 Ry
     estimated scf accuracy    <       0.00068210 Ry

     iteration #  8     ecut=    30.00 Ry     beta= 0.70
     Davidson diagonalization with overlap

---- Real-time Memory Report at c_bands before calling an iterative solver
           386 MiB given to the printing process from OS
             0 MiB allocation reported by mallinfo(arena+hblkhd)
        118795 MiB available memory on the node where the printing process lives
------------------
     ethr =  2.35E-07,  avg # of iterations =  2.0

     total cpu time spent up to now is        8.1 secs

     total energy              =    -803.51966151 Ry
     estimated scf accuracy    <       0.00000394 Ry

     iteration #  9     ecut=    30.00 Ry     beta= 0.70
     Davidson diagonalization with overlap

---- Real-time Memory Report at c_bands before calling an iterative solver
           386 MiB given to the printing process from OS
             0 MiB allocation reported by mallinfo(arena+hblkhd)
        118794 MiB available memory on the node where the printing process lives
------------------
     ethr =  7.03E-09,  avg # of iterations =  5.0

     total cpu time spent up to now is        8.4 secs

     End of self-consistent calculation

          k = 0.0000 0.0000 0.0000 (   622 PWs)   bands (ev):

   -54.6031 -54.5845 -35.6336 -28.9009 -24.5898 -24.5898 -24.5898 -24.5151
   -24.5151 -24.5151 -11.7673 -11.7672 -11.7672  -7.6407  -7.6407  -7.6406
    11.9760  13.8523  13.8524  15.5149  15.5150  15.5150  16.6698  16.6698
    16.6699  17.7186  17.7186  17.7187  18.4054  18.4054  20.6749  20.6750
    23.7630  23.7630

     occupation numbers 
     1.0000   1.0000   1.0000   1.0000   1.0000   1.0000   1.0000   1.0000
     1.0000   1.0000   1.0000   1.0000   1.0000   1.0000   1.0000   1.0000
     1.0000   1.0000   1.0000   1.0000   1.0000   1.0000   1.0000   1.0000
     1.0000   1.0000   1.0000   1.0000  -0.0000  -0.0000  -0.0000  -0.0000
    -0.0000  -0.0000

     the Fermi energy is    18.0626 ev

!    total energy              =    -803.51966266 Ry
     estimated scf accuracy    <       0.00000067 Ry
     smearing contrib. (-TS)   =       0.00000000 Ry
     internal energy E=F+TS    =    -803.51966266 Ry

     The total energy is F=E-TS. E is the sum of the following terms:
     one-electron contribution =    -131.68639502 Ry
     hartree contribution      =      96.36686765 Ry
     xc contribution           =     -80.68005545 Ry
     ewald contribution        =    -479.03865384 Ry
     one-center paw contrib.   =    -208.48142600 Ry
      -> PAW hartree energy AE =      69.53285105 Ry
      -> PAW hartree energy PS =     -69.16366944 Ry
      -> PAW xc energy AE      =    -235.96858801 Ry
      -> PAW xc energy PS      =      27.11798041 Ry
      -> total E_H with PAW    =      96.73604926 Ry
      -> total E_XC with PAW   =    -289.53066306 Ry

     convergence has been achieved in   9 iterations

     Forces acting on atoms (cartesian axes, Ry/au):

     atom    1 type  1   force =     0.00000000    0.00000000    0.00000000
     atom    2 type  2   force =     0.00000000    0.00000000   -0.00000000
     atom    3 type  3   force =     0.00000000   -0.00000000   -0.00000551
     atom    4 type  3   force =     0.00000000    0.00000000    0.00000551
     The non-local contrib.  to forces
     atom    1 type  1   force =    -0.00000000   -0.00000000   -0.00000000
     atom    2 type  2   force =    -0.00000000    0.00000000   -0.00000000
     atom    3 type  3   force =     0.00000000    0.00000000    0.00000504
     atom    4 type  3   force =     0.00000000    0.00000000   -0.00000504
     The ionic contribution  to forces
     atom    1 type  1   force =    -0.00000000   -0.00000000   -0.00000000
     atom    2 type  2   force =    -0.00000000    0.00000000    0.00000000
     atom    3 type  3   force =    -0.00000000   -0.00000000   -0.00000000
     atom    4 type  3   force =    -0.00000000    0.00000000    0.00000000
     The local contribution  to forces
     atom    1 type  1   force =     0.00022012   -0.00037077    0.00036178
     atom    2 type  2   force =    -0.00036074    0.00039231   -0.00054495
     atom    3 type  3   force =    -0.00012236   -0.00041770    0.00055614
     atom    4 type  3   force =     0.00016051    0.00039853   -0.00045770
     The core correction contribution to forces
     atom    1 type  1   force =     0.00000000    0.00000000    0.00000000
     atom    2 type  2   force =    -0.00000415    0.00001142   -0.00001183
     atom    3 type  3   force =     0.00000000    0.00000000    0.00000000
     atom    4 type  3   force =     0.00000000    0.00000000    0.00000000
     The Hubbard contrib.    to forces
     atom    1 type  1   force =     0.00000000    0.00000000    0.00000000
     atom    2 type  2   force =     0.00000000    0.00000000    0.00000000
     atom    3 type  3   force =     0.00000000    0.00000000    0.00000000
     atom    4 type  3   force =     0.00000000    0.00000000    0.00000000
     The SCF correction term to forces
     atom    1 type  1   force =    -0.00025229    0.00040571   -0.00039769
     atom    2 type  2   force =     0.00034227   -0.00029848    0.00044428
     atom    3 type  3   force =     0.00009125    0.00048017   -0.00063566
     atom    4 type  3   force =    -0.00021047   -0.00037865    0.00039929

     Total force =     0.000008     Total SCF correction =     0.001334
     SCF correction compared to forces is large: reduce conv_thr to get better values


     Computing stress (Cartesian axis) and pressure

          total   stress  (Ry/bohr**3)                   (kbar)     P=     -172.76
  -0.00117446   0.00000000  -0.00000000         -172.77        0.00       -0.00
   0.00000000  -0.00117446  -0.00000000            0.00     -172.77       -0.00
   0.00000000  -0.00000000  -0.00117429            0.00       -0.00     -172.74

     kinetic stress (kbar)  43886.83     -0.00     -0.00
                               -0.00  43886.83      0.00
                               -0.00      0.00  43886.84

     local   stress (kbar)   -386.78      0.02     -0.01
                                0.02   -386.82     -0.01
                               -0.01     -0.01   -386.76

     nonloc. stress (kbar)   6558.24      0.00      0.00
                                0.00   6558.24      0.00
                                0.00      0.00   6558.24

     hartree stress (kbar)  10768.96     -0.01      0.00
                               -0.01  10768.98      0.00
                                0.00      0.00  10768.96

     exc-cor stress (kbar)  -2372.31     -0.00     -0.00
                               -0.00  -2372.31      0.00
                               -0.00      0.00  -2372.31

     corecor stress (kbar)  -5095.29      0.00     -0.00
                                0.00  -5095.29     -0.00
                               -0.00     -0.00  -5095.29

     ewald   stress (kbar) -53532.42     -0.00     -0.00
                               -0.00 -53532.42      0.00
                               -0.00      0.00 -53532.42

     hubbard stress (kbar)      0.00      0.00      0.00
                                0.00      0.00      0.00
                                0.00      0.00      0.00

     DFT-D   stress (kbar)      0.00      0.00      0.00
                                0.00      0.00      0.00
                                0.00      0.00      0.00

     XDM     stress (kbar)      0.00      0.00      0.00
                                0.00      0.00      0.00
                                0.00      0.00      0.00

     dft-nl  stress (kbar)      0.00      0.00      0.00
                                0.00      0.00      0.00
                                0.00      0.00      0.00

     TS-vdW  stress (kbar)      0.00      0.00      0.00
                                0.00      0.00      0.00
                                0.00      0.00      0.00


                                0.00      0.00      0.00
                                0.00      0.00      0.00


                                0.00      0.00      0.00


     Writing all to output data dir new_calculations/myprefix.save/
 
     init_run     :     96.70s CPU      3.46s WALL (       1 calls)
     electrons    :    143.73s CPU      4.79s WALL (       1 calls)
     forces       :      0.97s CPU      0.03s WALL (       1 calls)
     stress       :      2.07s CPU      0.07s WALL (       1 calls)

     Called by init_run:
     wfcinit      :     14.50s CPU      0.47s WALL (       1 calls)
     wfcinit:atom :      0.01s CPU      0.00s WALL (       1 calls)
     wfcinit:wfcr :     14.44s CPU      0.47s WALL (       1 calls)
     potinit      :     16.37s CPU      0.55s WALL (       1 calls)
     hinit0       :     63.89s CPU      2.37s WALL (       1 calls)

     Called by electrons:
     c_bands      :     80.76s CPU      2.67s WALL (       9 calls)
     sum_band     :     30.66s CPU      1.03s WALL (       9 calls)
     v_of_rho     :      3.61s CPU      0.12s WALL (      10 calls)
     v_h          :      0.36s CPU      0.01s WALL (      10 calls)
     v_xc         :      3.64s CPU      0.12s WALL (      12 calls)
     newd         :      8.98s CPU      0.30s WALL (      10 calls)
     PAW_pot      :     20.29s CPU      0.68s WALL (      10 calls)
     mix_rho      :      0.93s CPU      0.03s WALL (       9 calls)

     Called by c_bands:
     init_us_2    :      0.22s CPU      0.01s WALL (      19 calls)
     init_us_2:cp :      0.19s CPU      0.01s WALL (      19 calls)
     regterg      :     80.23s CPU      2.66s WALL (       9 calls)

     Called by sum_band:
     sum_band:wei :      0.01s CPU      0.00s WALL (       9 calls)
     sum_band:loo :     20.56s CPU      0.69s WALL (       9 calls)
     sum_band:buf :      0.01s CPU      0.00s WALL (       9 calls)
     sum_band:ini :      0.15s CPU      0.01s WALL (       9 calls)
     sum_band:cal :      0.15s CPU      0.01s WALL (       9 calls)
     sum_band:bec :      0.02s CPU      0.00s WALL (       9 calls)
     addusdens    :      9.58s CPU      0.32s WALL (       9 calls)
     addusd:skk   :      0.02s CPU      0.00s WALL (       9 calls)
     addusd:dgemm :      1.36s CPU      0.05s WALL (       9 calls)
     addusd:qvan2 :      7.64s CPU      0.25s WALL (       9 calls)

     Called by *egterg:
     rdiaghg      :      2.40s CPU      0.08s WALL (      45 calls)
     regterg:over :      1.17s CPU      0.04s WALL (      36 calls)
     regterg:upda :      0.48s CPU      0.02s WALL (      36 calls)
     regterg:last :      0.43s CPU      0.01s WALL (      20 calls)
     h_psi        :     88.83s CPU      2.92s WALL (      46 calls)
     s_psi        :      0.11s CPU      0.00s WALL (      46 calls)
     g_psi        :      0.05s CPU      0.00s WALL (      36 calls)

     Called by h_psi:
     h_psi:calbec :      0.27s CPU      0.01s WALL (      46 calls)
     vloc_psi     :     88.00s CPU      2.89s WALL (      46 calls)
     add_vuspsi   :      0.26s CPU      0.01s WALL (      46 calls)

     General routines
     calbec       :      0.35s CPU      0.01s WALL (      60 calls)
     fft          :     54.09s CPU      1.87s WALL (     128 calls)
     ffts         :     13.95s CPU      0.47s WALL (      19 calls)
     fftw         :    104.40s CPU      3.44s WALL (    1011 calls)
     interpolate  :     14.31s CPU      0.48s WALL (      10 calls)
 
     Parallel routines

     PAW routines
     PAW_pot      :     20.29s CPU      0.68s WALL (      10 calls)
     PAW_symme    :      0.08s CPU      0.00s WALL (      19 calls)
 
     PWSCF        :   4m10.29s CPU     10.20s WALL

 
   This run was terminated on:  14:35:21  20May2023            

=------------------------------------------------------------------------------=
   JOB DONE.
=------------------------------------------------------------------------------=
