
     Program PWSCF v.7.0 starts on 20May2023 at  5:54:19 

     This program is part of the open-source Quantum ESPRESSO suite
     for quantum simulation of materials; please cite
         "P. Giannozzi et al., J. Phys.:Condens. Matter 21 395502 (2009);
         "P. Giannozzi et al., J. Phys.:Condens. Matter 29 465901 (2017);
         "P. Giannozzi et al., J. Chem. Phys. 152 154105 (2020);
          URL http://www.quantum-espresso.org", 
     in publications or presentations arising from this work. More details at
     http://www.quantum-espresso.org/quote

     Parallel version (MPI & OpenMP), running on      32 processor cores
     Number of MPI processes:                 1
     Threads/MPI process:                    32

     MPI processes distributed on     1 nodes
     110903 MiB available memory on the printing compute node when the environment starts
 
     Reading input from espresso_3183.pwi
Warning: card &CELL ignored
Warning: card / ignored

     Current dimensions of program PWSCF are:
     Max number of different atomic species (ntypx) = 10
     Max number of k-points (npk) =  40000
     Max angular momentum in pseudopotentials (lmaxx) =  4
     file Mg.pbe-n-kjpaw_psl.0.3.0.UPF: wavefunction(s)  3S renormalized

     gamma-point specific algorithms are used
     Message from routine setup:
     using ibrav=0 with symmetry is DISCOURAGED, use correct ibrav instead

     Subspace diagonalization in iterative solution of the eigenvalue problem:
     a serial algorithm will be used

 
     G-vector sticks info
     --------------------
     sticks:   dense  smooth     PW     G-vecs:    dense   smooth      PW
     Sum        1123     559    139                24693     8657    1067
 
     Using Slab Decomposition
 


     bravais-lattice index     =            0
     lattice parameter (alat)  =       8.2199  a.u.
     unit-cell volume          =     392.7178 (a.u.)^3
     number of atoms/cell      =            4
     number of atomic types    =            3
     number of electrons       =        46.00
     number of Kohn-Sham states=           28
     kinetic-energy cutoff     =      30.0000  Ry
     charge density cutoff     =     240.0000  Ry
     scf convergence threshold =      1.0E-06
     mixing beta               =       0.7000
     number of iterations used =            8  plain     mixing
     Exchange-correlation= SLA  PW   PBE  PBE
                           (   1   4   3   4   0   0   0)

     celldm(1)=   8.219874  celldm(2)=   0.000000  celldm(3)=   0.000000
     celldm(4)=   0.000000  celldm(5)=   0.000000  celldm(6)=   0.000000

     crystal axes: (cart. coord. in units of alat)
               a(1) = (   1.000000   0.000000   0.000000 )  
               a(2) = (   0.500000   0.866025   0.000000 )  
               a(3) = (   0.500000   0.288675   0.816497 )  

     reciprocal axes: (cart. coord. in units 2 pi/alat)
               b(1) = (  1.000000 -0.577350 -0.408248 )  
               b(2) = (  0.000000  1.154701 -0.408248 )  
               b(3) = (  0.000000  0.000000  1.224745 )  


     PseudoPot. # 1 for Mg read from file:
     /home/pragov/projects/rrg-bengioy-ad/pragov/crystal_structure_design/SSSP/Mg.pbe-n-kjpaw_psl.0.3.0.UPF
     MD5 check sum: 24ecedc7f3e3cbe212e682f4413594e4
     Pseudo is Projector augmented-wave + core cor, Zval =  2.0
     Generated using "atomic" code by A. Dal Corso  v.5.0.99 svn rev. 10869
     Shape of augmentation charge: PSQ
     Using radial grid of 1129 points,  4 beta functions with: 
                l(1) =   0
                l(2) =   0
                l(3) =   1
                l(4) =   1
     Q(r) pseudized with 0 coefficients 


     PseudoPot. # 2 for Ge read from file:
     /home/pragov/projects/rrg-bengioy-ad/pragov/crystal_structure_design/SSSP/ge_pbe_v1.4.uspp.F.UPF
     MD5 check sum: 9c9eaa91e581c3f09632fb3098b2c6b2
     Pseudo is Ultrasoft + core correction, Zval = 14.0
     Generated by new atomic code, or converted to UPF format
     Using radial grid of  873 points,  6 beta functions with: 
                l(1) =   0
                l(2) =   0
                l(3) =   1
                l(4) =   1
                l(5) =   2
                l(6) =   2
     Q(r) pseudized with  8 coefficients,  rinner =    1.400   1.400   1.400
                                                       1.400   1.400

     PseudoPot. # 3 for Ir read from file:
     /home/pragov/projects/rrg-bengioy-ad/pragov/crystal_structure_design/SSSP/Ir_pbe_v1.2.uspp.F.UPF
     MD5 check sum: 8836f839c3459d2b385c504ce6d91f2c
     Pseudo is Ultrasoft + core correction, Zval = 15.0
     Generated by new atomic code, or converted to UPF format
     Using radial grid of  983 points,  7 beta functions with: 
                l(1) =   0
                l(2) =   0
                l(3) =   1
                l(4) =   1
                l(5) =   1
                l(6) =   2
                l(7) =   2
     Q(r) pseudized with  8 coefficients,  rinner =    1.400   1.400   1.400
                                                       1.400   1.400

     atomic species   valence    mass     pseudopotential
        Mg             2.00    24.30500     Mg( 1.00)
        Ge            14.00    72.63000     Ge( 1.00)
        Ir            15.00   192.21700     Ir( 1.00)

     12 Sym. Ops., with inversion, found


                                    s                        frac. trans.

      isym =  1     identity                                     

 cryst.   s( 1) = (     1          0          0      )
                  (     0          1          0      )
                  (     0          0          1      )

 cart.    s( 1) = (  1.0000000  0.0000000  0.0000000 )
                  (  0.0000000  1.0000000 -0.0000000 )
                  (  0.0000000  0.0000000  1.0000000 )


      isym =  2     180 deg rotation - cart. axis [1,0,0]        

 cryst.   s( 2) = (     1          0          0      )
                  (     1         -1          0      )
                  (     1          0         -1      )

 cart.    s( 2) = (  1.0000000  0.0000000 -0.0000000 )
                  (  0.0000000 -1.0000000  0.0000000 )
                  (  0.0000000  0.0000000 -1.0000000 )


      isym =  3     120 deg rotation - cryst. axis [0,0,1]       

 cryst.   s( 3) = (    -1          1          0      )
                  (    -1          0          0      )
                  (    -1          0          1      )

 cart.    s( 3) = ( -0.5000000 -0.8660254  0.0000000 )
                  (  0.8660254 -0.5000000  0.0000000 )
                  (  0.0000000  0.0000000  1.0000000 )


      isym =  4     120 deg rotation - cryst. axis [0,0,-1]      

 cryst.   s( 4) = (     0         -1          0      )
                  (     1         -1          0      )
                  (     0         -1          1      )

 cart.    s( 4) = ( -0.5000000  0.8660254 -0.0000000 )
                  ( -0.8660254 -0.5000000  0.0000000 )
                  (  0.0000000  0.0000000  1.0000000 )


      isym =  5     180 deg rotation - cryst. axis [0,1,0]       

 cryst.   s( 5) = (     0         -1          0      )
                  (    -1          0          0      )
                  (     0          0         -1      )

 cart.    s( 5) = ( -0.5000000 -0.8660254  0.0000000 )
                  ( -0.8660254  0.5000000 -0.0000000 )
                  (  0.0000000  0.0000000 -1.0000000 )


      isym =  6     180 deg rotation - cryst. axis [1,1,0]       

 cryst.   s( 6) = (    -1          1          0      )
                  (     0          1          0      )
                  (     0          1         -1      )

 cart.    s( 6) = ( -0.5000000  0.8660254 -0.0000000 )
                  (  0.8660254  0.5000000 -0.0000000 )
                  (  0.0000000  0.0000000 -1.0000000 )


      isym =  7     inversion                                    

 cryst.   s( 7) = (    -1          0          0      )
                  (     0         -1          0      )
                  (     0          0         -1      )

 cart.    s( 7) = ( -1.0000000  0.0000000  0.0000000 )
                  (  0.0000000 -1.0000000  0.0000000 )
                  (  0.0000000  0.0000000 -1.0000000 )


      isym =  8     inv. 180 deg rotation - cart. axis [1,0,0]   

 cryst.   s( 8) = (    -1          0          0      )
                  (    -1          1          0      )
                  (    -1          0          1      )

 cart.    s( 8) = ( -1.0000000  0.0000000  0.0000000 )
                  (  0.0000000  1.0000000 -0.0000000 )
                  (  0.0000000  0.0000000  1.0000000 )


      isym =  9     inv. 120 deg rotation - cryst. axis [0,0,1]  

 cryst.   s( 9) = (     1         -1          0      )
                  (     1          0          0      )
                  (     1          0         -1      )

 cart.    s( 9) = (  0.5000000  0.8660254 -0.0000000 )
                  ( -0.8660254  0.5000000 -0.0000000 )
                  (  0.0000000  0.0000000 -1.0000000 )


      isym = 10     inv. 120 deg rotation - cryst. axis [0,0,-1] 

 cryst.   s(10) = (     0          1          0      )
                  (    -1          1          0      )
                  (     0          1         -1      )

 cart.    s(10) = (  0.5000000 -0.8660254  0.0000000 )
                  (  0.8660254  0.5000000 -0.0000000 )
                  (  0.0000000  0.0000000 -1.0000000 )


      isym = 11     inv. 180 deg rotation - cryst. axis [0,1,0]  

 cryst.   s(11) = (     0          1          0      )
                  (     1          0          0      )
                  (     0          0          1      )

 cart.    s(11) = (  0.5000000  0.8660254 -0.0000000 )
                  (  0.8660254 -0.5000000  0.0000000 )
                  (  0.0000000  0.0000000  1.0000000 )


      isym = 12     inv. 180 deg rotation - cryst. axis [1,1,0]  

 cryst.   s(12) = (     1         -1          0      )
                  (     0         -1          0      )
                  (     0         -1          1      )

 cart.    s(12) = (  0.5000000 -0.8660254  0.0000000 )
                  ( -0.8660254 -0.5000000  0.0000000 )
                  (  0.0000000  0.0000000  1.0000000 )


   Cartesian axes

     site n.     atom                  positions (alat units)
         1           Mg  tau(   1) = (   0.0000000   0.0000000   0.0000000  )
         2           Ge  tau(   2) = (   1.0000000   0.5773503   0.4082483  )
         3           Ir  tau(   3) = (   1.5000000   0.8660254   0.6123724  )
         4           Ir  tau(   4) = (   0.5000000   0.2886751   0.2041241  )

   Crystallographic axes

     site n.     atom                  positions (cryst. coord.)
         1           Mg  tau(   1) = (  0.0000000  0.0000000  0.0000000  )
         2           Ge  tau(   2) = (  0.5000000  0.5000000  0.5000000  )
         3           Ir  tau(   3) = (  0.7500000  0.7500000  0.7500000  )
         4           Ir  tau(   4) = (  0.2500000  0.2500000  0.2500000  )

     number of k points=     1  Methfessel-Paxton smearing, width (Ry)=  0.0010
                       cart. coord. in units 2pi/alat
        k(    1) = (   0.0000000   0.0000000   0.0000000), wk =   2.0000000

                       cryst. coord.
        k(    1) = (   0.0000000   0.0000000   0.0000000), wk =   2.0000000

     Dense  grid:    12347 G-vectors     FFT dimensions: (  45,  45,  45)

     Smooth grid:     4329 G-vectors     FFT dimensions: (  30,  30,  30)

     Dynamical RAM for                 wfc:       0.23 MB

     Dynamical RAM for     wfc (w. buffer):       0.23 MB

     Dynamical RAM for           str. fact:       0.57 MB

     Dynamical RAM for           local pot:       0.00 MB

     Dynamical RAM for          nlocal pot:       0.57 MB

     Dynamical RAM for                qrad:       4.98 MB

     Dynamical RAM for          rho,v,vnew:       2.65 MB

     Dynamical RAM for               rhoin:       0.88 MB

     Dynamical RAM for            rho*nmix:       3.01 MB

     Dynamical RAM for           G-vectors:       0.74 MB

     Dynamical RAM for          h,s,v(r/c):       0.07 MB

     Dynamical RAM for          <psi|beta>:       0.01 MB

     Dynamical RAM for                 psi:       0.47 MB

     Dynamical RAM for                hpsi:       0.47 MB

     Dynamical RAM for                spsi:       0.47 MB

     Dynamical RAM for      wfcinit/wfcrot:       0.65 MB

     Dynamical RAM for           addusdens:      46.72 MB

     Dynamical RAM for          addusforce:      47.20 MB

     Dynamical RAM for         addusstress:      49.17 MB

     Estimated static dynamical RAM per process >      14.84 MB

     Estimated max dynamical RAM per process >      67.03 MB

     Initial potential from superposition of free atoms

     starting charge      44.9981, renormalised to      46.0000

     negative rho (up, down):  7.366E-01 0.000E+00
     Starting wfcs are   37 randomized atomic wfcs
     Checking if some PAW data can be deallocated... 

     total cpu time spent up to now is        7.1 secs

     Self-consistent Calculation

     iteration #  1     ecut=    30.00 Ry     beta= 0.70
     Davidson diagonalization with overlap

---- Real-time Memory Report at c_bands before calling an iterative solver
           295 MiB given to the printing process from OS
             0 MiB allocation reported by mallinfo(arena+hblkhd)
        110817 MiB available memory on the node where the printing process lives
------------------
     ethr =  1.00E-02,  avg # of iterations =  2.0

     Threshold (ethr) on eigenvalues was too large:
     Diagonalizing with lowered threshold

     Davidson diagonalization with overlap

---- Real-time Memory Report at c_bands before calling an iterative solver
           309 MiB given to the printing process from OS
             0 MiB allocation reported by mallinfo(arena+hblkhd)
        110802 MiB available memory on the node where the printing process lives
------------------
     ethr =  8.40E-04,  avg # of iterations =  1.0

     negative rho (up, down):  6.925E-01 0.000E+00

     total cpu time spent up to now is        9.0 secs

     total energy              =    -609.79383048 Ry
     estimated scf accuracy    <       0.40615932 Ry

     iteration #  2     ecut=    30.00 Ry     beta= 0.70
     Davidson diagonalization with overlap

---- Real-time Memory Report at c_bands before calling an iterative solver
           325 MiB given to the printing process from OS
             0 MiB allocation reported by mallinfo(arena+hblkhd)
        110791 MiB available memory on the node where the printing process lives
------------------
     ethr =  8.83E-04,  avg # of iterations =  2.0

     negative rho (up, down):  7.026E-01 0.000E+00

     total cpu time spent up to now is       10.0 secs

     total energy              =    -609.92667080 Ry
     estimated scf accuracy    <       0.10650901 Ry

     iteration #  3     ecut=    30.00 Ry     beta= 0.70
     Davidson diagonalization with overlap

---- Real-time Memory Report at c_bands before calling an iterative solver
           328 MiB given to the printing process from OS
             0 MiB allocation reported by mallinfo(arena+hblkhd)
        110790 MiB available memory on the node where the printing process lives
------------------
     ethr =  2.32E-04,  avg # of iterations =  2.0

     negative rho (up, down):  7.006E-01 0.000E+00

     total cpu time spent up to now is       10.9 secs

     total energy              =    -609.94753792 Ry
     estimated scf accuracy    <       0.00273328 Ry

     iteration #  4     ecut=    30.00 Ry     beta= 0.70
     Davidson diagonalization with overlap

---- Real-time Memory Report at c_bands before calling an iterative solver
           328 MiB given to the printing process from OS
             0 MiB allocation reported by mallinfo(arena+hblkhd)
        110787 MiB available memory on the node where the printing process lives
------------------
     ethr =  5.94E-06,  avg # of iterations =  5.0

     negative rho (up, down):  6.997E-01 0.000E+00

     total cpu time spent up to now is       11.9 secs

     total energy              =    -609.94856290 Ry
     estimated scf accuracy    <       0.00018598 Ry

     iteration #  5     ecut=    30.00 Ry     beta= 0.70
     Davidson diagonalization with overlap

---- Real-time Memory Report at c_bands before calling an iterative solver
           328 MiB given to the printing process from OS
             0 MiB allocation reported by mallinfo(arena+hblkhd)
        110787 MiB available memory on the node where the printing process lives
------------------
     ethr =  4.04E-07,  avg # of iterations =  4.0

     negative rho (up, down):  6.995E-01 0.000E+00

     total cpu time spent up to now is       12.9 secs

     total energy              =    -609.94853279 Ry
     estimated scf accuracy    <       0.00048035 Ry

     iteration #  6     ecut=    30.00 Ry     beta= 0.70
     Davidson diagonalization with overlap

---- Real-time Memory Report at c_bands before calling an iterative solver
           328 MiB given to the printing process from OS
             0 MiB allocation reported by mallinfo(arena+hblkhd)
        110787 MiB available memory on the node where the printing process lives
------------------
     ethr =  4.04E-07,  avg # of iterations =  3.0

     negative rho (up, down):  6.995E-01 0.000E+00

     total cpu time spent up to now is       14.0 secs

     total energy              =    -609.94862286 Ry
     estimated scf accuracy    <       0.00003534 Ry

     iteration #  7     ecut=    30.00 Ry     beta= 0.70
     Davidson diagonalization with overlap

---- Real-time Memory Report at c_bands before calling an iterative solver
           328 MiB given to the printing process from OS
             0 MiB allocation reported by mallinfo(arena+hblkhd)
        110786 MiB available memory on the node where the printing process lives
------------------
     ethr =  7.68E-08,  avg # of iterations =  2.0

     negative rho (up, down):  6.995E-01 0.000E+00

     total cpu time spent up to now is       14.9 secs

     total energy              =    -609.94862693 Ry
     estimated scf accuracy    <       0.00000374 Ry

     iteration #  8     ecut=    30.00 Ry     beta= 0.70
     Davidson diagonalization with overlap

---- Real-time Memory Report at c_bands before calling an iterative solver
           328 MiB given to the printing process from OS
             0 MiB allocation reported by mallinfo(arena+hblkhd)
        110788 MiB available memory on the node where the printing process lives
------------------
     ethr =  8.13E-09,  avg # of iterations =  4.0

     negative rho (up, down):  6.995E-01 0.000E+00

     total cpu time spent up to now is       15.8 secs

     End of self-consistent calculation

          k = 0.0000 0.0000 0.0000 (   534 PWs)   bands (ev):

   -29.5024 -29.5023 -29.5023 -29.3986 -29.3986 -29.3986  -6.8431  -6.8431
    -6.8431  -6.8277  -6.8277   5.2744  12.0474  12.0475  12.0475  13.5976
    13.5976  16.8026  17.5243  17.5243  17.5244  19.1495  19.1495  20.5408
    20.5408  20.5409  21.3940  21.3940

     occupation numbers 
     1.0000   1.0000   1.0000   1.0000   1.0000   1.0000   1.0000   1.0000
     1.0000   1.0000   1.0000   1.0000   1.0000   1.0000   1.0000   1.0000
     1.0000   1.0000   1.0000   1.0000   1.0000   1.0000   1.0000  -0.0000
    -0.0000  -0.0000  -0.0000  -0.0000

     the Fermi energy is    19.9310 ev

!    total energy              =    -609.94862776 Ry
     estimated scf accuracy    <       0.00000017 Ry
     smearing contrib. (-TS)   =       0.00000000 Ry
     internal energy E=F+TS    =    -609.94862776 Ry

     The total energy is F=E-TS. E is the sum of the following terms:
     one-electron contribution =    -179.52859572 Ry
     hartree contribution      =     132.65721784 Ry
     xc contribution           =    -161.70029583 Ry
     ewald contribution        =    -370.02583567 Ry
     one-center paw contrib.   =     -31.35111837 Ry
      -> PAW hartree energy AE =       1.66111861 Ry
      -> PAW hartree energy PS =      -1.65742484 Ry
      -> PAW xc energy AE      =     -33.05149186 Ry
      -> PAW xc energy PS      =       1.69667973 Ry
      -> total E_H with PAW    =     132.66091161 Ry
      -> total E_XC with PAW   =    -193.05510797 Ry

     convergence has been achieved in   8 iterations

     negative rho (up, down):  6.995E-01 0.000E+00

     Forces acting on atoms (cartesian axes, Ry/au):

     atom    1 type  1   force =     0.00000000    0.00000000    0.00000000
     atom    2 type  2   force =     0.00000000    0.00000000    0.00000000
     atom    3 type  3   force =     0.00000000   -0.00000000   -0.00002651
     atom    4 type  3   force =     0.00000000    0.00000000    0.00002651
     The non-local contrib.  to forces
     atom    1 type  1   force =     0.00000000    0.00000000    0.00000000
     atom    2 type  2   force =    -0.00000000    0.00000000   -0.00000000
     atom    3 type  3   force =     0.00000000    0.00000000   -0.00001167
     atom    4 type  3   force =     0.00000000   -0.00000000    0.00001167
     The ionic contribution  to forces
     atom    1 type  1   force =    -0.00000000    0.00000000    0.00000000
     atom    2 type  2   force =    -0.00000000    0.00000000   -0.00000000
     atom    3 type  3   force =     0.00000000   -0.00000000   -0.00000000
     atom    4 type  3   force =    -0.00000000   -0.00000000    0.00000000
     The local contribution  to forces
     atom    1 type  1   force =     0.00002214    0.00001242   -0.00000041
     atom    2 type  2   force =     0.00019262    0.00010774    0.00013122
     atom    3 type  3   force =    -0.00051955   -0.00034158   -0.00013930
     atom    4 type  3   force =    -0.00041841   -0.00017898   -0.00007047
     The core correction contribution to forces
     atom    1 type  1   force =     0.00000093    0.00000031   -0.00000009
     atom    2 type  2   force =     0.00000186    0.00000184    0.00000177
     atom    3 type  3   force =    -0.00001004   -0.00000660    0.00000191
     atom    4 type  3   force =    -0.00000651   -0.00000068    0.00000081
     The Hubbard contrib.    to forces
     atom    1 type  1   force =     0.00000000    0.00000000    0.00000000
     atom    2 type  2   force =     0.00000000    0.00000000    0.00000000
     atom    3 type  3   force =     0.00000000    0.00000000    0.00000000
     atom    4 type  3   force =     0.00000000    0.00000000    0.00000000
     The SCF correction term to forces
     atom    1 type  1   force =    -0.00000946   -0.00000592    0.00000062
     atom    2 type  2   force =    -0.00035136   -0.00021355   -0.00018998
     atom    3 type  3   force =     0.00053812    0.00035987    0.00011114
     atom    4 type  3   force =     0.00057316    0.00028693    0.00007311

     Total force =     0.000037     Total SCF correction =     0.001026
     SCF correction compared to forces is large: reduce conv_thr to get better values


     Computing stress (Cartesian axis) and pressure


     negative rho (up, down):  6.995E-01 0.000E+00
          total   stress  (Ry/bohr**3)                   (kbar)     P=      539.52
   0.00366760  -0.00000000  -0.00000000          539.52       -0.00       -0.00
  -0.00000000   0.00366760  -0.00000000           -0.00      539.52       -0.00
   0.00000000  -0.00000000   0.00366750            0.00       -0.00      539.51

     kinetic stress (kbar)  28587.99      0.00      0.00
                                0.00  28587.99     -0.00
                                0.00     -0.00  28587.99

     local   stress (kbar)   9281.25     -0.03     -0.01
                               -0.03   9281.24     -0.01
                               -0.01     -0.01   9281.32

     nonloc. stress (kbar)   3760.13      0.00      0.00
                                0.00   3760.13     -0.00
                                0.00     -0.00   3760.08

     hartree stress (kbar)  16563.70      0.02      0.01
                                0.02  16563.68      0.01
                                0.01      0.01  16563.65

     exc-cor stress (kbar)  26009.43      0.00      0.00
                                0.00  26009.43      0.00
                                0.00      0.00  26009.42

     corecor stress (kbar) -37461.26      0.00     -0.00
                                0.00 -37461.26      0.00
                               -0.00      0.00 -37461.26

     ewald   stress (kbar) -46201.70      0.00      0.00
                                0.00 -46201.70      0.00
                                0.00      0.00 -46201.70

     hubbard stress (kbar)      0.00      0.00      0.00
                                0.00      0.00      0.00
                                0.00      0.00      0.00

     DFT-D   stress (kbar)      0.00      0.00      0.00
                                0.00      0.00      0.00
                                0.00      0.00      0.00

     XDM     stress (kbar)      0.00      0.00      0.00
                                0.00      0.00      0.00
                                0.00      0.00      0.00

     dft-nl  stress (kbar)      0.00      0.00      0.00
                                0.00      0.00      0.00
                                0.00      0.00      0.00

     TS-vdW  stress (kbar)      0.00      0.00      0.00
                                0.00      0.00      0.00
                                0.00      0.00      0.00


                                0.00      0.00      0.00
                                0.00      0.00      0.00


                                0.00      0.00      0.00


     Writing all to output data dir new_calculations/myprefix.save/
 
     init_run     :    160.52s CPU      6.82s WALL (       1 calls)
     electrons    :    257.99s CPU      8.76s WALL (       1 calls)
     forces       :      4.16s CPU      0.14s WALL (       1 calls)
     stress       :     14.99s CPU      0.51s WALL (       1 calls)

     Called by init_run:
     wfcinit      :     41.40s CPU      1.53s WALL (       1 calls)
     wfcinit:atom :      0.01s CPU      0.00s WALL (       1 calls)
     wfcinit:wfcr :     41.33s CPU      1.53s WALL (       1 calls)
     potinit      :     42.39s CPU      1.71s WALL (       1 calls)
     hinit0       :     70.98s CPU      3.34s WALL (       1 calls)

     Called by electrons:
     c_bands      :    161.34s CPU      5.44s WALL (       9 calls)
     sum_band     :     58.37s CPU      2.01s WALL (       9 calls)
     v_of_rho     :      3.58s CPU      0.13s WALL (       9 calls)
     v_h          :      0.26s CPU      0.01s WALL (       9 calls)
     v_xc         :      3.77s CPU      0.14s WALL (      11 calls)
     newd         :     33.85s CPU      1.18s WALL (       9 calls)
     PAW_pot      :      3.69s CPU      0.13s WALL (       9 calls)
     mix_rho      :      0.68s CPU      0.02s WALL (       9 calls)

     Called by c_bands:
     init_us_2    :      0.18s CPU      0.01s WALL (      19 calls)
     init_us_2:cp :      0.15s CPU      0.01s WALL (      19 calls)
     regterg      :    160.72s CPU      5.42s WALL (       9 calls)

     Called by sum_band:
     sum_band:wei :      0.01s CPU      0.00s WALL (       9 calls)
     sum_band:loo :     29.09s CPU      0.97s WALL (       9 calls)
     sum_band:buf :      0.00s CPU      0.00s WALL (       9 calls)
     sum_band:ini :      0.09s CPU      0.00s WALL (       9 calls)
     sum_band:cal :      0.04s CPU      0.00s WALL (       9 calls)
     sum_band:bec :      0.06s CPU      0.00s WALL (       9 calls)
     addusdens    :     28.68s CPU      1.01s WALL (       9 calls)
     addusd:skk   :      0.10s CPU      0.00s WALL (      27 calls)
     addusd:dgemm :      3.21s CPU      0.15s WALL (      27 calls)
     addusd:qvan2 :     23.01s CPU      0.78s WALL (      27 calls)

     Called by *egterg:
     rdiaghg      :      1.06s CPU      0.04s WALL (      33 calls)
     regterg:over :      4.33s CPU      0.15s WALL (      25 calls)
     regterg:upda :      0.13s CPU      0.00s WALL (      25 calls)
     regterg:last :      0.18s CPU      0.01s WALL (      17 calls)
     h_psi        :    192.81s CPU      6.63s WALL (      35 calls)
     s_psi        :      0.09s CPU      0.00s WALL (      35 calls)
     g_psi        :      0.06s CPU      0.00s WALL (      25 calls)

     Called by h_psi:
     h_psi:calbec :      1.13s CPU      0.04s WALL (      35 calls)
     vloc_psi     :    191.37s CPU      6.58s WALL (      35 calls)
     add_vuspsi   :      0.10s CPU      0.00s WALL (      35 calls)

     General routines
     calbec       :      1.12s CPU      0.04s WALL (      49 calls)
     fft          :     61.61s CPU      2.48s WALL (     118 calls)
     ffts         :     41.43s CPU      1.67s WALL (      18 calls)
     fftw         :    217.30s CPU      7.44s WALL (     790 calls)
     interpolate  :     41.64s CPU      1.67s WALL (       9 calls)
 
     Parallel routines

     PAW routines
     PAW_pot      :      3.69s CPU      0.13s WALL (       9 calls)
     PAW_symme    :      0.02s CPU      0.00s WALL (      18 calls)
 
     PWSCF        :   7m28.24s CPU     17.15s WALL

 
   This run was terminated on:   5:54:36  20May2023            

=------------------------------------------------------------------------------=
   JOB DONE.
=------------------------------------------------------------------------------=
