
     Program PWSCF v.7.0 starts on 20May2023 at 22:25:52 

     This program is part of the open-source Quantum ESPRESSO suite
     for quantum simulation of materials; please cite
         "P. Giannozzi et al., J. Phys.:Condens. Matter 21 395502 (2009);
         "P. Giannozzi et al., J. Phys.:Condens. Matter 29 465901 (2017);
         "P. Giannozzi et al., J. Chem. Phys. 152 154105 (2020);
          URL http://www.quantum-espresso.org", 
     in publications or presentations arising from this work. More details at
     http://www.quantum-espresso.org/quote

     Parallel version (MPI & OpenMP), running on      32 processor cores
     Number of MPI processes:                 1
     Threads/MPI process:                    32

     MPI processes distributed on     1 nodes
     82306 MiB available memory on the printing compute node when the environment starts
 
     Reading input from espresso_26162.pwi
Warning: card &CELL ignored
Warning: card / ignored

     Current dimensions of program PWSCF are:
     Max number of different atomic species (ntypx) = 10
     Max number of k-points (npk) =  40000
     Max angular momentum in pseudopotentials (lmaxx) =  4
     file In.pbe-dn-rrkjus_psl.0.2.2.UPF: wavefunction(s)  5S renormalized

     gamma-point specific algorithms are used
     Message from routine setup:
     using ibrav=0 with symmetry is DISCOURAGED, use correct ibrav instead

     Subspace diagonalization in iterative solution of the eigenvalue problem:
     a serial algorithm will be used

 
     G-vector sticks info
     --------------------
     sticks:   dense  smooth     PW     G-vecs:    dense   smooth      PW
     Sum        1867     931    235                52873    18763    2277
 
     Using Slab Decomposition
 


     bravais-lattice index     =            0
     lattice parameter (alat)  =      10.6024  a.u.
     unit-cell volume          =     842.7458 (a.u.)^3
     number of atoms/cell      =            4
     number of atomic types    =            3
     number of electrons       =        42.00
     number of Kohn-Sham states=           25
     kinetic-energy cutoff     =      30.0000  Ry
     charge density cutoff     =     240.0000  Ry
     scf convergence threshold =      1.0E-06
     mixing beta               =       0.7000
     number of iterations used =            8  plain     mixing
     Exchange-correlation= PBE
                           (   1   4   3   4   0   0   0)

     celldm(1)=  10.602392  celldm(2)=   0.000000  celldm(3)=   0.000000
     celldm(4)=   0.000000  celldm(5)=   0.000000  celldm(6)=   0.000000

     crystal axes: (cart. coord. in units of alat)
               a(1) = (   1.000000   0.000000   0.000000 )  
               a(2) = (   0.500000   0.866025   0.000000 )  
               a(3) = (   0.500000   0.288675   0.816497 )  

     reciprocal axes: (cart. coord. in units 2 pi/alat)
               b(1) = (  1.000000 -0.577350 -0.408248 )  
               b(2) = (  0.000000  1.154701 -0.408248 )  
               b(3) = (  0.000000  0.000000  1.224745 )  


     PseudoPot. # 1 for Na read from file:
     /home/pragov/projects/rrg-bengioy-ad/pragov/crystal_structure_design/SSSP/na_pbe_v1.5.uspp.F.UPF
     MD5 check sum: 44600605ef58000f06b90626533354dc
     Pseudo is Ultrasoft, Zval =  9.0
     Generated by new atomic code, or converted to UPF format
     Using radial grid of  819 points,  5 beta functions with: 
                l(1) =   0
                l(2) =   0
                l(3) =   1
                l(4) =   1
                l(5) =   2
     Q(r) pseudized with  8 coefficients,  rinner =    1.250   1.250   1.250
                                                       1.250   1.250

     PseudoPot. # 2 for Ca read from file:
     /home/pragov/projects/rrg-bengioy-ad/pragov/crystal_structure_design/SSSP/Ca_pbe_v1.uspp.F.UPF
     MD5 check sum: 403a4c14b9e4d4dfdc3024c9a3812218
     Pseudo is Ultrasoft + core correction, Zval = 10.0
     Generated by new atomic code, or converted to UPF format
     Using radial grid of  845 points,  6 beta functions with: 
                l(1) =   0
                l(2) =   0
                l(3) =   1
                l(4) =   1
                l(5) =   2
                l(6) =   2
     Q(r) pseudized with  8 coefficients,  rinner =    1.500   1.500   1.500
                                                       1.500   1.500

     PseudoPot. # 3 for In read from file:
     /home/pragov/projects/rrg-bengioy-ad/pragov/crystal_structure_design/SSSP/In.pbe-dn-rrkjus_psl.0.2.2.UPF
     MD5 check sum: 25e7c42c3b55b68f4bf926be2e7201a4
     Pseudo is Ultrasoft + core correction, Zval = 13.0
     Generated using "atomic" code by A. Dal Corso  v.5.0.99 svn rev. 10869
     Using radial grid of 1241 points,  6 beta functions with: 
                l(1) =   0
                l(2) =   0
                l(3) =   1
                l(4) =   1
                l(5) =   2
                l(6) =   2
     Q(r) pseudized with 0 coefficients 


     atomic species   valence    mass     pseudopotential
        Na             9.00    22.98977     Na( 1.00)
        Ca            10.00    40.07800     Ca( 1.00)
        In            13.00   114.81800     In( 1.00)

     12 Sym. Ops., with inversion, found


                                    s                        frac. trans.

      isym =  1     identity                                     

 cryst.   s( 1) = (     1          0          0      )
                  (     0          1          0      )
                  (     0          0          1      )

 cart.    s( 1) = (  1.0000000  0.0000000  0.0000000 )
                  (  0.0000000  1.0000000 -0.0000000 )
                  (  0.0000000  0.0000000  1.0000000 )


      isym =  2     180 deg rotation - cart. axis [1,0,0]        

 cryst.   s( 2) = (     1          0          0      )
                  (     1         -1          0      )
                  (     1          0         -1      )

 cart.    s( 2) = (  1.0000000  0.0000000  0.0000000 )
                  (  0.0000000 -1.0000000  0.0000000 )
                  (  0.0000000  0.0000000 -1.0000000 )


      isym =  3     120 deg rotation - cryst. axis [0,0,1]       

 cryst.   s( 3) = (    -1          1          0      )
                  (    -1          0          0      )
                  (    -1          0          1      )

 cart.    s( 3) = ( -0.5000000 -0.8660254  0.0000000 )
                  (  0.8660254 -0.5000000  0.0000000 )
                  (  0.0000000  0.0000000  1.0000000 )


      isym =  4     120 deg rotation - cryst. axis [0,0,-1]      

 cryst.   s( 4) = (     0         -1          0      )
                  (     1         -1          0      )
                  (     0         -1          1      )

 cart.    s( 4) = ( -0.5000000  0.8660254 -0.0000000 )
                  ( -0.8660254 -0.5000000  0.0000000 )
                  (  0.0000000  0.0000000  1.0000000 )


      isym =  5     180 deg rotation - cryst. axis [0,1,0]       

 cryst.   s( 5) = (     0         -1          0      )
                  (    -1          0          0      )
                  (     0          0         -1      )

 cart.    s( 5) = ( -0.5000000 -0.8660254  0.0000000 )
                  ( -0.8660254  0.5000000 -0.0000000 )
                  (  0.0000000  0.0000000 -1.0000000 )


      isym =  6     180 deg rotation - cryst. axis [1,1,0]       

 cryst.   s( 6) = (    -1          1          0      )
                  (     0          1          0      )
                  (     0          1         -1      )

 cart.    s( 6) = ( -0.5000000  0.8660254 -0.0000000 )
                  (  0.8660254  0.5000000 -0.0000000 )
                  (  0.0000000  0.0000000 -1.0000000 )


      isym =  7     inversion                                    

 cryst.   s( 7) = (    -1          0          0      )
                  (     0         -1          0      )
                  (     0          0         -1      )

 cart.    s( 7) = ( -1.0000000  0.0000000  0.0000000 )
                  (  0.0000000 -1.0000000  0.0000000 )
                  (  0.0000000  0.0000000 -1.0000000 )


      isym =  8     inv. 180 deg rotation - cart. axis [1,0,0]   

 cryst.   s( 8) = (    -1          0          0      )
                  (    -1          1          0      )
                  (    -1          0          1      )

 cart.    s( 8) = ( -1.0000000  0.0000000  0.0000000 )
                  (  0.0000000  1.0000000 -0.0000000 )
                  (  0.0000000  0.0000000  1.0000000 )


      isym =  9     inv. 120 deg rotation - cryst. axis [0,0,1]  

 cryst.   s( 9) = (     1         -1          0      )
                  (     1          0          0      )
                  (     1          0         -1      )

 cart.    s( 9) = (  0.5000000  0.8660254 -0.0000000 )
                  ( -0.8660254  0.5000000 -0.0000000 )
                  (  0.0000000  0.0000000 -1.0000000 )


      isym = 10     inv. 120 deg rotation - cryst. axis [0,0,-1] 

 cryst.   s(10) = (     0          1          0      )
                  (    -1          1          0      )
                  (     0          1         -1      )

 cart.    s(10) = (  0.5000000 -0.8660254  0.0000000 )
                  (  0.8660254  0.5000000 -0.0000000 )
                  (  0.0000000  0.0000000 -1.0000000 )


      isym = 11     inv. 180 deg rotation - cryst. axis [0,1,0]  

 cryst.   s(11) = (     0          1          0      )
                  (     1          0          0      )
                  (     0          0          1      )

 cart.    s(11) = (  0.5000000  0.8660254 -0.0000000 )
                  (  0.8660254 -0.5000000  0.0000000 )
                  (  0.0000000  0.0000000  1.0000000 )


      isym = 12     inv. 180 deg rotation - cryst. axis [1,1,0]  

 cryst.   s(12) = (     1         -1          0      )
                  (     0         -1          0      )
                  (     0         -1          1      )

 cart.    s(12) = (  0.5000000 -0.8660254  0.0000000 )
                  ( -0.8660254 -0.5000000  0.0000000 )
                  (  0.0000000  0.0000000  1.0000000 )


   Cartesian axes

     site n.     atom                  positions (alat units)
         1           Na  tau(   1) = (   0.0000000   0.0000000   0.0000000  )
         2           Ca  tau(   2) = (   0.5000000   0.2886751   0.2041241  )
         3           Ca  tau(   3) = (   1.5000000   0.8660254   0.6123724  )
         4           In  tau(   4) = (   1.0000000   0.5773503   0.4082483  )

   Crystallographic axes

     site n.     atom                  positions (cryst. coord.)
         1           Na  tau(   1) = (  0.0000000  0.0000000  0.0000000  )
         2           Ca  tau(   2) = (  0.2500000  0.2500000  0.2500000  )
         3           Ca  tau(   3) = (  0.7500000  0.7500000  0.7500000  )
         4           In  tau(   4) = (  0.5000000  0.5000000  0.5000000  )

     number of k points=     1  Methfessel-Paxton smearing, width (Ry)=  0.0010
                       cart. coord. in units 2pi/alat
        k(    1) = (   0.0000000   0.0000000   0.0000000), wk =   2.0000000

                       cryst. coord.
        k(    1) = (   0.0000000   0.0000000   0.0000000), wk =   2.0000000

     Dense  grid:    26437 G-vectors     FFT dimensions: (  54,  54,  54)

     Smooth grid:     9382 G-vectors     FFT dimensions: (  40,  40,  40)

     Dynamical RAM for                 wfc:       0.45 MB

     Dynamical RAM for     wfc (w. buffer):       0.45 MB

     Dynamical RAM for           str. fact:       1.21 MB

     Dynamical RAM for           local pot:       0.00 MB

     Dynamical RAM for          nlocal pot:       1.20 MB

     Dynamical RAM for                qrad:       3.73 MB

     Dynamical RAM for          rho,v,vnew:       4.81 MB

     Dynamical RAM for               rhoin:       1.60 MB

     Dynamical RAM for            rho*nmix:       6.45 MB

     Dynamical RAM for           G-vectors:       1.58 MB

     Dynamical RAM for          h,s,v(r/c):       0.06 MB

     Dynamical RAM for          <psi|beta>:       0.01 MB

     Dynamical RAM for                 psi:       0.89 MB

     Dynamical RAM for                hpsi:       0.89 MB

     Dynamical RAM for                spsi:       0.89 MB

     Dynamical RAM for      wfcinit/wfcrot:       1.24 MB

     Dynamical RAM for           addusdens:      75.84 MB

     Dynamical RAM for          addusforce:      76.85 MB

     Dynamical RAM for         addusstress:      81.08 MB

     Estimated static dynamical RAM per process >      22.21 MB

     Estimated max dynamical RAM per process >     109.74 MB

     Initial potential from superposition of free atoms

     starting charge      41.9791, renormalised to      42.0000
     Starting wfcs are   34 randomized atomic wfcs

     total cpu time spent up to now is        9.8 secs

     Self-consistent Calculation

     iteration #  1     ecut=    30.00 Ry     beta= 0.70
     Davidson diagonalization with overlap

---- Real-time Memory Report at c_bands before calling an iterative solver
           329 MiB given to the printing process from OS
             0 MiB allocation reported by mallinfo(arena+hblkhd)
         81934 MiB available memory on the node where the printing process lives
------------------
     ethr =  1.00E-02,  avg # of iterations =  2.0

     Threshold (ethr) on eigenvalues was too large:
     Diagonalizing with lowered threshold

     Davidson diagonalization with overlap

---- Real-time Memory Report at c_bands before calling an iterative solver
           358 MiB given to the printing process from OS
             0 MiB allocation reported by mallinfo(arena+hblkhd)
         81803 MiB available memory on the node where the printing process lives
------------------
     ethr =  3.54E-04,  avg # of iterations =  2.0

     total cpu time spent up to now is       11.3 secs

     total energy              =    -389.85772418 Ry
     estimated scf accuracy    <       0.12842838 Ry

     iteration #  2     ecut=    30.00 Ry     beta= 0.70
     Davidson diagonalization with overlap

---- Real-time Memory Report at c_bands before calling an iterative solver
           378 MiB given to the printing process from OS
             0 MiB allocation reported by mallinfo(arena+hblkhd)
         81603 MiB available memory on the node where the printing process lives
------------------
     ethr =  3.06E-04,  avg # of iterations =  3.0

     total cpu time spent up to now is       12.7 secs

     total energy              =    -389.88592429 Ry
     estimated scf accuracy    <       0.01962171 Ry

     iteration #  3     ecut=    30.00 Ry     beta= 0.70
     Davidson diagonalization with overlap

---- Real-time Memory Report at c_bands before calling an iterative solver
           379 MiB given to the printing process from OS
             0 MiB allocation reported by mallinfo(arena+hblkhd)
         81603 MiB available memory on the node where the printing process lives
------------------
     ethr =  4.67E-05,  avg # of iterations =  4.0

     total cpu time spent up to now is       13.0 secs

     total energy              =    -389.89060291 Ry
     estimated scf accuracy    <       0.00240503 Ry

     iteration #  4     ecut=    30.00 Ry     beta= 0.70
     Davidson diagonalization with overlap

---- Real-time Memory Report at c_bands before calling an iterative solver
           379 MiB given to the printing process from OS
             0 MiB allocation reported by mallinfo(arena+hblkhd)
         81603 MiB available memory on the node where the printing process lives
------------------
     ethr =  5.73E-06,  avg # of iterations =  9.0

     total cpu time spent up to now is       13.4 secs

     total energy              =    -389.89145262 Ry
     estimated scf accuracy    <       0.00113517 Ry

     iteration #  5     ecut=    30.00 Ry     beta= 0.70
     Davidson diagonalization with overlap

---- Real-time Memory Report at c_bands before calling an iterative solver
           379 MiB given to the printing process from OS
             0 MiB allocation reported by mallinfo(arena+hblkhd)
         81603 MiB available memory on the node where the printing process lives
------------------
     ethr =  2.70E-06,  avg # of iterations =  4.0

     total cpu time spent up to now is       13.8 secs

     total energy              =    -389.89170059 Ry
     estimated scf accuracy    <       0.00002202 Ry

     iteration #  6     ecut=    30.00 Ry     beta= 0.70
     Davidson diagonalization with overlap

---- Real-time Memory Report at c_bands before calling an iterative solver
           379 MiB given to the printing process from OS
             0 MiB allocation reported by mallinfo(arena+hblkhd)
         81603 MiB available memory on the node where the printing process lives
------------------
     ethr =  5.24E-08,  avg # of iterations =  4.0

     total cpu time spent up to now is       14.2 secs

     total energy              =    -389.89170648 Ry
     estimated scf accuracy    <       0.00000370 Ry

     iteration #  7     ecut=    30.00 Ry     beta= 0.70
     Davidson diagonalization with overlap

---- Real-time Memory Report at c_bands before calling an iterative solver
           379 MiB given to the printing process from OS
             0 MiB allocation reported by mallinfo(arena+hblkhd)
         81373 MiB available memory on the node where the printing process lives
------------------
     ethr =  8.81E-09,  avg # of iterations =  4.0

     total cpu time spent up to now is       14.5 secs

     End of self-consistent calculation

          k = 0.0000 0.0000 0.0000 (  1139 PWs)   bands (ev):

   -47.1948 -34.7092 -34.6974 -19.1053 -19.1053 -19.1053 -15.7925 -15.7925
   -15.7924 -15.7381 -15.7381 -15.7381  -7.6945  -7.6945  -7.6944  -7.6709
    -7.6709   0.3152   5.8443   5.8443   5.8443   7.0163   7.8054   7.8055
     9.6170

     occupation numbers 
     1.0000   1.0000   1.0000   1.0000   1.0000   1.0000   1.0000   1.0000
     1.0000   1.0000   1.0000   1.0000   1.0000   1.0000   1.0000   1.0000
     1.0000   1.0000   1.0000   1.0000   1.0000  -0.0000  -0.0000  -0.0000
    -0.0000

     the Fermi energy is     6.1853 ev

!    total energy              =    -389.89170711 Ry
     estimated scf accuracy    <       0.00000036 Ry
     smearing contrib. (-TS)   =       0.00000000 Ry
     internal energy E=F+TS    =    -389.89170711 Ry

     The total energy is F=E-TS. E is the sum of the following terms:
     one-electron contribution =    -204.77583687 Ry
     hartree contribution      =     116.93709758 Ry
     xc contribution           =     -85.84478539 Ry
     ewald contribution        =    -216.20818242 Ry

     convergence has been achieved in   7 iterations

     Forces acting on atoms (cartesian axes, Ry/au):

     atom    1 type  1   force =    -0.00000000    0.00000000    0.00000000
     atom    2 type  2   force =    -0.00000000   -0.00000000    0.00000386
     atom    3 type  2   force =     0.00000000    0.00000000   -0.00000386
     atom    4 type  3   force =     0.00000000    0.00000000    0.00000000
     The non-local contrib.  to forces
     atom    1 type  1   force =     0.00000000   -0.00000000   -0.00000000
     atom    2 type  2   force =     0.00000000    0.00000000    0.00000215
     atom    3 type  2   force =     0.00000000    0.00000000   -0.00000215
     atom    4 type  3   force =     0.00000000    0.00000000    0.00000000
     The ionic contribution  to forces
     atom    1 type  1   force =    -0.00000000   -0.00000000    0.00000000
     atom    2 type  2   force =    -0.00000000   -0.00000000   -0.00000000
     atom    3 type  2   force =    -0.00000000    0.00000000    0.00000000
     atom    4 type  3   force =    -0.00000000    0.00000000   -0.00000000
     The local contribution  to forces
     atom    1 type  1   force =     0.00001073    0.00000414   -0.00001259
     atom    2 type  2   force =     0.00004520    0.00004406    0.00002000
     atom    3 type  2   force =    -0.00007390    0.00001688   -0.00000812
     atom    4 type  3   force =     0.00005013   -0.00003383   -0.00003315
     The core correction contribution to forces
     atom    1 type  1   force =     0.00000000    0.00000000    0.00000000
     atom    2 type  2   force =     0.00000066   -0.00000071   -0.00000070
     atom    3 type  2   force =    -0.00000020    0.00000147   -0.00000046
     atom    4 type  3   force =     0.00000148   -0.00000561   -0.00000032
     The Hubbard contrib.    to forces
     atom    1 type  1   force =     0.00000000    0.00000000    0.00000000
     atom    2 type  2   force =     0.00000000    0.00000000    0.00000000
     atom    3 type  2   force =     0.00000000    0.00000000    0.00000000
     atom    4 type  3   force =     0.00000000    0.00000000    0.00000000
     The SCF correction term to forces
     atom    1 type  1   force =     0.00001078   -0.00002843   -0.00001466
     atom    2 type  2   force =    -0.00004592   -0.00003667   -0.00002038
     atom    3 type  2   force =     0.00006396   -0.00001436    0.00000409
     atom    4 type  3   force =    -0.00003986    0.00006434    0.00003287

     Total force =     0.000005     Total SCF correction =     0.000127
     SCF correction compared to forces is large: reduce conv_thr to get better values


     Computing stress (Cartesian axis) and pressure

          total   stress  (Ry/bohr**3)                   (kbar)     P=      -88.66
  -0.00060267   0.00000000  -0.00000000          -88.66        0.00       -0.00
   0.00000000  -0.00060267   0.00000000            0.00      -88.66        0.00
   0.00000000   0.00000000  -0.00060284            0.00        0.00      -88.68

     kinetic stress (kbar)  10128.28      0.00     -0.00
                                0.00  10128.28     -0.00
                               -0.00     -0.00  10128.26

     local   stress (kbar)   3630.00     -0.01     -0.00
                               -0.01   3630.02     -0.02
                               -0.00     -0.02   3629.99

     nonloc. stress (kbar)  -4664.09     -0.00     -0.00
                                0.00  -4664.09      0.00
                                0.00      0.00  -4664.09

     hartree stress (kbar)   6803.97      0.00      0.00
                                0.00   6803.95      0.01
                                0.00      0.01   6803.98

     exc-cor stress (kbar)   2289.26      0.00      0.00
                                0.00   2289.26      0.00
                                0.00      0.00   2289.26

     corecor stress (kbar)  -5696.04     -0.00      0.00
                               -0.00  -5696.04     -0.00
                                0.00     -0.00  -5696.04

     ewald   stress (kbar) -12580.04      0.00      0.00
                                0.00 -12580.04      0.00
                                0.00      0.00 -12580.04

     hubbard stress (kbar)      0.00      0.00      0.00
                                0.00      0.00      0.00
                                0.00      0.00      0.00

     DFT-D   stress (kbar)      0.00      0.00      0.00
                                0.00      0.00      0.00
                                0.00      0.00      0.00

     XDM     stress (kbar)      0.00      0.00      0.00
                                0.00      0.00      0.00
                                0.00      0.00      0.00

     dft-nl  stress (kbar)      0.00      0.00      0.00
                                0.00      0.00      0.00
                                0.00      0.00      0.00

     TS-vdW  stress (kbar)      0.00      0.00      0.00
                                0.00      0.00      0.00
                                0.00      0.00      0.00


                                0.00      0.00      0.00
                                0.00      0.00      0.00


                                0.00      0.00      0.00


     Writing all to output data dir new_calculations/myprefix.save/
 
     init_run     :    203.74s CPU      9.62s WALL (       1 calls)
     electrons    :    139.43s CPU      4.72s WALL (       1 calls)
     forces       :      3.13s CPU      0.10s WALL (       1 calls)
     stress       :      7.62s CPU      0.25s WALL (       1 calls)

     Called by init_run:
     wfcinit      :     72.88s CPU      2.78s WALL (       1 calls)
     wfcinit:atom :      0.01s CPU      0.00s WALL (       1 calls)
     wfcinit:wfcr :     72.18s CPU      2.75s WALL (       1 calls)
     potinit      :     42.87s CPU      1.85s WALL (       1 calls)
     hinit0       :     84.32s CPU      4.82s WALL (       1 calls)

     Called by electrons:
     c_bands      :     91.22s CPU      3.02s WALL (       8 calls)
     sum_band     :     27.63s CPU      1.01s WALL (       8 calls)
     v_of_rho     :      3.94s CPU      0.14s WALL (       8 calls)
     v_h          :      0.34s CPU      0.01s WALL (       8 calls)
     v_xc         :      4.30s CPU      0.15s WALL (      10 calls)
     newd         :     18.76s CPU      0.66s WALL (       8 calls)
     mix_rho      :      0.75s CPU      0.03s WALL (       8 calls)

     Called by c_bands:
     init_us_2    :      0.24s CPU      0.01s WALL (      17 calls)
     init_us_2:cp :      0.21s CPU      0.01s WALL (      17 calls)
     regterg      :     90.43s CPU      2.99s WALL (       8 calls)

     Called by sum_band:
     sum_band:wei :      0.02s CPU      0.00s WALL (       8 calls)
     sum_band:loo :      7.57s CPU      0.24s WALL (       8 calls)
     sum_band:buf :      0.01s CPU      0.00s WALL (       8 calls)
     sum_band:ini :      0.09s CPU      0.00s WALL (       8 calls)
     sum_band:cal :      0.03s CPU      0.00s WALL (       8 calls)
     sum_band:bec :      0.02s CPU      0.00s WALL (       8 calls)
     addusdens    :     19.32s CPU      0.75s WALL (       8 calls)
     addusd:skk   :      0.52s CPU      0.02s WALL (      24 calls)
     addusd:dgemm :      4.18s CPU      0.25s WALL (      24 calls)
     addusd:qvan2 :     13.99s CPU      0.46s WALL (      24 calls)

     Called by *egterg:
     rdiaghg      :      1.08s CPU      0.04s WALL (      39 calls)
     regterg:over :      1.54s CPU      0.05s WALL (      32 calls)
     regterg:upda :      0.13s CPU      0.00s WALL (      32 calls)
     regterg:last :      0.21s CPU      0.01s WALL (      17 calls)
     h_psi        :    157.53s CPU      5.57s WALL (      41 calls)
     s_psi        :      0.09s CPU      0.00s WALL (      41 calls)
     g_psi        :      0.03s CPU      0.00s WALL (      32 calls)

     Called by h_psi:
     h_psi:calbec :      0.59s CPU      0.02s WALL (      41 calls)
     vloc_psi     :    156.64s CPU      5.54s WALL (      41 calls)
     add_vuspsi   :      0.10s CPU      0.00s WALL (      41 calls)

     General routines
     calbec       :      0.58s CPU      0.02s WALL (      54 calls)
     fft          :     76.53s CPU      3.83s WALL (     107 calls)
     ffts         :     42.34s CPU      1.82s WALL (      16 calls)
     fftw         :    159.90s CPU      5.63s WALL (     690 calls)
     interpolate  :     42.55s CPU      1.83s WALL (       8 calls)
 
     Parallel routines
 
     PWSCF        :   5m58.57s CPU     15.06s WALL

 
   This run was terminated on:  22:26: 7  20May2023            

=------------------------------------------------------------------------------=
   JOB DONE.
=------------------------------------------------------------------------------=
