
     Program PWSCF v.7.0 starts on 21May2023 at  2:58:11 

     This program is part of the open-source Quantum ESPRESSO suite
     for quantum simulation of materials; please cite
         "P. Giannozzi et al., J. Phys.:Condens. Matter 21 395502 (2009);
         "P. Giannozzi et al., J. Phys.:Condens. Matter 29 465901 (2017);
         "P. Giannozzi et al., J. Chem. Phys. 152 154105 (2020);
          URL http://www.quantum-espresso.org", 
     in publications or presentations arising from this work. More details at
     http://www.quantum-espresso.org/quote

     Parallel version (MPI & OpenMP), running on      32 processor cores
     Number of MPI processes:                 1
     Threads/MPI process:                    32

     MPI processes distributed on     1 nodes
     176416 MiB available memory on the printing compute node when the environment starts
 
     Reading input from espresso_8005.pwi
Warning: card &CELL ignored
Warning: card / ignored

     Current dimensions of program PWSCF are:
     Max number of different atomic species (ntypx) = 10
     Max number of k-points (npk) =  40000
     Max angular momentum in pseudopotentials (lmaxx) =  4
     file Mg.pbe-n-kjpaw_psl.0.3.0.UPF: wavefunction(s)  3S renormalized

     gamma-point specific algorithms are used
     Message from routine setup:
     using ibrav=0 with symmetry is DISCOURAGED, use correct ibrav instead

     Subspace diagonalization in iterative solution of the eigenvalue problem:
     a serial algorithm will be used

 
     G-vector sticks info
     --------------------
     sticks:   dense  smooth     PW     G-vecs:    dense   smooth      PW
     Sum        1333     661    163                31879    11191    1411
 
     Using Slab Decomposition
 


     bravais-lattice index     =            0
     lattice parameter (alat)  =       8.9565  a.u.
     unit-cell volume          =     508.0483 (a.u.)^3
     number of atoms/cell      =            4
     number of atomic types    =            3
     number of electrons       =        52.00
     number of Kohn-Sham states=           31
     kinetic-energy cutoff     =      30.0000  Ry
     charge density cutoff     =     240.0000  Ry
     scf convergence threshold =      1.0E-06
     mixing beta               =       0.7000
     number of iterations used =            8  plain     mixing
     Exchange-correlation= PBE
                           (   1   4   3   4   0   0   0)

     celldm(1)=   8.956534  celldm(2)=   0.000000  celldm(3)=   0.000000
     celldm(4)=   0.000000  celldm(5)=   0.000000  celldm(6)=   0.000000

     crystal axes: (cart. coord. in units of alat)
               a(1) = (   1.000000   0.000000   0.000000 )  
               a(2) = (   0.500000   0.866025   0.000000 )  
               a(3) = (   0.500000   0.288675   0.816497 )  

     reciprocal axes: (cart. coord. in units 2 pi/alat)
               b(1) = (  1.000000 -0.577350 -0.408248 )  
               b(2) = (  0.000000  1.154701 -0.408248 )  
               b(3) = (  0.000000  0.000000  1.224745 )  


     PseudoPot. # 1 for Hf read from file:
     /home/pragov/projects/rrg-bengioy-ad/pragov/crystal_structure_design/SSSP/Hf-sp.oncvpsp.upf
     MD5 check sum: 417ed15784afe83d2e06dacf143de3f8
     Pseudo is Norm-conserving + core correction, Zval = 12.0
     Generated using ONCVPSP code by D. R. Hamann
     Using radial grid of 1656 points,  8 beta functions with: 
                l(1) =   0
                l(2) =   0
                l(3) =   1
                l(4) =   1
                l(5) =   2
                l(6) =   2
                l(7) =   3
                l(8) =   3

     PseudoPot. # 2 for Mg read from file:
     /home/pragov/projects/rrg-bengioy-ad/pragov/crystal_structure_design/SSSP/Mg.pbe-n-kjpaw_psl.0.3.0.UPF
     MD5 check sum: 24ecedc7f3e3cbe212e682f4413594e4
     Pseudo is Projector augmented-wave + core cor, Zval =  2.0
     Generated using "atomic" code by A. Dal Corso  v.5.0.99 svn rev. 10869
     Shape of augmentation charge: PSQ
     Using radial grid of 1129 points,  4 beta functions with: 
                l(1) =   0
                l(2) =   0
                l(3) =   1
                l(4) =   1
     Q(r) pseudized with 0 coefficients 


     PseudoPot. # 3 for Au read from file:
     /home/pragov/projects/rrg-bengioy-ad/pragov/crystal_structure_design/SSSP/Au_ONCV_PBE-1.0.oncvpsp.upf
     MD5 check sum: d14007822ba0e19f0206237467fc06c2
     Pseudo is Norm-conserving, Zval = 19.0
     Generated using ONCVPSP code by D. R. Hamann
     Using radial grid of 1278 points,  8 beta functions with: 
                l(1) =   0
                l(2) =   0
                l(3) =   1
                l(4) =   1
                l(5) =   2
                l(6) =   2
                l(7) =   3
                l(8) =   3

     atomic species   valence    mass     pseudopotential
        Hf            12.00   178.49000     Hf( 1.00)
        Mg             2.00    24.30500     Mg( 1.00)
        Au            19.00   196.96657     Au( 1.00)

     12 Sym. Ops., with inversion, found


                                    s                        frac. trans.

      isym =  1     identity                                     

 cryst.   s( 1) = (     1          0          0      )
                  (     0          1          0      )
                  (     0          0          1      )

 cart.    s( 1) = (  1.0000000  0.0000000  0.0000000 )
                  (  0.0000000  1.0000000  0.0000000 )
                  (  0.0000000  0.0000000  1.0000000 )


      isym =  2     180 deg rotation - cart. axis [1,0,0]        

 cryst.   s( 2) = (     1          0          0      )
                  (     1         -1          0      )
                  (     1          0         -1      )

 cart.    s( 2) = (  1.0000000  0.0000000  0.0000000 )
                  (  0.0000000 -1.0000000 -0.0000000 )
                  (  0.0000000  0.0000000 -1.0000000 )


      isym =  3     120 deg rotation - cryst. axis [0,0,1]       

 cryst.   s( 3) = (    -1          1          0      )
                  (    -1          0          0      )
                  (    -1          0          1      )

 cart.    s( 3) = ( -0.5000000 -0.8660254  0.0000000 )
                  (  0.8660254 -0.5000000  0.0000000 )
                  (  0.0000000  0.0000000  1.0000000 )


      isym =  4     120 deg rotation - cryst. axis [0,0,-1]      

 cryst.   s( 4) = (     0         -1          0      )
                  (     1         -1          0      )
                  (     0         -1          1      )

 cart.    s( 4) = ( -0.5000000  0.8660254 -0.0000000 )
                  ( -0.8660254 -0.5000000  0.0000000 )
                  (  0.0000000  0.0000000  1.0000000 )


      isym =  5     180 deg rotation - cryst. axis [0,1,0]       

 cryst.   s( 5) = (     0         -1          0      )
                  (    -1          0          0      )
                  (     0          0         -1      )

 cart.    s( 5) = ( -0.5000000 -0.8660254  0.0000000 )
                  ( -0.8660254  0.5000000 -0.0000000 )
                  (  0.0000000  0.0000000 -1.0000000 )


      isym =  6     180 deg rotation - cryst. axis [1,1,0]       

 cryst.   s( 6) = (    -1          1          0      )
                  (     0          1          0      )
                  (     0          1         -1      )

 cart.    s( 6) = ( -0.5000000  0.8660254 -0.0000000 )
                  (  0.8660254  0.5000000 -0.0000000 )
                  (  0.0000000  0.0000000 -1.0000000 )


      isym =  7     inversion                                    

 cryst.   s( 7) = (    -1          0          0      )
                  (     0         -1          0      )
                  (     0          0         -1      )

 cart.    s( 7) = ( -1.0000000  0.0000000  0.0000000 )
                  (  0.0000000 -1.0000000 -0.0000000 )
                  (  0.0000000  0.0000000 -1.0000000 )


      isym =  8     inv. 180 deg rotation - cart. axis [1,0,0]   

 cryst.   s( 8) = (    -1          0          0      )
                  (    -1          1          0      )
                  (    -1          0          1      )

 cart.    s( 8) = ( -1.0000000  0.0000000  0.0000000 )
                  (  0.0000000  1.0000000  0.0000000 )
                  (  0.0000000  0.0000000  1.0000000 )


      isym =  9     inv. 120 deg rotation - cryst. axis [0,0,1]  

 cryst.   s( 9) = (     1         -1          0      )
                  (     1          0          0      )
                  (     1          0         -1      )

 cart.    s( 9) = (  0.5000000  0.8660254 -0.0000000 )
                  ( -0.8660254  0.5000000 -0.0000000 )
                  (  0.0000000  0.0000000 -1.0000000 )


      isym = 10     inv. 120 deg rotation - cryst. axis [0,0,-1] 

 cryst.   s(10) = (     0          1          0      )
                  (    -1          1          0      )
                  (     0          1         -1      )

 cart.    s(10) = (  0.5000000 -0.8660254  0.0000000 )
                  (  0.8660254  0.5000000 -0.0000000 )
                  (  0.0000000  0.0000000 -1.0000000 )


      isym = 11     inv. 180 deg rotation - cryst. axis [0,1,0]  

 cryst.   s(11) = (     0          1          0      )
                  (     1          0          0      )
                  (     0          0          1      )

 cart.    s(11) = (  0.5000000  0.8660254 -0.0000000 )
                  (  0.8660254 -0.5000000  0.0000000 )
                  (  0.0000000  0.0000000  1.0000000 )


      isym = 12     inv. 180 deg rotation - cryst. axis [1,1,0]  

 cryst.   s(12) = (     1         -1          0      )
                  (     0         -1          0      )
                  (     0         -1          1      )

 cart.    s(12) = (  0.5000000 -0.8660254  0.0000000 )
                  ( -0.8660254 -0.5000000  0.0000000 )
                  (  0.0000000  0.0000000  1.0000000 )


   Cartesian axes

     site n.     atom                  positions (alat units)
         1           Hf  tau(   1) = (   1.0000000   0.5773503   0.4082483  )
         2           Mg  tau(   2) = (   0.0000000   0.0000000   0.0000000  )
         3           Au  tau(   3) = (   0.5000000   0.2886751   0.2041241  )
         4           Au  tau(   4) = (   1.5000000   0.8660254   0.6123724  )

   Crystallographic axes

     site n.     atom                  positions (cryst. coord.)
         1           Hf  tau(   1) = (  0.5000000  0.5000000  0.5000000  )
         2           Mg  tau(   2) = (  0.0000000  0.0000000  0.0000000  )
         3           Au  tau(   3) = (  0.2500000  0.2500000  0.2500000  )
         4           Au  tau(   4) = (  0.7500000  0.7500000  0.7500000  )

     number of k points=     1  Methfessel-Paxton smearing, width (Ry)=  0.0010
                       cart. coord. in units 2pi/alat
        k(    1) = (   0.0000000   0.0000000   0.0000000), wk =   2.0000000

                       cryst. coord.
        k(    1) = (   0.0000000   0.0000000   0.0000000), wk =   2.0000000

     Dense  grid:    15940 G-vectors     FFT dimensions: (  45,  45,  45)

     Smooth grid:     5596 G-vectors     FFT dimensions: (  32,  32,  32)

     Dynamical RAM for                 wfc:       0.33 MB

     Dynamical RAM for     wfc (w. buffer):       0.33 MB

     Dynamical RAM for           str. fact:       0.73 MB

     Dynamical RAM for           local pot:       0.00 MB

     Dynamical RAM for          nlocal pot:       1.12 MB

     Dynamical RAM for                qrad:       8.96 MB

     Dynamical RAM for          rho,v,vnew:       2.82 MB

     Dynamical RAM for               rhoin:       0.94 MB

     Dynamical RAM for            rho*nmix:       3.89 MB

     Dynamical RAM for           G-vectors:       0.95 MB

     Dynamical RAM for          h,s,v(r/c):       0.09 MB

     Dynamical RAM for          <psi|beta>:       0.02 MB

     Dynamical RAM for                 psi:       0.67 MB

     Dynamical RAM for                hpsi:       0.67 MB

     Dynamical RAM for                spsi:       0.67 MB

     Dynamical RAM for      wfcinit/wfcrot:       0.76 MB

     Dynamical RAM for           addusdens:      15.57 MB

     Dynamical RAM for          addusforce:      15.69 MB

     Dynamical RAM for         addusstress:      21.89 MB

     Estimated static dynamical RAM per process >      20.30 MB

     Estimated max dynamical RAM per process >      46.08 MB

     Initial potential from superposition of free atoms

     starting charge      51.9970, renormalised to      52.0000
     Starting wfcs are   34 randomized atomic wfcs
     Checking if some PAW data can be deallocated... 

     total cpu time spent up to now is        8.5 secs

     Self-consistent Calculation

     iteration #  1     ecut=    30.00 Ry     beta= 0.70
     Davidson diagonalization with overlap

---- Real-time Memory Report at c_bands before calling an iterative solver
           319 MiB given to the printing process from OS
             0 MiB allocation reported by mallinfo(arena+hblkhd)
        176295 MiB available memory on the node where the printing process lives
------------------
     ethr =  1.00E-02,  avg # of iterations =  2.0

     Threshold (ethr) on eigenvalues was too large:
     Diagonalizing with lowered threshold

     Davidson diagonalization with overlap

---- Real-time Memory Report at c_bands before calling an iterative solver
           338 MiB given to the printing process from OS
             0 MiB allocation reported by mallinfo(arena+hblkhd)
        176286 MiB available memory on the node where the printing process lives
------------------
     ethr =  4.18E-04,  avg # of iterations =  4.0

     total cpu time spent up to now is        9.1 secs

     total energy              =    -695.27188473 Ry
     estimated scf accuracy    <       0.18641306 Ry

     iteration #  2     ecut=    30.00 Ry     beta= 0.70
     Davidson diagonalization with overlap

---- Real-time Memory Report at c_bands before calling an iterative solver
           347 MiB given to the printing process from OS
             0 MiB allocation reported by mallinfo(arena+hblkhd)
        176271 MiB available memory on the node where the printing process lives
------------------
     ethr =  3.58E-04,  avg # of iterations =  3.0

     total cpu time spent up to now is        9.5 secs

     total energy              =    -695.30363013 Ry
     estimated scf accuracy    <       0.10238136 Ry

     iteration #  3     ecut=    30.00 Ry     beta= 0.70
     Davidson diagonalization with overlap

---- Real-time Memory Report at c_bands before calling an iterative solver
           347 MiB given to the printing process from OS
             0 MiB allocation reported by mallinfo(arena+hblkhd)
        176271 MiB available memory on the node where the printing process lives
------------------
     ethr =  1.97E-04,  avg # of iterations =  3.0

     total cpu time spent up to now is        9.8 secs

     total energy              =    -695.32715609 Ry
     estimated scf accuracy    <       0.00578384 Ry

     iteration #  4     ecut=    30.00 Ry     beta= 0.70
     Davidson diagonalization with overlap

---- Real-time Memory Report at c_bands before calling an iterative solver
           347 MiB given to the printing process from OS
             0 MiB allocation reported by mallinfo(arena+hblkhd)
        176272 MiB available memory on the node where the printing process lives
------------------
     ethr =  1.11E-05,  avg # of iterations =  5.0

     total cpu time spent up to now is       10.2 secs

     total energy              =    -695.32874505 Ry
     estimated scf accuracy    <       0.00145995 Ry

     iteration #  5     ecut=    30.00 Ry     beta= 0.70
     Davidson diagonalization with overlap

---- Real-time Memory Report at c_bands before calling an iterative solver
           347 MiB given to the printing process from OS
             0 MiB allocation reported by mallinfo(arena+hblkhd)
        176272 MiB available memory on the node where the printing process lives
------------------
     ethr =  2.81E-06,  avg # of iterations =  2.0

     total cpu time spent up to now is       10.5 secs

     total energy              =    -695.32895650 Ry
     estimated scf accuracy    <       0.00009690 Ry

     iteration #  6     ecut=    30.00 Ry     beta= 0.70
     Davidson diagonalization with overlap

---- Real-time Memory Report at c_bands before calling an iterative solver
           348 MiB given to the printing process from OS
             0 MiB allocation reported by mallinfo(arena+hblkhd)
        176270 MiB available memory on the node where the printing process lives
------------------
     ethr =  1.86E-07,  avg # of iterations =  3.0

     total cpu time spent up to now is       10.8 secs

     total energy              =    -695.32899044 Ry
     estimated scf accuracy    <       0.00001506 Ry

     iteration #  7     ecut=    30.00 Ry     beta= 0.70
     Davidson diagonalization with overlap

---- Real-time Memory Report at c_bands before calling an iterative solver
           350 MiB given to the printing process from OS
             0 MiB allocation reported by mallinfo(arena+hblkhd)
        176269 MiB available memory on the node where the printing process lives
------------------
     ethr =  2.90E-08,  avg # of iterations = 11.0

     total cpu time spent up to now is       11.3 secs

     total energy              =    -695.32899213 Ry
     estimated scf accuracy    <       0.00000250 Ry

     iteration #  8     ecut=    30.00 Ry     beta= 0.70
     Davidson diagonalization with overlap

---- Real-time Memory Report at c_bands before calling an iterative solver
           350 MiB given to the printing process from OS
             0 MiB allocation reported by mallinfo(arena+hblkhd)
        176269 MiB available memory on the node where the printing process lives
------------------
     ethr =  4.81E-09,  avg # of iterations =  3.0

     total cpu time spent up to now is       11.8 secs

     End of self-consistent calculation

          k = 0.0000 0.0000 0.0000 (   706 PWs)   bands (ev):

   -92.0665 -92.0649 -45.5558 -43.0626 -43.0625 -43.0625 -43.0614 -43.0614
   -43.0613 -14.3499 -14.3499 -14.3498   6.1908   9.1465   9.1465   9.5041
     9.5041   9.5042  10.7003  10.7003  10.7003  11.6891  11.6891  14.6213
    14.6213  14.6213  16.5904  18.1912  18.1912  19.6690  19.6691

     occupation numbers 
     1.0000   1.0000   1.0000   1.0000   1.0000   1.0000   1.0000   1.0000
     1.0000   1.0000   1.0000   1.0000   1.0000   1.0000   1.0000   1.0000
     1.0000   1.0000   1.0000   1.0000   1.0000   1.0000   1.0000   1.0000
     1.0000   1.0000  -0.0000  -0.0000  -0.0000  -0.0000  -0.0000

     the Fermi energy is    16.3049 ev

!    total energy              =    -695.32899270 Ry
     estimated scf accuracy    <       0.00000003 Ry
     smearing contrib. (-TS)   =       0.00000000 Ry
     internal energy E=F+TS    =    -695.32899270 Ry

     The total energy is F=E-TS. E is the sum of the following terms:
     one-electron contribution =    -299.53396620 Ry
     hartree contribution      =     164.82499226 Ry
     xc contribution           =     -80.86556403 Ry
     ewald contribution        =    -448.52212580 Ry
     one-center paw contrib.   =     -31.23232893 Ry
      -> PAW hartree energy AE =       0.27293430 Ry
      -> PAW hartree energy PS =      -0.27244929 Ry
      -> PAW xc energy AE      =     -32.23005803 Ry
      -> PAW xc energy PS      =       0.99724409 Ry
      -> total E_H with PAW    =     164.82547727 Ry
      -> total E_XC with PAW   =    -112.09837797 Ry

     convergence has been achieved in   8 iterations

     Forces acting on atoms (cartesian axes, Ry/au):

     atom    1 type  1   force =    -0.00000000   -0.00000000    0.00000000
     atom    2 type  2   force =     0.00000000    0.00000000   -0.00000000
     atom    3 type  3   force =     0.00000000   -0.00000000    0.00001208
     atom    4 type  3   force =     0.00000000    0.00000000   -0.00001208
     The non-local contrib.  to forces
     atom    1 type  1   force =     0.00000000    0.00000000    0.00000000
     atom    2 type  2   force =     0.00000000   -0.00000000   -0.00000000
     atom    3 type  3   force =    -0.00000000   -0.00000000   -0.00001323
     atom    4 type  3   force =     0.00000000    0.00000000    0.00001323
     The ionic contribution  to forces
     atom    1 type  1   force =    -0.00000000   -0.00000000    0.00000000
     atom    2 type  2   force =     0.00000000    0.00000000    0.00000000
     atom    3 type  3   force =    -0.00000000   -0.00000000   -0.00000000
     atom    4 type  3   force =     0.00000000    0.00000000    0.00000000
     The local contribution  to forces
     atom    1 type  1   force =     0.00006048   -0.00004821   -0.00003571
     atom    2 type  2   force =     0.00000173    0.00000253   -0.00000337
     atom    3 type  3   force =    -0.00021117   -0.00031698   -0.00008914
     atom    4 type  3   force =    -0.00006567    0.00029766    0.00031332
     The core correction contribution to forces
     atom    1 type  1   force =     0.00000197   -0.00000196   -0.00000090
     atom    2 type  2   force =     0.00000009    0.00000012   -0.00000019
     atom    3 type  3   force =     0.00000000    0.00000000    0.00000000
     atom    4 type  3   force =     0.00000000    0.00000000    0.00000000
     The Hubbard contrib.    to forces
     atom    1 type  1   force =     0.00000000    0.00000000    0.00000000
     atom    2 type  2   force =     0.00000000    0.00000000    0.00000000
     atom    3 type  3   force =     0.00000000    0.00000000    0.00000000
     atom    4 type  3   force =     0.00000000    0.00000000    0.00000000
     The SCF correction term to forces
     atom    1 type  1   force =    -0.00005270    0.00004624    0.00003120
     atom    2 type  2   force =    -0.00000043   -0.00000131    0.00000126
     atom    3 type  3   force =     0.00021196    0.00035153    0.00012042
     atom    4 type  3   force =     0.00005937   -0.00032057   -0.00033266

     Total force =     0.000017     Total SCF correction =     0.000637
     SCF correction compared to forces is large: reduce conv_thr to get better values


     Computing stress (Cartesian axis) and pressure

          total   stress  (Ry/bohr**3)                   (kbar)     P=     -627.62
  -0.00426640   0.00000000  -0.00000000         -627.61        0.00       -0.00
   0.00000000  -0.00426640   0.00000000            0.00     -627.61        0.00
   0.00000000   0.00000000  -0.00426654            0.00        0.00     -627.63

     kinetic stress (kbar)  38027.73     -0.00      0.00
                               -0.00  38027.73     -0.00
                                0.00     -0.00  38027.73

     local   stress (kbar) -11046.82     -0.00      0.02
                               -0.00 -11046.89      0.03
                                0.02      0.03 -11046.91

     nonloc. stress (kbar)   6264.69      0.00      0.00
                                0.00   6264.69     -0.00
                                0.00     -0.00   6264.69

     hartree stress (kbar)  15908.29     -0.01     -0.01
                               -0.01  15908.34     -0.02
                               -0.01     -0.02  15908.35

     exc-cor stress (kbar)  -1633.73     -0.00     -0.00
                               -0.00  -1633.73     -0.00
                               -0.00     -0.00  -1633.73

     corecor stress (kbar)  -4857.99      0.00      0.00
                                0.00  -4857.99      0.00
                                0.00      0.00  -4857.99

     ewald   stress (kbar) -43289.77     -0.00     -0.00
                               -0.00 -43289.77      0.00
                               -0.00      0.00 -43289.77

     hubbard stress (kbar)      0.00      0.00      0.00
                                0.00      0.00      0.00
                                0.00      0.00      0.00

     DFT-D   stress (kbar)      0.00      0.00      0.00
                                0.00      0.00      0.00
                                0.00      0.00      0.00

     XDM     stress (kbar)      0.00      0.00      0.00
                                0.00      0.00      0.00
                                0.00      0.00      0.00

     dft-nl  stress (kbar)      0.00      0.00      0.00
                                0.00      0.00      0.00
                                0.00      0.00      0.00

     TS-vdW  stress (kbar)      0.00      0.00      0.00
                                0.00      0.00      0.00
                                0.00      0.00      0.00


                                0.00      0.00      0.00
                                0.00      0.00      0.00


                                0.00      0.00      0.00


     Writing all to output data dir new_calculations/myprefix.save/
 
     init_run     :    145.94s CPU      8.38s WALL (       1 calls)
     electrons    :     88.80s CPU      3.33s WALL (       1 calls)
     forces       :      3.87s CPU      0.15s WALL (       1 calls)
     stress       :      3.89s CPU      0.15s WALL (       1 calls)

     Called by init_run:
     wfcinit      :     35.82s CPU      1.97s WALL (       1 calls)
     wfcinit:atom :      0.01s CPU      0.00s WALL (       1 calls)
     wfcinit:wfcr :     35.76s CPU      1.97s WALL (       1 calls)
     potinit      :     25.63s CPU      1.46s WALL (       1 calls)
     hinit0       :     82.61s CPU      4.84s WALL (       1 calls)

     Called by electrons:
     c_bands      :     65.17s CPU      2.43s WALL (       9 calls)
     sum_band     :     13.14s CPU      0.50s WALL (       9 calls)
     v_of_rho     :      2.94s CPU      0.12s WALL (       9 calls)
     v_h          :      0.31s CPU      0.01s WALL (       9 calls)
     v_xc         :      3.20s CPU      0.13s WALL (      11 calls)
     newd         :      2.81s CPU      0.12s WALL (       9 calls)
     PAW_pot      :      3.29s CPU      0.13s WALL (       9 calls)
     mix_rho      :      0.56s CPU      0.02s WALL (       9 calls)

     Called by c_bands:
     init_us_2    :      0.21s CPU      0.01s WALL (      19 calls)
     init_us_2:cp :      0.19s CPU      0.01s WALL (      19 calls)
     regterg      :     64.29s CPU      2.40s WALL (       9 calls)

     Called by sum_band:
     sum_band:wei :      0.01s CPU      0.00s WALL (       9 calls)
     sum_band:loo :      8.72s CPU      0.32s WALL (       9 calls)
     sum_band:buf :      0.01s CPU      0.00s WALL (       9 calls)
     sum_band:ini :      0.10s CPU      0.00s WALL (       9 calls)
     sum_band:cal :      1.92s CPU      0.07s WALL (       9 calls)
     sum_band:bec :      0.03s CPU      0.00s WALL (       9 calls)
     addusdens    :      3.82s CPU      0.15s WALL (       9 calls)
     addusd:skk   :      0.03s CPU      0.00s WALL (       9 calls)
     addusd:dgemm :      0.83s CPU      0.03s WALL (       9 calls)
     addusd:qvan2 :      2.50s CPU      0.09s WALL (       9 calls)

     Called by *egterg:
     rdiaghg      :      1.80s CPU      0.07s WALL (      44 calls)
     regterg:over :     15.64s CPU      0.58s WALL (      36 calls)
     regterg:upda :      1.05s CPU      0.04s WALL (      36 calls)
     regterg:last :      0.22s CPU      0.01s WALL (      18 calls)
     h_psi        :     69.33s CPU      3.21s WALL (      46 calls)
     s_psi        :      0.18s CPU      0.01s WALL (      46 calls)
     g_psi        :      0.12s CPU      0.00s WALL (      36 calls)

     Called by h_psi:
     h_psi:calbec :      4.91s CPU      0.19s WALL (      46 calls)
     vloc_psi     :     63.92s CPU      3.00s WALL (      46 calls)
     add_vuspsi   :      0.20s CPU      0.01s WALL (      46 calls)

     General routines
     calbec       :     10.15s CPU      0.39s WALL (      60 calls)
     fft          :     77.99s CPU      4.52s WALL (     118 calls)
     ffts         :     24.90s CPU      1.41s WALL (      18 calls)
     fftw         :     67.92s CPU      3.15s WALL (     910 calls)
     interpolate  :     25.06s CPU      1.41s WALL (       9 calls)
 
     Parallel routines

     PAW routines
     PAW_pot      :      3.29s CPU      0.13s WALL (       9 calls)
     PAW_symme    :      0.02s CPU      0.00s WALL (      18 calls)
 
     PWSCF        :   4m 9.65s CPU     12.56s WALL

 
   This run was terminated on:   2:58:23  21May2023            

=------------------------------------------------------------------------------=
   JOB DONE.
=------------------------------------------------------------------------------=
