
     Program PWSCF v.7.0 starts on 21May2023 at 10:59:14 

     This program is part of the open-source Quantum ESPRESSO suite
     for quantum simulation of materials; please cite
         "P. Giannozzi et al., J. Phys.:Condens. Matter 21 395502 (2009);
         "P. Giannozzi et al., J. Phys.:Condens. Matter 29 465901 (2017);
         "P. Giannozzi et al., J. Chem. Phys. 152 154105 (2020);
          URL http://www.quantum-espresso.org", 
     in publications or presentations arising from this work. More details at
     http://www.quantum-espresso.org/quote

     Parallel version (MPI & OpenMP), running on      32 processor cores
     Number of MPI processes:                 1
     Threads/MPI process:                    32

     MPI processes distributed on     1 nodes
     170820 MiB available memory on the printing compute node when the environment starts
 
     Reading input from espresso_22724.pwi
Warning: card &CELL ignored
Warning: card / ignored

     Current dimensions of program PWSCF are:
     Max number of different atomic species (ntypx) = 10
     Max number of k-points (npk) =  40000
     Max angular momentum in pseudopotentials (lmaxx) =  4
     file Al.pbe-n-kjpaw_psl.1.0.0.UPF: wavefunction(s)  3S 3P renormalized

     gamma-point specific algorithms are used
     Message from routine setup:
     using ibrav=0 with symmetry is DISCOURAGED, use correct ibrav instead

     Subspace diagonalization in iterative solution of the eigenvalue problem:
     a serial algorithm will be used

 
     G-vector sticks info
     --------------------
     sticks:   dense  smooth     PW     G-vecs:    dense   smooth      PW
     Sum        1285     649    163                30587    10849    1363
 
     Using Slab Decomposition
 


     bravais-lattice index     =            0
     lattice parameter (alat)  =       8.8297  a.u.
     unit-cell volume          =     486.7705 (a.u.)^3
     number of atoms/cell      =            4
     number of atomic types    =            3
     number of electrons       =        52.00
     number of Kohn-Sham states=           31
     kinetic-energy cutoff     =      30.0000  Ry
     charge density cutoff     =     240.0000  Ry
     scf convergence threshold =      1.0E-06
     mixing beta               =       0.7000
     number of iterations used =            8  plain     mixing
     Exchange-correlation= PBE
                           (   1   4   3   4   0   0   0)

     celldm(1)=   8.829709  celldm(2)=   0.000000  celldm(3)=   0.000000
     celldm(4)=   0.000000  celldm(5)=   0.000000  celldm(6)=   0.000000

     crystal axes: (cart. coord. in units of alat)
               a(1) = (   1.000000   0.000000   0.000000 )  
               a(2) = (   0.500000   0.866025   0.000000 )  
               a(3) = (   0.500000   0.288675   0.816497 )  

     reciprocal axes: (cart. coord. in units 2 pi/alat)
               b(1) = (  1.000000 -0.577350 -0.408248 )  
               b(2) = (  0.000000  1.154701 -0.408248 )  
               b(3) = (  0.000000  0.000000  1.224745 )  


     PseudoPot. # 1 for Sc read from file:
     /home/pragov/projects/rrg-bengioy-ad/pragov/crystal_structure_design/SSSP/Sc_ONCV_PBE-1.0.oncvpsp.upf
     MD5 check sum: e21af8023abb52e52cb7cd3133e4a229
     Pseudo is Norm-conserving, Zval = 11.0
     Generated using ONCVPSP code by D. R. Hamann
     Using radial grid of 1662 points,  6 beta functions with: 
                l(1) =   0
                l(2) =   0
                l(3) =   1
                l(4) =   1
                l(5) =   2
                l(6) =   2

     PseudoPot. # 2 for Al read from file:
     /home/pragov/projects/rrg-bengioy-ad/pragov/crystal_structure_design/SSSP/Al.pbe-n-kjpaw_psl.1.0.0.UPF
     MD5 check sum: cfc449ca30b5f3223ec38ddd88ac046d
     Pseudo is Projector augmented-wave + core cor, Zval =  3.0
     Generated using "atomic" code by A. Dal Corso  v.5.1
     Shape of augmentation charge: PSQ
     Using radial grid of 1135 points,  6 beta functions with: 
                l(1) =   0
                l(2) =   0
                l(3) =   1
                l(4) =   1
                l(5) =   2
                l(6) =   2
     Q(r) pseudized with 0 coefficients 


     PseudoPot. # 3 for Au read from file:
     /home/pragov/projects/rrg-bengioy-ad/pragov/crystal_structure_design/SSSP/Au_ONCV_PBE-1.0.oncvpsp.upf
     MD5 check sum: d14007822ba0e19f0206237467fc06c2
     Pseudo is Norm-conserving, Zval = 19.0
     Generated using ONCVPSP code by D. R. Hamann
     Using radial grid of 1278 points,  8 beta functions with: 
                l(1) =   0
                l(2) =   0
                l(3) =   1
                l(4) =   1
                l(5) =   2
                l(6) =   2
                l(7) =   3
                l(8) =   3

     atomic species   valence    mass     pseudopotential
        Sc            11.00    44.95591     Sc( 1.00)
        Al             3.00    26.98154     Al( 1.00)
        Au            19.00   196.96657     Au( 1.00)

     12 Sym. Ops., with inversion, found


                                    s                        frac. trans.

      isym =  1     identity                                     

 cryst.   s( 1) = (     1          0          0      )
                  (     0          1          0      )
                  (     0          0          1      )

 cart.    s( 1) = (  1.0000000  0.0000000 -0.0000000 )
                  (  0.0000000  1.0000000 -0.0000000 )
                  (  0.0000000  0.0000000  1.0000000 )


      isym =  2     180 deg rotation - cart. axis [1,0,0]        

 cryst.   s( 2) = (     1          0          0      )
                  (     1         -1          0      )
                  (     1          0         -1      )

 cart.    s( 2) = (  1.0000000  0.0000000 -0.0000000 )
                  (  0.0000000 -1.0000000  0.0000000 )
                  (  0.0000000  0.0000000 -1.0000000 )


      isym =  3     120 deg rotation - cryst. axis [0,0,1]       

 cryst.   s( 3) = (    -1          1          0      )
                  (    -1          0          0      )
                  (    -1          0          1      )

 cart.    s( 3) = ( -0.5000000 -0.8660254  0.0000000 )
                  (  0.8660254 -0.5000000  0.0000000 )
                  (  0.0000000  0.0000000  1.0000000 )


      isym =  4     120 deg rotation - cryst. axis [0,0,-1]      

 cryst.   s( 4) = (     0         -1          0      )
                  (     1         -1          0      )
                  (     0         -1          1      )

 cart.    s( 4) = ( -0.5000000  0.8660254 -0.0000000 )
                  ( -0.8660254 -0.5000000  0.0000000 )
                  (  0.0000000  0.0000000  1.0000000 )


      isym =  5     180 deg rotation - cryst. axis [0,1,0]       

 cryst.   s( 5) = (     0         -1          0      )
                  (    -1          0          0      )
                  (     0          0         -1      )

 cart.    s( 5) = ( -0.5000000 -0.8660254  0.0000000 )
                  ( -0.8660254  0.5000000 -0.0000000 )
                  (  0.0000000  0.0000000 -1.0000000 )


      isym =  6     180 deg rotation - cryst. axis [1,1,0]       

 cryst.   s( 6) = (    -1          1          0      )
                  (     0          1          0      )
                  (     0          1         -1      )

 cart.    s( 6) = ( -0.5000000  0.8660254 -0.0000000 )
                  (  0.8660254  0.5000000 -0.0000000 )
                  (  0.0000000  0.0000000 -1.0000000 )


      isym =  7     inversion                                    

 cryst.   s( 7) = (    -1          0          0      )
                  (     0         -1          0      )
                  (     0          0         -1      )

 cart.    s( 7) = ( -1.0000000  0.0000000  0.0000000 )
                  (  0.0000000 -1.0000000  0.0000000 )
                  (  0.0000000  0.0000000 -1.0000000 )


      isym =  8     inv. 180 deg rotation - cart. axis [1,0,0]   

 cryst.   s( 8) = (    -1          0          0      )
                  (    -1          1          0      )
                  (    -1          0          1      )

 cart.    s( 8) = ( -1.0000000  0.0000000  0.0000000 )
                  (  0.0000000  1.0000000 -0.0000000 )
                  (  0.0000000  0.0000000  1.0000000 )


      isym =  9     inv. 120 deg rotation - cryst. axis [0,0,1]  

 cryst.   s( 9) = (     1         -1          0      )
                  (     1          0          0      )
                  (     1          0         -1      )

 cart.    s( 9) = (  0.5000000  0.8660254 -0.0000000 )
                  ( -0.8660254  0.5000000 -0.0000000 )
                  (  0.0000000  0.0000000 -1.0000000 )


      isym = 10     inv. 120 deg rotation - cryst. axis [0,0,-1] 

 cryst.   s(10) = (     0          1          0      )
                  (    -1          1          0      )
                  (     0          1         -1      )

 cart.    s(10) = (  0.5000000 -0.8660254  0.0000000 )
                  (  0.8660254  0.5000000 -0.0000000 )
                  (  0.0000000  0.0000000 -1.0000000 )


      isym = 11     inv. 180 deg rotation - cryst. axis [0,1,0]  

 cryst.   s(11) = (     0          1          0      )
                  (     1          0          0      )
                  (     0          0          1      )

 cart.    s(11) = (  0.5000000  0.8660254 -0.0000000 )
                  (  0.8660254 -0.5000000  0.0000000 )
                  (  0.0000000  0.0000000  1.0000000 )


      isym = 12     inv. 180 deg rotation - cryst. axis [1,1,0]  

 cryst.   s(12) = (     1         -1          0      )
                  (     0         -1          0      )
                  (     0         -1          1      )

 cart.    s(12) = (  0.5000000 -0.8660254  0.0000000 )
                  ( -0.8660254 -0.5000000  0.0000000 )
                  (  0.0000000  0.0000000  1.0000000 )


   Cartesian axes

     site n.     atom                  positions (alat units)
         1           Sc  tau(   1) = (   1.0000000   0.5773503   0.4082483  )
         2           Al  tau(   2) = (   0.0000000   0.0000000   0.0000000  )
         3           Au  tau(   3) = (   1.5000000   0.8660254   0.6123724  )
         4           Au  tau(   4) = (   0.5000000   0.2886751   0.2041241  )

   Crystallographic axes

     site n.     atom                  positions (cryst. coord.)
         1           Sc  tau(   1) = (  0.5000000  0.5000000  0.5000000  )
         2           Al  tau(   2) = (  0.0000000  0.0000000  0.0000000  )
         3           Au  tau(   3) = (  0.7500000  0.7500000  0.7500000  )
         4           Au  tau(   4) = (  0.2500000  0.2500000  0.2500000  )

     number of k points=     1  Methfessel-Paxton smearing, width (Ry)=  0.0010
                       cart. coord. in units 2pi/alat
        k(    1) = (   0.0000000   0.0000000   0.0000000), wk =   2.0000000

                       cryst. coord.
        k(    1) = (   0.0000000   0.0000000   0.0000000), wk =   2.0000000

     Dense  grid:    15294 G-vectors     FFT dimensions: (  45,  45,  45)

     Smooth grid:     5425 G-vectors     FFT dimensions: (  32,  32,  32)

     Dynamical RAM for                 wfc:       0.32 MB

     Dynamical RAM for     wfc (w. buffer):       0.32 MB

     Dynamical RAM for           str. fact:       0.70 MB

     Dynamical RAM for           local pot:       0.00 MB

     Dynamical RAM for          nlocal pot:       1.03 MB

     Dynamical RAM for                qrad:       8.96 MB

     Dynamical RAM for          rho,v,vnew:       2.79 MB

     Dynamical RAM for               rhoin:       0.93 MB

     Dynamical RAM for            rho*nmix:       3.73 MB

     Dynamical RAM for           G-vectors:       0.92 MB

     Dynamical RAM for          h,s,v(r/c):       0.09 MB

     Dynamical RAM for          <psi|beta>:       0.02 MB

     Dynamical RAM for                 psi:       0.64 MB

     Dynamical RAM for                hpsi:       0.64 MB

     Dynamical RAM for                spsi:       0.64 MB

     Dynamical RAM for      wfcinit/wfcrot:       0.73 MB

     Dynamical RAM for           addusdens:      46.44 MB

     Dynamical RAM for          addusforce:      46.56 MB

     Dynamical RAM for         addusstress:      52.51 MB

     Estimated static dynamical RAM per process >      20.05 MB

     Estimated max dynamical RAM per process >      76.29 MB

     Initial potential from superposition of free atoms

     starting charge      51.9949, renormalised to      52.0000
     Starting wfcs are   34 randomized atomic wfcs
     Checking if some PAW data can be deallocated... 

     total cpu time spent up to now is        4.0 secs

     Self-consistent Calculation

     iteration #  1     ecut=    30.00 Ry     beta= 0.70
     Davidson diagonalization with overlap

---- Real-time Memory Report at c_bands before calling an iterative solver
           375 MiB given to the printing process from OS
             0 MiB allocation reported by mallinfo(arena+hblkhd)
        170662 MiB available memory on the node where the printing process lives
------------------
     ethr =  1.00E-02,  avg # of iterations =  3.0

     total cpu time spent up to now is        4.2 secs

     total energy              =    -679.47024977 Ry
     estimated scf accuracy    <       0.85749475 Ry

     iteration #  2     ecut=    30.00 Ry     beta= 0.70
     Davidson diagonalization with overlap

---- Real-time Memory Report at c_bands before calling an iterative solver
           397 MiB given to the printing process from OS
             0 MiB allocation reported by mallinfo(arena+hblkhd)
        170645 MiB available memory on the node where the printing process lives
------------------
     ethr =  1.65E-03,  avg # of iterations =  5.0

     total cpu time spent up to now is        4.6 secs

     total energy              =    -679.83427244 Ry
     estimated scf accuracy    <       1.33275016 Ry

     iteration #  3     ecut=    30.00 Ry     beta= 0.70
     Davidson diagonalization with overlap

---- Real-time Memory Report at c_bands before calling an iterative solver
           399 MiB given to the printing process from OS
             0 MiB allocation reported by mallinfo(arena+hblkhd)
        170640 MiB available memory on the node where the printing process lives
------------------
     ethr =  1.65E-03,  avg # of iterations =  5.0

     total cpu time spent up to now is        4.8 secs

     total energy              =    -679.96451333 Ry
     estimated scf accuracy    <       0.06574735 Ry

     iteration #  4     ecut=    30.00 Ry     beta= 0.70
     Davidson diagonalization with overlap

---- Real-time Memory Report at c_bands before calling an iterative solver
           399 MiB given to the printing process from OS
             0 MiB allocation reported by mallinfo(arena+hblkhd)
        170640 MiB available memory on the node where the printing process lives
------------------
     ethr =  1.26E-04,  avg # of iterations =  8.0

     total cpu time spent up to now is        5.1 secs

     total energy              =    -679.98382257 Ry
     estimated scf accuracy    <       0.01069658 Ry

     iteration #  5     ecut=    30.00 Ry     beta= 0.70
     Davidson diagonalization with overlap

---- Real-time Memory Report at c_bands before calling an iterative solver
           399 MiB given to the printing process from OS
             0 MiB allocation reported by mallinfo(arena+hblkhd)
        170640 MiB available memory on the node where the printing process lives
------------------
     ethr =  2.06E-05,  avg # of iterations = 10.0

     total cpu time spent up to now is        5.2 secs

     total energy              =    -679.98300302 Ry
     estimated scf accuracy    <       0.00422653 Ry

     iteration #  6     ecut=    30.00 Ry     beta= 0.70
     Davidson diagonalization with overlap

---- Real-time Memory Report at c_bands before calling an iterative solver
           399 MiB given to the printing process from OS
             0 MiB allocation reported by mallinfo(arena+hblkhd)
        170640 MiB available memory on the node where the printing process lives
------------------
     ethr =  8.13E-06,  avg # of iterations =  5.0

     total cpu time spent up to now is        5.4 secs

     total energy              =    -679.98430722 Ry
     estimated scf accuracy    <       0.00041228 Ry

     iteration #  7     ecut=    30.00 Ry     beta= 0.70
     Davidson diagonalization with overlap

---- Real-time Memory Report at c_bands before calling an iterative solver
           399 MiB given to the printing process from OS
             0 MiB allocation reported by mallinfo(arena+hblkhd)
        170640 MiB available memory on the node where the printing process lives
------------------
     ethr =  7.93E-07,  avg # of iterations =  3.0

     total cpu time spent up to now is        5.5 secs

     total energy              =    -679.98431248 Ry
     estimated scf accuracy    <       0.00013824 Ry

     iteration #  8     ecut=    30.00 Ry     beta= 0.70
     Davidson diagonalization with overlap

---- Real-time Memory Report at c_bands before calling an iterative solver
           399 MiB given to the printing process from OS
             0 MiB allocation reported by mallinfo(arena+hblkhd)
        170641 MiB available memory on the node where the printing process lives
------------------
     ethr =  2.66E-07,  avg # of iterations =  5.0

     total cpu time spent up to now is        5.7 secs

     total energy              =    -679.98433986 Ry
     estimated scf accuracy    <       0.00000199 Ry

     iteration #  9     ecut=    30.00 Ry     beta= 0.70
     Davidson diagonalization with overlap

---- Real-time Memory Report at c_bands before calling an iterative solver
           399 MiB given to the printing process from OS
             0 MiB allocation reported by mallinfo(arena+hblkhd)
        170640 MiB available memory on the node where the printing process lives
------------------
     ethr =  3.83E-09,  avg # of iterations =  5.0

     total cpu time spent up to now is        5.9 secs

     End of self-consistent calculation

          k = 0.0000 0.0000 0.0000 (   682 PWs)   bands (ev):

   -92.3334 -92.3307 -43.3256 -43.3255 -43.3255 -43.3079 -43.3079 -43.3078
   -31.9627 -10.6815 -10.6814 -10.6813   5.3895   8.9945   8.9945   8.9945
     9.0726   9.0727  10.6494  10.6494  10.6494  11.5486  11.5487  15.2881
    15.2881  15.2881  16.9072  16.9886  17.7308  17.7308  17.7309

     occupation numbers 
     1.0000   1.0000   1.0000   1.0000   1.0000   1.0000   1.0000   1.0000
     1.0000   1.0000   1.0000   1.0000   1.0000   1.0000   1.0000   1.0000
     1.0000   1.0000   1.0000   1.0000   1.0000   1.0000   1.0000   1.0000
     1.0000   1.0000  -0.0000  -0.0000  -0.0000  -0.0000  -0.0000

     the Fermi energy is    16.1429 ev

!    total energy              =    -679.98434133 Ry
     estimated scf accuracy    <       0.00000016 Ry
     smearing contrib. (-TS)   =       0.00000000 Ry
     internal energy E=F+TS    =    -679.98434133 Ry

     The total energy is F=E-TS. E is the sum of the following terms:
     one-electron contribution =    -292.11170474 Ry
     hartree contribution      =     161.81195852 Ry
     xc contribution           =     -65.18471018 Ry
     ewald contribution        =    -449.92626078 Ry
     one-center paw contrib.   =     -34.57362416 Ry
      -> PAW hartree energy AE =       0.65693683 Ry
      -> PAW hartree energy PS =      -0.65592865 Ry
      -> PAW xc energy AE      =     -36.08697094 Ry
      -> PAW xc energy PS      =       1.51233859 Ry
      -> total E_H with PAW    =     161.81296671 Ry
      -> total E_XC with PAW   =     -99.75934253 Ry

     convergence has been achieved in   9 iterations

     Forces acting on atoms (cartesian axes, Ry/au):

     atom    1 type  1   force =     0.00000000    0.00000000    0.00000000
     atom    2 type  2   force =     0.00000000    0.00000000    0.00000000
     atom    3 type  3   force =     0.00000000    0.00000000    0.00001219
     atom    4 type  3   force =     0.00000000    0.00000000   -0.00001219
     The non-local contrib.  to forces
     atom    1 type  1   force =     0.00000000    0.00000000   -0.00000000
     atom    2 type  2   force =    -0.00000000    0.00000000    0.00000000
     atom    3 type  3   force =     0.00000000   -0.00000000   -0.00000445
     atom    4 type  3   force =    -0.00000000   -0.00000000    0.00000445
     The ionic contribution  to forces
     atom    1 type  1   force =     0.00000000    0.00000000   -0.00000000
     atom    2 type  2   force =    -0.00000000    0.00000000   -0.00000000
     atom    3 type  3   force =     0.00000000    0.00000000   -0.00000000
     atom    4 type  3   force =     0.00000000   -0.00000000    0.00000000
     The local contribution  to forces
     atom    1 type  1   force =     0.00006534    0.00001810    0.00009196
     atom    2 type  2   force =     0.00000518   -0.00000081    0.00000781
     atom    3 type  3   force =     0.00037301    0.00060762   -0.00056369
     atom    4 type  3   force =    -0.00057148   -0.00043500    0.00008285
     The core correction contribution to forces
     atom    1 type  1   force =     0.00000000    0.00000000    0.00000000
     atom    2 type  2   force =     0.00000019    0.00000013    0.00000027
     atom    3 type  3   force =     0.00000000    0.00000000    0.00000000
     atom    4 type  3   force =     0.00000000    0.00000000    0.00000000
     The Hubbard contrib.    to forces
     atom    1 type  1   force =     0.00000000    0.00000000    0.00000000
     atom    2 type  2   force =     0.00000000    0.00000000    0.00000000
     atom    3 type  3   force =     0.00000000    0.00000000    0.00000000
     atom    4 type  3   force =     0.00000000    0.00000000    0.00000000
     The SCF correction term to forces
     atom    1 type  1   force =    -0.00007329   -0.00001941   -0.00010261
     atom    2 type  2   force =    -0.00000219    0.00000087   -0.00000334
     atom    3 type  3   force =    -0.00040564   -0.00064830    0.00056096
     atom    4 type  3   force =     0.00061154    0.00050685   -0.00011886

     Total force =     0.000017     Total SCF correction =     0.001249
     SCF correction compared to forces is large: reduce conv_thr to get better values


     Computing stress (Cartesian axis) and pressure

          total   stress  (Ry/bohr**3)                   (kbar)     P=     -603.97
  -0.00410585   0.00000000   0.00000000         -603.99        0.00        0.00
   0.00000000  -0.00410585   0.00000000            0.00     -603.99        0.00
   0.00000000   0.00000000  -0.00410544            0.00        0.00     -603.93

     kinetic stress (kbar)  40587.14      0.00      0.00
                                0.00  40587.14     -0.00
                                0.00     -0.00  40587.15

     local   stress (kbar)  -7625.80      0.04      0.12
                                0.04  -7626.04      0.05
                                0.12      0.05  -7625.80

     nonloc. stress (kbar)   1591.14     -0.00     -0.00
                               -0.00   1591.14     -0.00
                               -0.00     -0.00   1591.14

     hartree stress (kbar)  16300.15     -0.04     -0.07
                               -0.04  16300.29     -0.03
                               -0.07     -0.03  16300.14

     exc-cor stress (kbar)  -5850.80     -0.00     -0.00
                               -0.00  -5850.80     -0.00
                               -0.00     -0.00  -5850.80

     corecor stress (kbar)   -282.26      0.00      0.00
                                0.00   -282.26      0.00
                                0.00      0.00   -282.26

     ewald   stress (kbar) -45323.51      0.00      0.00
                                0.00 -45323.51      0.00
                                0.00      0.00 -45323.51

     hubbard stress (kbar)      0.00      0.00      0.00
                                0.00      0.00      0.00
                                0.00      0.00      0.00

     DFT-D   stress (kbar)      0.00      0.00      0.00
                                0.00      0.00      0.00
                                0.00      0.00      0.00

     XDM     stress (kbar)      0.00      0.00      0.00
                                0.00      0.00      0.00
                                0.00      0.00      0.00

     dft-nl  stress (kbar)      0.00      0.00      0.00
                                0.00      0.00      0.00
                                0.00      0.00      0.00

     TS-vdW  stress (kbar)      0.00      0.00      0.00
                                0.00      0.00      0.00
                                0.00      0.00      0.00


                                0.00      0.00      0.00
                                0.00      0.00      0.00


                                0.00      0.00      0.00


     Writing all to output data dir new_calculations/myprefix.save/
 
     init_run     :    103.91s CPU      3.79s WALL (       1 calls)
     electrons    :     57.44s CPU      1.93s WALL (       1 calls)
     forces       :      0.97s CPU      0.03s WALL (       1 calls)
     stress       :      2.40s CPU      0.08s WALL (       1 calls)

     Called by init_run:
     wfcinit      :     19.22s CPU      0.65s WALL (       1 calls)
     wfcinit:atom :      0.02s CPU      0.00s WALL (       1 calls)
     wfcinit:wfcr :     19.15s CPU      0.65s WALL (       1 calls)
     potinit      :     18.38s CPU      0.63s WALL (       1 calls)
     hinit0       :     63.98s CPU      2.42s WALL (       1 calls)

     Called by electrons:
     c_bands      :     21.13s CPU      0.70s WALL (       9 calls)
     sum_band     :      9.97s CPU      0.34s WALL (       9 calls)
     v_of_rho     :      2.99s CPU      0.10s WALL (      10 calls)
     v_h          :      0.29s CPU      0.01s WALL (      10 calls)
     v_xc         :      3.11s CPU      0.11s WALL (      12 calls)
     newd         :      6.85s CPU      0.23s WALL (      10 calls)
     PAW_pot      :     18.14s CPU      0.62s WALL (      10 calls)
     mix_rho      :      0.61s CPU      0.02s WALL (       9 calls)

     Called by c_bands:
     init_us_2    :      0.21s CPU      0.01s WALL (      19 calls)
     init_us_2:cp :      0.18s CPU      0.01s WALL (      19 calls)
     regterg      :     20.15s CPU      0.66s WALL (       9 calls)

     Called by sum_band:
     sum_band:wei :      0.01s CPU      0.00s WALL (       9 calls)
     sum_band:loo :      2.96s CPU      0.10s WALL (       9 calls)
     sum_band:buf :      0.01s CPU      0.00s WALL (       9 calls)
     sum_band:ini :      0.11s CPU      0.00s WALL (       9 calls)
     sum_band:cal :      0.05s CPU      0.00s WALL (       9 calls)
     sum_band:bec :      0.01s CPU      0.00s WALL (       9 calls)
     addusdens    :      6.54s CPU      0.22s WALL (       9 calls)
     addusd:skk   :      0.02s CPU      0.00s WALL (       9 calls)
     addusd:dgemm :      0.82s CPU      0.03s WALL (       9 calls)
     addusd:qvan2 :      5.34s CPU      0.17s WALL (       9 calls)

     Called by *egterg:
     rdiaghg      :      2.08s CPU      0.07s WALL (      58 calls)
     regterg:over :      0.15s CPU      0.01s WALL (      49 calls)
     regterg:upda :      0.18s CPU      0.01s WALL (      49 calls)
     regterg:last :      0.19s CPU      0.01s WALL (      18 calls)
     h_psi        :     34.47s CPU      1.15s WALL (      59 calls)
     s_psi        :      0.09s CPU      0.00s WALL (      59 calls)
     g_psi        :      0.08s CPU      0.00s WALL (      49 calls)

     Called by h_psi:
     h_psi:calbec :      0.25s CPU      0.01s WALL (      59 calls)
     vloc_psi     :     33.76s CPU      1.12s WALL (      59 calls)
     add_vuspsi   :      0.15s CPU      0.00s WALL (      59 calls)

     General routines
     calbec       :      0.21s CPU      0.01s WALL (      73 calls)
     fft          :     53.82s CPU      1.94s WALL (     128 calls)
     ffts         :     15.88s CPU      0.54s WALL (      19 calls)
     fftw         :     33.63s CPU      1.12s WALL (     956 calls)
     interpolate  :     16.11s CPU      0.55s WALL (      10 calls)
 
     Parallel routines

     PAW routines
     PAW_pot      :     18.14s CPU      0.62s WALL (      10 calls)
     PAW_symme    :      0.07s CPU      0.00s WALL (      19 calls)
 
     PWSCF        :   2m55.91s CPU      6.62s WALL

 
   This run was terminated on:  10:59:21  21May2023            

=------------------------------------------------------------------------------=
   JOB DONE.
=------------------------------------------------------------------------------=
