
     Program PWSCF v.7.0 starts on 20May2023 at 15:36:48 

     This program is part of the open-source Quantum ESPRESSO suite
     for quantum simulation of materials; please cite
         "P. Giannozzi et al., J. Phys.:Condens. Matter 21 395502 (2009);
         "P. Giannozzi et al., J. Phys.:Condens. Matter 29 465901 (2017);
         "P. Giannozzi et al., J. Chem. Phys. 152 154105 (2020);
          URL http://www.quantum-espresso.org", 
     in publications or presentations arising from this work. More details at
     http://www.quantum-espresso.org/quote

     Parallel version (MPI & OpenMP), running on      32 processor cores
     Number of MPI processes:                 1
     Threads/MPI process:                    32

     MPI processes distributed on     1 nodes
     127539 MiB available memory on the printing compute node when the environment starts
 
     Reading input from espresso_5512.pwi
Warning: card &CELL ignored
Warning: card / ignored

     Current dimensions of program PWSCF are:
     Max number of different atomic species (ntypx) = 10
     Max number of k-points (npk) =  40000
     Max angular momentum in pseudopotentials (lmaxx) =  4

     gamma-point specific algorithms are used
     Message from routine setup:
     using ibrav=0 with symmetry is DISCOURAGED, use correct ibrav instead

     Subspace diagonalization in iterative solution of the eigenvalue problem:
     a serial algorithm will be used

 
     G-vector sticks info
     --------------------
     sticks:   dense  smooth     PW     G-vecs:    dense   smooth      PW
     Sum        1867     931    235                52873    18763    2277
 
     Using Slab Decomposition
 


     bravais-lattice index     =            0
     lattice parameter (alat)  =      10.6048  a.u.
     unit-cell volume          =     843.3316 (a.u.)^3
     number of atoms/cell      =            4
     number of atomic types    =            3
     number of electrons       =        54.00
     number of Kohn-Sham states=           32
     kinetic-energy cutoff     =      30.0000  Ry
     charge density cutoff     =     240.0000  Ry
     scf convergence threshold =      1.0E-06
     mixing beta               =       0.7000
     number of iterations used =            8  plain     mixing
     Exchange-correlation= PBE
                           (   1   4   3   4   0   0   0)

     celldm(1)=  10.604848  celldm(2)=   0.000000  celldm(3)=   0.000000
     celldm(4)=   0.000000  celldm(5)=   0.000000  celldm(6)=   0.000000

     crystal axes: (cart. coord. in units of alat)
               a(1) = (   1.000000   0.000000   0.000000 )  
               a(2) = (   0.500000   0.866025   0.000000 )  
               a(3) = (   0.500000   0.288675   0.816497 )  

     reciprocal axes: (cart. coord. in units 2 pi/alat)
               b(1) = (  1.000000 -0.577350 -0.408248 )  
               b(2) = (  0.000000  1.154701 -0.408248 )  
               b(3) = (  0.000000  0.000000  1.224745 )  


     PseudoPot. # 1 for Sr read from file:
     /home/pragov/projects/rrg-bengioy-ad/pragov/crystal_structure_design/SSSP/Sr_pbe_v1.uspp.F.UPF
     MD5 check sum: 6b418c05fbe9db5448babca5e47b7a5b
     Pseudo is Ultrasoft + core correction, Zval = 10.0
     Generated by new atomic code, or converted to UPF format
     Using radial grid of  883 points,  6 beta functions with: 
                l(1) =   0
                l(2) =   0
                l(3) =   1
                l(4) =   1
                l(5) =   2
                l(6) =   2
     Q(r) pseudized with  6 coefficients,  rinner =    1.400   1.400   1.400
                                                       1.400   1.400

     PseudoPot. # 2 for Sb read from file:
     /home/pragov/projects/rrg-bengioy-ad/pragov/crystal_structure_design/SSSP/sb_pbe_v1.4.uspp.F.UPF
     MD5 check sum: 9bc50dfb53373b713f5709b9110fe27f
     Pseudo is Ultrasoft + core correction, Zval = 15.0
     Generated by new atomic code, or converted to UPF format
     Using radial grid of  891 points,  6 beta functions with: 
                l(1) =   0
                l(2) =   0
                l(3) =   1
                l(4) =   1
                l(5) =   2
                l(6) =   2
     Q(r) pseudized with  8 coefficients,  rinner =    1.350   1.350   1.350
                                                       1.350   1.350

     PseudoPot. # 3 for Au read from file:
     /home/pragov/projects/rrg-bengioy-ad/pragov/crystal_structure_design/SSSP/Au_ONCV_PBE-1.0.oncvpsp.upf
     MD5 check sum: d14007822ba0e19f0206237467fc06c2
     Pseudo is Norm-conserving, Zval = 19.0
     Generated using ONCVPSP code by D. R. Hamann
     Using radial grid of 1278 points,  8 beta functions with: 
                l(1) =   0
                l(2) =   0
                l(3) =   1
                l(4) =   1
                l(5) =   2
                l(6) =   2
                l(7) =   3
                l(8) =   3

     atomic species   valence    mass     pseudopotential
        Sr            10.00    87.62000     Sr( 1.00)
        Sb            15.00   121.76000     Sb( 1.00)
        Au            19.00   196.96657     Au( 1.00)

     12 Sym. Ops., with inversion, found


                                    s                        frac. trans.

      isym =  1     identity                                     

 cryst.   s( 1) = (     1          0          0      )
                  (     0          1          0      )
                  (     0          0          1      )

 cart.    s( 1) = (  1.0000000  0.0000000  0.0000000 )
                  (  0.0000000  1.0000000  0.0000000 )
                  (  0.0000000  0.0000000  1.0000000 )


      isym =  2     180 deg rotation - cart. axis [1,0,0]        

 cryst.   s( 2) = (     1          0          0      )
                  (     1         -1          0      )
                  (     1          0         -1      )

 cart.    s( 2) = (  1.0000000  0.0000000  0.0000000 )
                  (  0.0000000 -1.0000000 -0.0000000 )
                  (  0.0000000  0.0000000 -1.0000000 )


      isym =  3     120 deg rotation - cryst. axis [0,0,1]       

 cryst.   s( 3) = (    -1          1          0      )
                  (    -1          0          0      )
                  (    -1          0          1      )

 cart.    s( 3) = ( -0.5000000 -0.8660254 -0.0000000 )
                  (  0.8660254 -0.5000000 -0.0000000 )
                  (  0.0000000  0.0000000  1.0000000 )


      isym =  4     120 deg rotation - cryst. axis [0,0,-1]      

 cryst.   s( 4) = (     0         -1          0      )
                  (     1         -1          0      )
                  (     0         -1          1      )

 cart.    s( 4) = ( -0.5000000  0.8660254  0.0000000 )
                  ( -0.8660254 -0.5000000 -0.0000000 )
                  (  0.0000000  0.0000000  1.0000000 )


      isym =  5     180 deg rotation - cryst. axis [0,1,0]       

 cryst.   s( 5) = (     0         -1          0      )
                  (    -1          0          0      )
                  (     0          0         -1      )

 cart.    s( 5) = ( -0.5000000 -0.8660254 -0.0000000 )
                  ( -0.8660254  0.5000000  0.0000000 )
                  (  0.0000000  0.0000000 -1.0000000 )


      isym =  6     180 deg rotation - cryst. axis [1,1,0]       

 cryst.   s( 6) = (    -1          1          0      )
                  (     0          1          0      )
                  (     0          1         -1      )

 cart.    s( 6) = ( -0.5000000  0.8660254  0.0000000 )
                  (  0.8660254  0.5000000  0.0000000 )
                  (  0.0000000  0.0000000 -1.0000000 )


      isym =  7     inversion                                    

 cryst.   s( 7) = (    -1          0          0      )
                  (     0         -1          0      )
                  (     0          0         -1      )

 cart.    s( 7) = ( -1.0000000  0.0000000  0.0000000 )
                  (  0.0000000 -1.0000000 -0.0000000 )
                  (  0.0000000  0.0000000 -1.0000000 )


      isym =  8     inv. 180 deg rotation - cart. axis [1,0,0]   

 cryst.   s( 8) = (    -1          0          0      )
                  (    -1          1          0      )
                  (    -1          0          1      )

 cart.    s( 8) = ( -1.0000000  0.0000000  0.0000000 )
                  (  0.0000000  1.0000000  0.0000000 )
                  (  0.0000000  0.0000000  1.0000000 )


      isym =  9     inv. 120 deg rotation - cryst. axis [0,0,1]  

 cryst.   s( 9) = (     1         -1          0      )
                  (     1          0          0      )
                  (     1          0         -1      )

 cart.    s( 9) = (  0.5000000  0.8660254  0.0000000 )
                  ( -0.8660254  0.5000000  0.0000000 )
                  (  0.0000000  0.0000000 -1.0000000 )


      isym = 10     inv. 120 deg rotation - cryst. axis [0,0,-1] 

 cryst.   s(10) = (     0          1          0      )
                  (    -1          1          0      )
                  (     0          1         -1      )

 cart.    s(10) = (  0.5000000 -0.8660254 -0.0000000 )
                  (  0.8660254  0.5000000  0.0000000 )
                  (  0.0000000  0.0000000 -1.0000000 )


      isym = 11     inv. 180 deg rotation - cryst. axis [0,1,0]  

 cryst.   s(11) = (     0          1          0      )
                  (     1          0          0      )
                  (     0          0          1      )

 cart.    s(11) = (  0.5000000  0.8660254  0.0000000 )
                  (  0.8660254 -0.5000000 -0.0000000 )
                  (  0.0000000  0.0000000  1.0000000 )


      isym = 12     inv. 180 deg rotation - cryst. axis [1,1,0]  

 cryst.   s(12) = (     1         -1          0      )
                  (     0         -1          0      )
                  (     0         -1          1      )

 cart.    s(12) = (  0.5000000 -0.8660254 -0.0000000 )
                  ( -0.8660254 -0.5000000 -0.0000000 )
                  (  0.0000000  0.0000000  1.0000000 )


   Cartesian axes

     site n.     atom                  positions (alat units)
         1           Sr  tau(   1) = (   0.5000000   0.2886751   0.2041241  )
         2           Sr  tau(   2) = (   1.5000000   0.8660254   0.6123724  )
         3           Sb  tau(   3) = (   0.0000000   0.0000000   0.0000000  )
         4           Au  tau(   4) = (   1.0000000   0.5773503   0.4082483  )

   Crystallographic axes

     site n.     atom                  positions (cryst. coord.)
         1           Sr  tau(   1) = (  0.2500000  0.2500000  0.2500000  )
         2           Sr  tau(   2) = (  0.7500000  0.7500000  0.7500000  )
         3           Sb  tau(   3) = (  0.0000000  0.0000000  0.0000000  )
         4           Au  tau(   4) = (  0.5000000  0.5000000  0.5000000  )

     number of k points=     1  Methfessel-Paxton smearing, width (Ry)=  0.0010
                       cart. coord. in units 2pi/alat
        k(    1) = (   0.0000000   0.0000000   0.0000000), wk =   2.0000000

                       cryst. coord.
        k(    1) = (   0.0000000   0.0000000   0.0000000), wk =   2.0000000

     Dense  grid:    26437 G-vectors     FFT dimensions: (  54,  54,  54)

     Smooth grid:     9382 G-vectors     FFT dimensions: (  40,  40,  40)

     Dynamical RAM for                 wfc:       0.57 MB

     Dynamical RAM for     wfc (w. buffer):       0.57 MB

     Dynamical RAM for           str. fact:       1.21 MB

     Dynamical RAM for           local pot:       0.00 MB

     Dynamical RAM for          nlocal pot:       1.54 MB

     Dynamical RAM for                qrad:       8.96 MB

     Dynamical RAM for          rho,v,vnew:       4.81 MB

     Dynamical RAM for               rhoin:       1.60 MB

     Dynamical RAM for            rho*nmix:       6.45 MB

     Dynamical RAM for           G-vectors:       1.58 MB

     Dynamical RAM for          h,s,v(r/c):       0.09 MB

     Dynamical RAM for          <psi|beta>:       0.02 MB

     Dynamical RAM for                 psi:       1.14 MB

     Dynamical RAM for                hpsi:       1.14 MB

     Dynamical RAM for                spsi:       1.14 MB

     Dynamical RAM for      wfcinit/wfcrot:       1.65 MB

     Dynamical RAM for           addusdens:      80.68 MB

     Dynamical RAM for          addusforce:      81.70 MB

     Dynamical RAM for         addusstress:      90.76 MB

     Estimated static dynamical RAM per process >      27.90 MB

     Estimated max dynamical RAM per process >     125.12 MB

     Check: negative core charge=   -0.000005

     Initial potential from superposition of free atoms

     starting charge      52.9326, renormalised to      54.0000

     negative rho (up, down):  1.273E-01 0.000E+00
     Starting wfcs are   45 randomized atomic wfcs

     total cpu time spent up to now is       13.0 secs

     Self-consistent Calculation

     iteration #  1     ecut=    30.00 Ry     beta= 0.70
     Davidson diagonalization with overlap

---- Real-time Memory Report at c_bands before calling an iterative solver
           307 MiB given to the printing process from OS
             0 MiB allocation reported by mallinfo(arena+hblkhd)
        127477 MiB available memory on the node where the printing process lives
------------------
     ethr =  1.00E-02,  avg # of iterations =  4.0

     negative rho (up, down):  1.250E-01 0.000E+00

     total cpu time spent up to now is       15.3 secs

     total energy              =    -599.56711446 Ry
     estimated scf accuracy    <       1.11445486 Ry

     iteration #  2     ecut=    30.00 Ry     beta= 0.70
     Davidson diagonalization with overlap

---- Real-time Memory Report at c_bands before calling an iterative solver
           343 MiB given to the printing process from OS
             0 MiB allocation reported by mallinfo(arena+hblkhd)
        127454 MiB available memory on the node where the printing process lives
------------------
     ethr =  2.06E-03,  avg # of iterations =  3.0

     negative rho (up, down):  1.254E-01 0.000E+00

     total cpu time spent up to now is       18.2 secs

     total energy              =    -599.77353386 Ry
     estimated scf accuracy    <       1.99103621 Ry

     iteration #  3     ecut=    30.00 Ry     beta= 0.70
     Davidson diagonalization with overlap

---- Real-time Memory Report at c_bands before calling an iterative solver
           348 MiB given to the printing process from OS
             0 MiB allocation reported by mallinfo(arena+hblkhd)
        127446 MiB available memory on the node where the printing process lives
------------------
     ethr =  2.06E-03,  avg # of iterations =  2.0

     negative rho (up, down):  1.272E-01 0.000E+00

     total cpu time spent up to now is       20.2 secs

     total energy              =    -600.13392196 Ry
     estimated scf accuracy    <       0.02258782 Ry

     iteration #  4     ecut=    30.00 Ry     beta= 0.70
     Davidson diagonalization with overlap

---- Real-time Memory Report at c_bands before calling an iterative solver
           348 MiB given to the printing process from OS
             0 MiB allocation reported by mallinfo(arena+hblkhd)
        127450 MiB available memory on the node where the printing process lives
------------------
     ethr =  4.18E-05,  avg # of iterations =  4.0

     negative rho (up, down):  1.278E-01 0.000E+00

     total cpu time spent up to now is       22.8 secs

     total energy              =    -600.14233914 Ry
     estimated scf accuracy    <       0.00869399 Ry

     iteration #  5     ecut=    30.00 Ry     beta= 0.70
     Davidson diagonalization with overlap

---- Real-time Memory Report at c_bands before calling an iterative solver
           348 MiB given to the printing process from OS
             0 MiB allocation reported by mallinfo(arena+hblkhd)
        127448 MiB available memory on the node where the printing process lives
------------------
     ethr =  1.61E-05,  avg # of iterations =  2.0

     negative rho (up, down):  1.280E-01 0.000E+00

     total cpu time spent up to now is       24.4 secs

     total energy              =    -600.14416123 Ry
     estimated scf accuracy    <       0.00026802 Ry

     iteration #  6     ecut=    30.00 Ry     beta= 0.70
     Davidson diagonalization with overlap

---- Real-time Memory Report at c_bands before calling an iterative solver
           348 MiB given to the printing process from OS
             0 MiB allocation reported by mallinfo(arena+hblkhd)
        127453 MiB available memory on the node where the printing process lives
------------------
     ethr =  4.96E-07,  avg # of iterations =  3.0

     negative rho (up, down):  1.279E-01 0.000E+00

     total cpu time spent up to now is       26.5 secs

     total energy              =    -600.14421949 Ry
     estimated scf accuracy    <       0.00009269 Ry

     iteration #  7     ecut=    30.00 Ry     beta= 0.70
     Davidson diagonalization with overlap

---- Real-time Memory Report at c_bands before calling an iterative solver
           348 MiB given to the printing process from OS
             0 MiB allocation reported by mallinfo(arena+hblkhd)
        127454 MiB available memory on the node where the printing process lives
------------------
     ethr =  1.72E-07,  avg # of iterations =  2.0

     negative rho (up, down):  1.279E-01 0.000E+00

     total cpu time spent up to now is       28.3 secs

     total energy              =    -600.14424179 Ry
     estimated scf accuracy    <       0.00000341 Ry

     iteration #  8     ecut=    30.00 Ry     beta= 0.70
     Davidson diagonalization with overlap

---- Real-time Memory Report at c_bands before calling an iterative solver
           350 MiB given to the printing process from OS
             0 MiB allocation reported by mallinfo(arena+hblkhd)
        127455 MiB available memory on the node where the printing process lives
------------------
     ethr =  6.32E-09,  avg # of iterations =  2.0

     negative rho (up, down):  1.279E-01 0.000E+00

     total cpu time spent up to now is       28.6 secs

     End of self-consistent calculation

          k = 0.0000 0.0000 0.0000 (  1139 PWs)   bands (ev):

   -96.8039 -47.7478 -47.7478 -47.7478 -25.9778 -25.9396 -18.3346 -18.3346
   -18.3345 -18.3128 -18.3127  -8.0609  -8.0609  -8.0609  -7.8966  -7.8966
    -7.8966   0.8594   5.7537   5.7537   5.7786   5.7786   5.7786   6.5031
     7.7455   7.7455   7.7455  11.4878  11.4878  12.8312  12.8312  12.8312

     occupation numbers 
     1.0000   1.0000   1.0000   1.0000   1.0000   1.0000   1.0000   1.0000
     1.0000   1.0000   1.0000   1.0000   1.0000   1.0000   1.0000   1.0000
     1.0000   1.0000   1.0000   1.0000   1.0000   1.0000   1.0000   1.0000
     1.0000   1.0000   1.0000  -0.0000  -0.0000  -0.0000  -0.0000  -0.0000

     the Fermi energy is     9.5327 ev

!    total energy              =    -600.14424170 Ry
     estimated scf accuracy    <       0.00000078 Ry
     smearing contrib. (-TS)   =       0.00000000 Ry
     internal energy E=F+TS    =    -600.14424170 Ry

     The total energy is F=E-TS. E is the sum of the following terms:
     one-electron contribution =    -282.29838388 Ry
     hartree contribution      =     156.90344120 Ry
     xc contribution           =    -105.79305166 Ry
     ewald contribution        =    -368.95624736 Ry

     convergence has been achieved in   8 iterations

     negative rho (up, down):  1.279E-01 0.000E+00

     Forces acting on atoms (cartesian axes, Ry/au):

     atom    1 type  1   force =    -0.00000000    0.00000000   -0.00003439
     atom    2 type  1   force =    -0.00000000   -0.00000000    0.00003439
     atom    3 type  2   force =     0.00000000    0.00000000   -0.00000000
     atom    4 type  3   force =     0.00000000    0.00000000    0.00000000
     The non-local contrib.  to forces
     atom    1 type  1   force =    -0.00000000    0.00000000   -0.00001395
     atom    2 type  1   force =     0.00000000   -0.00000000    0.00001395
     atom    3 type  2   force =     0.00000000    0.00000000    0.00000000
     atom    4 type  3   force =    -0.00000000   -0.00000000    0.00000000
     The ionic contribution  to forces
     atom    1 type  1   force =     0.00000000    0.00000000   -0.00000000
     atom    2 type  1   force =    -0.00000000    0.00000000   -0.00000000
     atom    3 type  2   force =     0.00000000    0.00000000   -0.00000000
     atom    4 type  3   force =     0.00000000   -0.00000000    0.00000000
     The local contribution  to forces
     atom    1 type  1   force =    -0.00000195    0.00000524    0.00000219
     atom    2 type  1   force =    -0.00001897   -0.00002400    0.00002103
     atom    3 type  2   force =    -0.00023334   -0.00006574    0.00004721
     atom    4 type  3   force =     0.00070834    0.00025478   -0.00019090
     The core correction contribution to forces
     atom    1 type  1   force =     0.00000634    0.00000293    0.00000367
     atom    2 type  1   force =     0.00000139   -0.00000127   -0.00000005
     atom    3 type  2   force =    -0.00000223   -0.00000305    0.00000063
     atom    4 type  3   force =     0.00000000    0.00000000    0.00000000
     The Hubbard contrib.    to forces
     atom    1 type  1   force =     0.00000000    0.00000000    0.00000000
     atom    2 type  1   force =     0.00000000    0.00000000    0.00000000
     atom    3 type  2   force =     0.00000000    0.00000000    0.00000000
     atom    4 type  3   force =     0.00000000    0.00000000    0.00000000
     The SCF correction term to forces
     atom    1 type  1   force =     0.00000641   -0.00000270   -0.00002503
     atom    2 type  1   force =     0.00000752    0.00001511    0.00000073
     atom    3 type  2   force =     0.00026998    0.00004279   -0.00005984
     atom    4 type  3   force =    -0.00089671   -0.00028989    0.00022425

     Total force =     0.000049     Total SCF correction =     0.001009
     SCF correction compared to forces is large: reduce conv_thr to get better values


     Computing stress (Cartesian axis) and pressure


     negative rho (up, down):  1.279E-01 0.000E+00
          total   stress  (Ry/bohr**3)                   (kbar)     P=     -307.77
  -0.00209221  -0.00000000  -0.00000000         -307.77       -0.00       -0.00
   0.00000000  -0.00209221  -0.00000000            0.00     -307.77       -0.00
   0.00000000  -0.00000000  -0.00209220            0.00       -0.00     -307.77

     kinetic stress (kbar)  18575.28      0.00      0.00
                                0.00  18575.28      0.00
                                0.00      0.00  18575.26

     local   stress (kbar)  -7524.07      0.00      0.01
                                0.00  -7524.08     -0.00
                                0.01     -0.00  -7524.08

     nonloc. stress (kbar)   5253.60     -0.00     -0.00
                               -0.00   5253.60      0.00
                                0.00      0.00   5253.61

     hartree stress (kbar)   9123.06     -0.00     -0.00
                               -0.00   9123.06      0.00
                               -0.00      0.00   9123.06

     exc-cor stress (kbar)   3214.51      0.00     -0.00
                                0.00   3214.51      0.00
                               -0.00      0.00   3214.51

     corecor stress (kbar)  -7497.39     -0.00      0.00
                               -0.00  -7497.39      0.00
                                0.00      0.00  -7497.39

     ewald   stress (kbar) -21452.75     -0.00     -0.00
                               -0.00 -21452.75     -0.00
                               -0.00     -0.00 -21452.75

     hubbard stress (kbar)      0.00      0.00      0.00
                                0.00      0.00      0.00
                                0.00      0.00      0.00

     DFT-D   stress (kbar)      0.00      0.00      0.00
                                0.00      0.00      0.00
                                0.00      0.00      0.00

     XDM     stress (kbar)      0.00      0.00      0.00
                                0.00      0.00      0.00
                                0.00      0.00      0.00

     dft-nl  stress (kbar)      0.00      0.00      0.00
                                0.00      0.00      0.00
                                0.00      0.00      0.00

     TS-vdW  stress (kbar)      0.00      0.00      0.00
                                0.00      0.00      0.00
                                0.00      0.00      0.00


                                0.00      0.00      0.00
                                0.00      0.00      0.00


                                0.00      0.00      0.00


     Writing all to output data dir new_calculations/myprefix.save/
 
     init_run     :    218.38s CPU     12.79s WALL (       1 calls)
     electrons    :    436.33s CPU     15.67s WALL (       1 calls)
     forces       :      2.42s CPU      0.08s WALL (       1 calls)
     stress       :      6.99s CPU      0.23s WALL (       1 calls)

     Called by init_run:
     wfcinit      :     86.90s CPU      3.77s WALL (       1 calls)
     wfcinit:atom :      0.04s CPU      0.00s WALL (       1 calls)
     wfcinit:wfcr :     86.77s CPU      3.76s WALL (       1 calls)
     potinit      :     49.22s CPU      3.06s WALL (       1 calls)
     hinit0       :     78.89s CPU      5.76s WALL (       1 calls)

     Called by electrons:
     c_bands      :    320.92s CPU     11.49s WALL (       8 calls)
     sum_band     :     87.24s CPU      3.16s WALL (       8 calls)
     v_of_rho     :      4.67s CPU      0.18s WALL (       9 calls)
     v_h          :      0.40s CPU      0.01s WALL (       9 calls)
     v_xc         :      4.97s CPU      0.19s WALL (      11 calls)
     newd         :     24.20s CPU      0.95s WALL (       9 calls)
     mix_rho      :      1.08s CPU      0.04s WALL (       8 calls)

     Called by c_bands:
     init_us_2    :      0.20s CPU      0.01s WALL (      17 calls)
     init_us_2:cp :      0.18s CPU      0.01s WALL (      17 calls)
     regterg      :    320.08s CPU     11.46s WALL (       8 calls)

     Called by sum_band:
     sum_band:wei :      0.01s CPU      0.00s WALL (       8 calls)
     sum_band:loo :     56.09s CPU      2.00s WALL (       8 calls)
     sum_band:buf :      0.00s CPU      0.00s WALL (       8 calls)
     sum_band:ini :      0.09s CPU      0.00s WALL (       8 calls)
     sum_band:cal :      2.57s CPU      0.09s WALL (       8 calls)
     sum_band:bec :      0.22s CPU      0.01s WALL (       8 calls)
     addusdens    :     30.16s CPU      1.13s WALL (       8 calls)
     addusd:skk   :      0.10s CPU      0.01s WALL (      16 calls)
     addusd:dgemm :      4.03s CPU      0.19s WALL (      16 calls)
     addusd:qvan2 :     21.83s CPU      0.77s WALL (      16 calls)

     Called by *egterg:
     rdiaghg      :      1.16s CPU      0.04s WALL (      30 calls)
     regterg:over :     11.69s CPU      0.43s WALL (      22 calls)
     regterg:upda :      0.29s CPU      0.01s WALL (      22 calls)
     regterg:last :      0.30s CPU      0.01s WALL (      16 calls)
     h_psi        :    384.47s CPU     14.41s WALL (      31 calls)
     s_psi        :      0.13s CPU      0.00s WALL (      31 calls)
     g_psi        :      0.08s CPU      0.00s WALL (      22 calls)

     Called by h_psi:
     h_psi:calbec :     12.00s CPU      0.43s WALL (      31 calls)
     vloc_psi     :    372.12s CPU     13.96s WALL (      31 calls)
     add_vuspsi   :      0.13s CPU      0.01s WALL (      31 calls)

     General routines
     calbec       :     14.54s CPU      0.52s WALL (      44 calls)
     fft          :     72.44s CPU      4.88s WALL (     117 calls)
     ffts         :     48.79s CPU      3.02s WALL (      17 calls)
     fftw         :    419.83s CPU     15.65s WALL (     814 calls)
     interpolate  :     49.02s CPU      3.03s WALL (       9 calls)
 
     Parallel routines
 
     PWSCF        :  11m11.42s CPU     29.48s WALL

 
   This run was terminated on:  15:37:17  20May2023            

=------------------------------------------------------------------------------=
   JOB DONE.
=------------------------------------------------------------------------------=
