
     Program PWSCF v.7.0 starts on 21May2023 at  6: 6:38 

     This program is part of the open-source Quantum ESPRESSO suite
     for quantum simulation of materials; please cite
         "P. Giannozzi et al., J. Phys.:Condens. Matter 21 395502 (2009);
         "P. Giannozzi et al., J. Phys.:Condens. Matter 29 465901 (2017);
         "P. Giannozzi et al., J. Chem. Phys. 152 154105 (2020);
          URL http://www.quantum-espresso.org", 
     in publications or presentations arising from this work. More details at
     http://www.quantum-espresso.org/quote

     Parallel version (MPI & OpenMP), running on      32 processor cores
     Number of MPI processes:                 1
     Threads/MPI process:                    32

     MPI processes distributed on     1 nodes
     170848 MiB available memory on the printing compute node when the environment starts
 
     Reading input from espresso_22540.pwi
Warning: card &CELL ignored
Warning: card / ignored

     Current dimensions of program PWSCF are:
     Max number of different atomic species (ntypx) = 10
     Max number of k-points (npk) =  40000
     Max angular momentum in pseudopotentials (lmaxx) =  4

     gamma-point specific algorithms are used
     Message from routine setup:
     using ibrav=0 with symmetry is DISCOURAGED, use correct ibrav instead

     Subspace diagonalization in iterative solution of the eigenvalue problem:
     a serial algorithm will be used

 
     G-vector sticks info
     --------------------
     sticks:   dense  smooth     PW     G-vecs:    dense   smooth      PW
     Sum        1615     805    199                42615    15065    1893
 
     Using Slab Decomposition
 


     bravais-lattice index     =            0
     lattice parameter (alat)  =       9.8595  a.u.
     unit-cell volume          =     677.7251 (a.u.)^3
     number of atoms/cell      =            4
     number of atomic types    =            3
     number of electrons       =        61.00
     number of Kohn-Sham states=           37
     kinetic-energy cutoff     =      30.0000  Ry
     charge density cutoff     =     240.0000  Ry
     scf convergence threshold =      1.0E-06
     mixing beta               =       0.7000
     number of iterations used =            8  plain     mixing
     Exchange-correlation= PBE
                           (   1   4   3   4   0   0   0)

     celldm(1)=   9.859529  celldm(2)=   0.000000  celldm(3)=   0.000000
     celldm(4)=   0.000000  celldm(5)=   0.000000  celldm(6)=   0.000000

     crystal axes: (cart. coord. in units of alat)
               a(1) = (   1.000000   0.000000   0.000000 )  
               a(2) = (   0.500000   0.866025   0.000000 )  
               a(3) = (   0.500000   0.288675   0.816497 )  

     reciprocal axes: (cart. coord. in units 2 pi/alat)
               b(1) = (  1.000000 -0.577350 -0.408248 )  
               b(2) = (  0.000000  1.154701 -0.408248 )  
               b(3) = (  0.000000  0.000000  1.224745 )  


     PseudoPot. # 1 for Y  read from file:
     /home/pragov/projects/rrg-bengioy-ad/pragov/crystal_structure_design/SSSP/Y_pbe_v1.uspp.F.UPF
     MD5 check sum: 2cf71db95cafeb975fc457bd7f14888e
     Pseudo is Ultrasoft + core correction, Zval = 11.0
     Generated by new atomic code, or converted to UPF format
     Using radial grid of  885 points,  6 beta functions with: 
                l(1) =   0
                l(2) =   0
                l(3) =   1
                l(4) =   1
                l(5) =   2
                l(6) =   2
     Q(r) pseudized with  6 coefficients,  rinner =    1.200   1.200   1.200
                                                       1.200   1.200

     PseudoPot. # 2 for Ag read from file:
     /home/pragov/projects/rrg-bengioy-ad/pragov/crystal_structure_design/SSSP/Ag_ONCV_PBE-1.0.oncvpsp.upf
     MD5 check sum: 94f47bd0669c641108e45594df92fabc
     Pseudo is Norm-conserving, Zval = 19.0
     Generated using ONCVPSP code by D. R. Hamann
     Using radial grid of 1398 points,  6 beta functions with: 
                l(1) =   0
                l(2) =   0
                l(3) =   1
                l(4) =   1
                l(5) =   2
                l(6) =   2

     PseudoPot. # 3 for Hg read from file:
     /home/pragov/projects/rrg-bengioy-ad/pragov/crystal_structure_design/SSSP/Hg_ONCV_PBE-1.0.oncvpsp.upf
     MD5 check sum: dd5a8773074bfcf4280086d4d95875c4
     Pseudo is Norm-conserving, Zval = 20.0
     Generated using ONCVPSP code by D. R. Hamann
     Using radial grid of 1262 points,  8 beta functions with: 
                l(1) =   0
                l(2) =   0
                l(3) =   1
                l(4) =   1
                l(5) =   2
                l(6) =   2
                l(7) =   3
                l(8) =   3

     atomic species   valence    mass     pseudopotential
        Y             11.00    88.90584     Y ( 1.00)
        Ag            19.00   107.86820     Ag( 1.00)
        Hg            20.00   200.59200     Hg( 1.00)

     12 Sym. Ops., with inversion, found


                                    s                        frac. trans.

      isym =  1     identity                                     

 cryst.   s( 1) = (     1          0          0      )
                  (     0          1          0      )
                  (     0          0          1      )

 cart.    s( 1) = (  1.0000000  0.0000000  0.0000000 )
                  (  0.0000000  1.0000000 -0.0000000 )
                  (  0.0000000  0.0000000  1.0000000 )


      isym =  2     180 deg rotation - cart. axis [1,0,0]        

 cryst.   s( 2) = (     1          0          0      )
                  (     1         -1          0      )
                  (     1          0         -1      )

 cart.    s( 2) = (  1.0000000  0.0000000 -0.0000000 )
                  (  0.0000000 -1.0000000  0.0000000 )
                  (  0.0000000  0.0000000 -1.0000000 )


      isym =  3     120 deg rotation - cryst. axis [0,0,1]       

 cryst.   s( 3) = (    -1          1          0      )
                  (    -1          0          0      )
                  (    -1          0          1      )

 cart.    s( 3) = ( -0.5000000 -0.8660254  0.0000000 )
                  (  0.8660254 -0.5000000  0.0000000 )
                  (  0.0000000  0.0000000  1.0000000 )


      isym =  4     120 deg rotation - cryst. axis [0,0,-1]      

 cryst.   s( 4) = (     0         -1          0      )
                  (     1         -1          0      )
                  (     0         -1          1      )

 cart.    s( 4) = ( -0.5000000  0.8660254  0.0000000 )
                  ( -0.8660254 -0.5000000  0.0000000 )
                  (  0.0000000  0.0000000  1.0000000 )


      isym =  5     180 deg rotation - cryst. axis [0,1,0]       

 cryst.   s( 5) = (     0         -1          0      )
                  (    -1          0          0      )
                  (     0          0         -1      )

 cart.    s( 5) = ( -0.5000000 -0.8660254  0.0000000 )
                  ( -0.8660254  0.5000000 -0.0000000 )
                  (  0.0000000  0.0000000 -1.0000000 )


      isym =  6     180 deg rotation - cryst. axis [1,1,0]       

 cryst.   s( 6) = (    -1          1          0      )
                  (     0          1          0      )
                  (     0          1         -1      )

 cart.    s( 6) = ( -0.5000000  0.8660254 -0.0000000 )
                  (  0.8660254  0.5000000 -0.0000000 )
                  (  0.0000000  0.0000000 -1.0000000 )


      isym =  7     inversion                                    

 cryst.   s( 7) = (    -1          0          0      )
                  (     0         -1          0      )
                  (     0          0         -1      )

 cart.    s( 7) = ( -1.0000000  0.0000000  0.0000000 )
                  (  0.0000000 -1.0000000  0.0000000 )
                  (  0.0000000  0.0000000 -1.0000000 )


      isym =  8     inv. 180 deg rotation - cart. axis [1,0,0]   

 cryst.   s( 8) = (    -1          0          0      )
                  (    -1          1          0      )
                  (    -1          0          1      )

 cart.    s( 8) = ( -1.0000000  0.0000000  0.0000000 )
                  (  0.0000000  1.0000000 -0.0000000 )
                  (  0.0000000  0.0000000  1.0000000 )


      isym =  9     inv. 120 deg rotation - cryst. axis [0,0,1]  

 cryst.   s( 9) = (     1         -1          0      )
                  (     1          0          0      )
                  (     1          0         -1      )

 cart.    s( 9) = (  0.5000000  0.8660254 -0.0000000 )
                  ( -0.8660254  0.5000000 -0.0000000 )
                  (  0.0000000  0.0000000 -1.0000000 )


      isym = 10     inv. 120 deg rotation - cryst. axis [0,0,-1] 

 cryst.   s(10) = (     0          1          0      )
                  (    -1          1          0      )
                  (     0          1         -1      )

 cart.    s(10) = (  0.5000000 -0.8660254  0.0000000 )
                  (  0.8660254  0.5000000 -0.0000000 )
                  (  0.0000000  0.0000000 -1.0000000 )


      isym = 11     inv. 180 deg rotation - cryst. axis [0,1,0]  

 cryst.   s(11) = (     0          1          0      )
                  (     1          0          0      )
                  (     0          0          1      )

 cart.    s(11) = (  0.5000000  0.8660254  0.0000000 )
                  (  0.8660254 -0.5000000  0.0000000 )
                  (  0.0000000  0.0000000  1.0000000 )


      isym = 12     inv. 180 deg rotation - cryst. axis [1,1,0]  

 cryst.   s(12) = (     1         -1          0      )
                  (     0         -1          0      )
                  (     0         -1          1      )

 cart.    s(12) = (  0.5000000 -0.8660254  0.0000000 )
                  ( -0.8660254 -0.5000000  0.0000000 )
                  (  0.0000000  0.0000000  1.0000000 )


   Cartesian axes

     site n.     atom                  positions (alat units)
         1           Y   tau(   1) = (   1.5000000   0.8660254   0.6123724  )
         2           Y   tau(   2) = (   0.5000000   0.2886751   0.2041241  )
         3           Ag  tau(   3) = (   1.0000000   0.5773503   0.4082483  )
         4           Hg  tau(   4) = (   0.0000000   0.0000000   0.0000000  )

   Crystallographic axes

     site n.     atom                  positions (cryst. coord.)
         1           Y   tau(   1) = (  0.7500000  0.7500000  0.7500000  )
         2           Y   tau(   2) = (  0.2500000  0.2500000  0.2500000  )
         3           Ag  tau(   3) = (  0.5000000  0.5000000  0.5000000  )
         4           Hg  tau(   4) = (  0.0000000  0.0000000  0.0000000  )

     number of k points=     1  Methfessel-Paxton smearing, width (Ry)=  0.0010
                       cart. coord. in units 2pi/alat
        k(    1) = (   0.0000000   0.0000000   0.0000000), wk =   2.0000000

                       cryst. coord.
        k(    1) = (   0.0000000   0.0000000   0.0000000), wk =   2.0000000

     Dense  grid:    21308 G-vectors     FFT dimensions: (  50,  50,  50)

     Smooth grid:     7533 G-vectors     FFT dimensions: (  36,  36,  36)

     Dynamical RAM for                 wfc:       0.53 MB

     Dynamical RAM for     wfc (w. buffer):       0.53 MB

     Dynamical RAM for           str. fact:       0.98 MB

     Dynamical RAM for           local pot:       0.00 MB

     Dynamical RAM for          nlocal pot:       1.23 MB

     Dynamical RAM for                qrad:       8.96 MB

     Dynamical RAM for          rho,v,vnew:       3.84 MB

     Dynamical RAM for               rhoin:       1.28 MB

     Dynamical RAM for            rho*nmix:       5.20 MB

     Dynamical RAM for           G-vectors:       1.28 MB

     Dynamical RAM for          h,s,v(r/c):       0.13 MB

     Dynamical RAM for          <psi|beta>:       0.02 MB

     Dynamical RAM for                 psi:       1.06 MB

     Dynamical RAM for                hpsi:       1.06 MB

     Dynamical RAM for                spsi:       1.06 MB

     Dynamical RAM for      wfcinit/wfcrot:       1.37 MB

     Dynamical RAM for           addusdens:      65.03 MB

     Dynamical RAM for          addusforce:      65.85 MB

     Dynamical RAM for         addusstress:      73.16 MB

     Estimated static dynamical RAM per process >      24.16 MB

     Estimated max dynamical RAM per process >     102.52 MB

     Check: negative core charge=   -0.000005

     Initial potential from superposition of free atoms

     starting charge      60.9907, renormalised to      61.0000

     negative rho (up, down):  8.568E-02 0.000E+00
     Starting wfcs are   46 randomized atomic wfcs

     total cpu time spent up to now is        2.2 secs

     Self-consistent Calculation

     iteration #  1     ecut=    30.00 Ry     beta= 0.70
     Davidson diagonalization with overlap

---- Real-time Memory Report at c_bands before calling an iterative solver
           345 MiB given to the printing process from OS
             0 MiB allocation reported by mallinfo(arena+hblkhd)
        170711 MiB available memory on the node where the printing process lives
------------------
     ethr =  1.00E-02,  avg # of iterations =  2.0

     Threshold (ethr) on eigenvalues was too large:
     Diagonalizing with lowered threshold

     Davidson diagonalization with overlap

---- Real-time Memory Report at c_bands before calling an iterative solver
           504 MiB given to the printing process from OS
             0 MiB allocation reported by mallinfo(arena+hblkhd)
        170578 MiB available memory on the node where the printing process lives
------------------
     ethr =  5.41E-04,  avg # of iterations =  2.0

     negative rho (up, down):  8.252E-02 0.000E+00

     total cpu time spent up to now is        2.7 secs

     total energy              =    -772.06510471 Ry
     estimated scf accuracy    <       0.35028769 Ry

     iteration #  2     ecut=    30.00 Ry     beta= 0.70
     Davidson diagonalization with overlap

---- Real-time Memory Report at c_bands before calling an iterative solver
           521 MiB given to the printing process from OS
             0 MiB allocation reported by mallinfo(arena+hblkhd)
        170554 MiB available memory on the node where the printing process lives
------------------
     ethr =  5.74E-04,  avg # of iterations =  3.0

     negative rho (up, down):  8.233E-02 0.000E+00

     total cpu time spent up to now is        3.0 secs

     total energy              =    -772.12464345 Ry
     estimated scf accuracy    <       0.60054080 Ry

     iteration #  3     ecut=    30.00 Ry     beta= 0.70
     Davidson diagonalization with overlap

---- Real-time Memory Report at c_bands before calling an iterative solver
           525 MiB given to the printing process from OS
             0 MiB allocation reported by mallinfo(arena+hblkhd)
        170551 MiB available memory on the node where the printing process lives
------------------
     ethr =  5.74E-04,  avg # of iterations =  2.0

     negative rho (up, down):  8.223E-02 0.000E+00

     total cpu time spent up to now is        3.3 secs

     total energy              =    -772.23957986 Ry
     estimated scf accuracy    <       0.02760650 Ry

     iteration #  4     ecut=    30.00 Ry     beta= 0.70
     Davidson diagonalization with overlap

---- Real-time Memory Report at c_bands before calling an iterative solver
           525 MiB given to the printing process from OS
             0 MiB allocation reported by mallinfo(arena+hblkhd)
        170550 MiB available memory on the node where the printing process lives
------------------
     ethr =  4.53E-05,  avg # of iterations =  4.0

     negative rho (up, down):  8.197E-02 0.000E+00

     total cpu time spent up to now is        3.6 secs

     total energy              =    -772.24836784 Ry
     estimated scf accuracy    <       0.00195771 Ry

     iteration #  5     ecut=    30.00 Ry     beta= 0.70
     Davidson diagonalization with overlap

---- Real-time Memory Report at c_bands before calling an iterative solver
           526 MiB given to the printing process from OS
             0 MiB allocation reported by mallinfo(arena+hblkhd)
        170550 MiB available memory on the node where the printing process lives
------------------
     ethr =  3.21E-06,  avg # of iterations =  2.0

     negative rho (up, down):  8.175E-02 0.000E+00

     total cpu time spent up to now is        3.9 secs

     total energy              =    -772.24874011 Ry
     estimated scf accuracy    <       0.00014535 Ry

     iteration #  6     ecut=    30.00 Ry     beta= 0.70
     Davidson diagonalization with overlap

---- Real-time Memory Report at c_bands before calling an iterative solver
           526 MiB given to the printing process from OS
             0 MiB allocation reported by mallinfo(arena+hblkhd)
        170551 MiB available memory on the node where the printing process lives
------------------
     ethr =  2.38E-07,  avg # of iterations =  2.0

     negative rho (up, down):  8.172E-02 0.000E+00

     total cpu time spent up to now is        4.2 secs

     total energy              =    -772.24876567 Ry
     estimated scf accuracy    <       0.00000379 Ry

     iteration #  7     ecut=    30.00 Ry     beta= 0.70
     Davidson diagonalization with overlap

---- Real-time Memory Report at c_bands before calling an iterative solver
           526 MiB given to the printing process from OS
             0 MiB allocation reported by mallinfo(arena+hblkhd)
        170550 MiB available memory on the node where the printing process lives
------------------
     ethr =  6.22E-09,  avg # of iterations =  4.0

     negative rho (up, down):  8.172E-02 0.000E+00

     total cpu time spent up to now is        4.5 secs

     End of self-consistent calculation

          k = 0.0000 0.0000 0.0000 (   947 PWs)   bands (ev):

  -103.4232 -80.6651 -51.2726 -51.2725 -51.2725 -43.6812 -43.6811 -43.6810
   -29.6650 -29.6199  -9.7388  -9.7388  -9.7388  -9.5562  -9.5562  -9.5562
     5.9261   5.9261   5.9262   5.9470   5.9470   6.1145   8.2055   8.2055
     8.2056   8.3183   8.3183  11.6714  11.6714  11.6714  13.1562  13.9365
    13.9365  17.2634  17.2634  17.2634  18.3760

     occupation numbers 
     1.0000   1.0000   1.0000   1.0000   1.0000   1.0000   1.0000   1.0000
     1.0000   1.0000   1.0000   1.0000   1.0000   1.0000   1.0000   1.0000
     1.0000   1.0000   1.0000   1.0000   1.0000   1.0000   1.0000   1.0000
     1.0000   1.0000   1.0000   1.0000   1.0000   1.0000   0.5000  -0.0000
    -0.0000  -0.0000  -0.0000  -0.0000  -0.0000

     the Fermi energy is    13.1562 ev

!    total energy              =    -772.24876751 Ry
     estimated scf accuracy    <       0.00000075 Ry
     smearing contrib. (-TS)   =      -0.00028209 Ry
     internal energy E=F+TS    =    -772.24848541 Ry

     The total energy is F=E-TS. E is the sum of the following terms:
     one-electron contribution =    -364.88683875 Ry
     hartree contribution      =     197.73545769 Ry
     xc contribution           =     -98.29026746 Ry
     ewald contribution        =    -506.80683689 Ry

     convergence has been achieved in   7 iterations

     negative rho (up, down):  8.172E-02 0.000E+00

     Forces acting on atoms (cartesian axes, Ry/au):

     atom    1 type  1   force =     0.00000000    0.00000000    0.00001846
     atom    2 type  1   force =     0.00000000    0.00000000   -0.00001846
     atom    3 type  2   force =    -0.00000000    0.00000000    0.00000000
     atom    4 type  3   force =     0.00000000    0.00000000   -0.00000000
     The non-local contrib.  to forces
     atom    1 type  1   force =     0.00000000   -0.00000000    0.00000224
     atom    2 type  1   force =    -0.00000000    0.00000000   -0.00000224
     atom    3 type  2   force =     0.00000000    0.00000000    0.00000000
     atom    4 type  3   force =     0.00000000    0.00000000    0.00000000
     The ionic contribution  to forces
     atom    1 type  1   force =    -0.00000000   -0.00000000   -0.00000000
     atom    2 type  1   force =    -0.00000000    0.00000000    0.00000000
     atom    3 type  2   force =    -0.00000000   -0.00000000   -0.00000000
     atom    4 type  3   force =    -0.00000000    0.00000000    0.00000000
     The local contribution  to forces
     atom    1 type  1   force =     0.00009640   -0.00018609   -0.00006891
     atom    2 type  1   force =     0.00024291   -0.00005185   -0.00017024
     atom    3 type  2   force =    -0.00063339    0.00080134   -0.00014228
     atom    4 type  3   force =    -0.00000114   -0.00001750    0.00092400
     The core correction contribution to forces
     atom    1 type  1   force =     0.00000044    0.00000066   -0.00000113
     atom    2 type  1   force =     0.00000763   -0.00000311   -0.00000318
     atom    3 type  2   force =     0.00000000    0.00000000    0.00000000
     atom    4 type  3   force =     0.00000000    0.00000000    0.00000000
     The Hubbard contrib.    to forces
     atom    1 type  1   force =     0.00000000    0.00000000    0.00000000
     atom    2 type  1   force =     0.00000000    0.00000000    0.00000000
     atom    3 type  2   force =     0.00000000    0.00000000    0.00000000
     atom    4 type  3   force =     0.00000000    0.00000000    0.00000000
     The SCF correction term to forces
     atom    1 type  1   force =    -0.00008538    0.00018875    0.00005971
     atom    2 type  1   force =    -0.00016116    0.00001362    0.00013066
     atom    3 type  2   force =     0.00080158   -0.00096889    0.00018528
     atom    4 type  3   force =    -0.00000352    0.00003925   -0.00098841

     Total force =     0.000026     Total SCF correction =     0.001638
     SCF correction compared to forces is large: reduce conv_thr to get better values


     Computing stress (Cartesian axis) and pressure


     negative rho (up, down):  8.172E-02 0.000E+00
          total   stress  (Ry/bohr**3)                   (kbar)     P=     -667.91
  -0.00454036   0.00000000   0.00000000         -667.91        0.00        0.00
   0.00000000  -0.00454036  -0.00000000            0.00     -667.91       -0.00
   0.00000000   0.00000000  -0.00454045            0.00        0.00     -667.92

     kinetic stress (kbar)  33579.09      0.00      0.00
                                0.00  33579.09      0.00
                                0.00     -0.00  33579.08

     local   stress (kbar) -13200.99     -0.00      0.02
                               -0.00 -13201.01     -0.00
                                0.02     -0.00 -13201.00

     nonloc. stress (kbar)   7092.69     -0.00      0.00
                                0.00   7092.69     -0.00
                                0.00     -0.00   7092.69

     hartree stress (kbar)  14306.62     -0.01      0.00
                               -0.01  14306.63      0.01
                                0.00      0.01  14306.64

     exc-cor stress (kbar)   -451.29     -0.00     -0.00
                               -0.00   -451.29      0.00
                               -0.00      0.00   -451.29

     corecor stress (kbar)  -5325.35      0.00     -0.00
                                0.00  -5325.35      0.00
                               -0.00      0.00  -5325.35

     ewald   stress (kbar) -36668.68      0.00     -0.00
                                0.00 -36668.68      0.00
                               -0.00      0.00 -36668.68

     hubbard stress (kbar)      0.00      0.00      0.00
                                0.00      0.00      0.00
                                0.00      0.00      0.00

     DFT-D   stress (kbar)      0.00      0.00      0.00
                                0.00      0.00      0.00
                                0.00      0.00      0.00

     XDM     stress (kbar)      0.00      0.00      0.00
                                0.00      0.00      0.00
                                0.00      0.00      0.00

     dft-nl  stress (kbar)      0.00      0.00      0.00
                                0.00      0.00      0.00
                                0.00      0.00      0.00

     TS-vdW  stress (kbar)      0.00      0.00      0.00
                                0.00      0.00      0.00
                                0.00      0.00      0.00


                                0.00      0.00      0.00
                                0.00      0.00      0.00


                                0.00      0.00      0.00


     Writing all to output data dir new_calculations/myprefix.save/
 
     init_run     :     59.13s CPU      2.05s WALL (       1 calls)
     electrons    :     70.65s CPU      2.34s WALL (       1 calls)
     forces       :      1.36s CPU      0.05s WALL (       1 calls)
     stress       :      3.37s CPU      0.11s WALL (       1 calls)

     Called by init_run:
     wfcinit      :     18.62s CPU      0.60s WALL (       1 calls)
     wfcinit:atom :      0.01s CPU      0.00s WALL (       1 calls)
     wfcinit:wfcr :     18.50s CPU      0.60s WALL (       1 calls)
     potinit      :     14.33s CPU      0.47s WALL (       1 calls)
     hinit0       :     25.53s CPU      0.94s WALL (       1 calls)

     Called by electrons:
     c_bands      :     48.25s CPU      1.54s WALL (       8 calls)
     sum_band     :     13.45s CPU      0.50s WALL (       8 calls)
     v_of_rho     :      3.35s CPU      0.11s WALL (       8 calls)
     v_h          :      0.26s CPU      0.01s WALL (       8 calls)
     v_xc         :      3.67s CPU      0.12s WALL (      10 calls)
     newd         :      5.20s CPU      0.17s WALL (       8 calls)
     mix_rho      :      0.64s CPU      0.02s WALL (       8 calls)

     Called by c_bands:
     init_us_2    :      0.18s CPU      0.01s WALL (      17 calls)
     init_us_2:cp :      0.16s CPU      0.01s WALL (      17 calls)
     regterg      :     47.58s CPU      1.52s WALL (       8 calls)

     Called by sum_band:
     sum_band:wei :      0.02s CPU      0.00s WALL (       8 calls)
     sum_band:loo :      8.44s CPU      0.27s WALL (       8 calls)
     sum_band:buf :      0.01s CPU      0.00s WALL (       8 calls)
     sum_band:ini :      0.09s CPU      0.00s WALL (       8 calls)
     sum_band:cal :      0.05s CPU      0.00s WALL (       8 calls)
     sum_band:bec :      0.01s CPU      0.00s WALL (       8 calls)
     addusdens    :      4.52s CPU      0.21s WALL (       8 calls)
     addusd:skk   :      0.04s CPU      0.00s WALL (       8 calls)
     addusd:dgemm :      0.32s CPU      0.08s WALL (       8 calls)
     addusd:qvan2 :      3.77s CPU      0.12s WALL (       8 calls)

     Called by *egterg:
     rdiaghg      :      1.62s CPU      0.06s WALL (      28 calls)
     regterg:over :      0.07s CPU      0.00s WALL (      21 calls)
     regterg:upda :      0.12s CPU      0.00s WALL (      21 calls)
     regterg:last :      0.26s CPU      0.01s WALL (      16 calls)
     h_psi        :     63.26s CPU      2.02s WALL (      30 calls)
     s_psi        :      0.04s CPU      0.00s WALL (      30 calls)
     g_psi        :      0.02s CPU      0.00s WALL (      21 calls)

     Called by h_psi:
     h_psi:calbec :      0.15s CPU      0.01s WALL (      30 calls)
     vloc_psi     :     62.87s CPU      2.01s WALL (      30 calls)
     add_vuspsi   :      0.08s CPU      0.00s WALL (      30 calls)

     General routines
     calbec       :      0.15s CPU      0.01s WALL (      43 calls)
     fft          :     15.38s CPU      0.50s WALL (     107 calls)
     ffts         :     13.64s CPU      0.45s WALL (      16 calls)
     fftw         :     66.42s CPU      2.11s WALL (     950 calls)
     interpolate  :     13.84s CPU      0.46s WALL (       8 calls)
 
     Parallel routines
 
     PWSCF        :   2m21.77s CPU      5.18s WALL

 
   This run was terminated on:   6: 6:43  21May2023            

=------------------------------------------------------------------------------=
   JOB DONE.
=------------------------------------------------------------------------------=
