
     Program PWSCF v.7.0 starts on 21May2023 at  6:45:38 

     This program is part of the open-source Quantum ESPRESSO suite
     for quantum simulation of materials; please cite
         "P. Giannozzi et al., J. Phys.:Condens. Matter 21 395502 (2009);
         "P. Giannozzi et al., J. Phys.:Condens. Matter 29 465901 (2017);
         "P. Giannozzi et al., J. Chem. Phys. 152 154105 (2020);
          URL http://www.quantum-espresso.org", 
     in publications or presentations arising from this work. More details at
     http://www.quantum-espresso.org/quote

     Parallel version (MPI & OpenMP), running on      32 processor cores
     Number of MPI processes:                 1
     Threads/MPI process:                    32

     MPI processes distributed on     1 nodes
     94160 MiB available memory on the printing compute node when the environment starts
 
     Reading input from espresso_11916.pwi
Warning: card &CELL ignored
Warning: card / ignored

     Current dimensions of program PWSCF are:
     Max number of different atomic species (ntypx) = 10
     Max number of k-points (npk) =  40000
     Max angular momentum in pseudopotentials (lmaxx) =  4

     gamma-point specific algorithms are used
     Message from routine setup:
     using ibrav=0 with symmetry is DISCOURAGED, use correct ibrav instead

     Subspace diagonalization in iterative solution of the eigenvalue problem:
     a serial algorithm will be used

 
     G-vector sticks info
     --------------------
     sticks:   dense  smooth     PW     G-vecs:    dense   smooth      PW
     Sum        1099     559    139                24045     8609    1067
 
     Using Slab Decomposition
 


     bravais-lattice index     =            0
     lattice parameter (alat)  =       8.1568  a.u.
     unit-cell volume          =     383.7520 (a.u.)^3
     number of atoms/cell      =            4
     number of atomic types    =            3
     number of electrons       =        75.00
     number of Kohn-Sham states=           46
     kinetic-energy cutoff     =      30.0000  Ry
     charge density cutoff     =     240.0000  Ry
     scf convergence threshold =      1.0E-06
     mixing beta               =       0.7000
     number of iterations used =            8  plain     mixing
     Exchange-correlation= PBE
                           (   1   4   3   4   0   0   0)

     celldm(1)=   8.156839  celldm(2)=   0.000000  celldm(3)=   0.000000
     celldm(4)=   0.000000  celldm(5)=   0.000000  celldm(6)=   0.000000

     crystal axes: (cart. coord. in units of alat)
               a(1) = (   1.000000   0.000000   0.000000 )  
               a(2) = (   0.500000   0.866025   0.000000 )  
               a(3) = (   0.500000   0.288675   0.816497 )  

     reciprocal axes: (cart. coord. in units 2 pi/alat)
               b(1) = (  1.000000 -0.577350 -0.408248 )  
               b(2) = (  0.000000  1.154701 -0.408248 )  
               b(3) = (  0.000000  0.000000  1.224745 )  


     PseudoPot. # 1 for Cu read from file:
     /home/pragov/projects/rrg-bengioy-ad/pragov/crystal_structure_design/SSSP/Cu_pbe_v1.2.uspp.F.UPF
     MD5 check sum: 6e991ff952a84172a2a52a1c1e996048
     Pseudo is Ultrasoft + core correction, Zval = 19.0
     Generated by new atomic code, or converted to UPF format
     Using radial grid of  867 points,  6 beta functions with: 
                l(1) =   0
                l(2) =   0
                l(3) =   1
                l(4) =   1
                l(5) =   2
                l(6) =   2
     Q(r) pseudized with  8 coefficients,  rinner =    1.150   1.150   1.150
                                                       1.150   1.150

     PseudoPot. # 2 for Pd read from file:
     /home/pragov/projects/rrg-bengioy-ad/pragov/crystal_structure_design/SSSP/Pd_ONCV_PBE-1.0.oncvpsp.upf
     MD5 check sum: eb77f42b51d86fb18e25f68156a31cf1
     Pseudo is Norm-conserving, Zval = 18.0
     Generated using ONCVPSP code by D. R. Hamann
     Using radial grid of 1410 points,  6 beta functions with: 
                l(1) =   0
                l(2) =   0
                l(3) =   1
                l(4) =   1
                l(5) =   2
                l(6) =   2

     PseudoPot. # 3 for Au read from file:
     /home/pragov/projects/rrg-bengioy-ad/pragov/crystal_structure_design/SSSP/Au_ONCV_PBE-1.0.oncvpsp.upf
     MD5 check sum: d14007822ba0e19f0206237467fc06c2
     Pseudo is Norm-conserving, Zval = 19.0
     Generated using ONCVPSP code by D. R. Hamann
     Using radial grid of 1278 points,  8 beta functions with: 
                l(1) =   0
                l(2) =   0
                l(3) =   1
                l(4) =   1
                l(5) =   2
                l(6) =   2
                l(7) =   3
                l(8) =   3

     atomic species   valence    mass     pseudopotential
        Cu            19.00    63.54600     Cu( 1.00)
        Pd            18.00   106.42000     Pd( 1.00)
        Au            19.00   196.96657     Au( 1.00)

     12 Sym. Ops., with inversion, found


                                    s                        frac. trans.

      isym =  1     identity                                     

 cryst.   s( 1) = (     1          0          0      )
                  (     0          1          0      )
                  (     0          0          1      )

 cart.    s( 1) = (  1.0000000  0.0000000 -0.0000000 )
                  (  0.0000000  1.0000000 -0.0000000 )
                  (  0.0000000  0.0000000  1.0000000 )


      isym =  2     180 deg rotation - cart. axis [1,0,0]        

 cryst.   s( 2) = (     1          0          0      )
                  (     1         -1          0      )
                  (     1          0         -1      )

 cart.    s( 2) = (  1.0000000  0.0000000 -0.0000000 )
                  (  0.0000000 -1.0000000  0.0000000 )
                  (  0.0000000  0.0000000 -1.0000000 )


      isym =  3     120 deg rotation - cryst. axis [0,0,1]       

 cryst.   s( 3) = (    -1          1          0      )
                  (    -1          0          0      )
                  (    -1          0          1      )

 cart.    s( 3) = ( -0.5000000 -0.8660254  0.0000000 )
                  (  0.8660254 -0.5000000 -0.0000000 )
                  (  0.0000000  0.0000000  1.0000000 )


      isym =  4     120 deg rotation - cryst. axis [0,0,-1]      

 cryst.   s( 4) = (     0         -1          0      )
                  (     1         -1          0      )
                  (     0         -1          1      )

 cart.    s( 4) = ( -0.5000000  0.8660254  0.0000000 )
                  ( -0.8660254 -0.5000000  0.0000000 )
                  (  0.0000000  0.0000000  1.0000000 )


      isym =  5     180 deg rotation - cryst. axis [0,1,0]       

 cryst.   s( 5) = (     0         -1          0      )
                  (    -1          0          0      )
                  (     0          0         -1      )

 cart.    s( 5) = ( -0.5000000 -0.8660254  0.0000000 )
                  ( -0.8660254  0.5000000  0.0000000 )
                  (  0.0000000  0.0000000 -1.0000000 )


      isym =  6     180 deg rotation - cryst. axis [1,1,0]       

 cryst.   s( 6) = (    -1          1          0      )
                  (     0          1          0      )
                  (     0          1         -1      )

 cart.    s( 6) = ( -0.5000000  0.8660254  0.0000000 )
                  (  0.8660254  0.5000000 -0.0000000 )
                  (  0.0000000  0.0000000 -1.0000000 )


      isym =  7     inversion                                    

 cryst.   s( 7) = (    -1          0          0      )
                  (     0         -1          0      )
                  (     0          0         -1      )

 cart.    s( 7) = ( -1.0000000  0.0000000  0.0000000 )
                  (  0.0000000 -1.0000000  0.0000000 )
                  (  0.0000000  0.0000000 -1.0000000 )


      isym =  8     inv. 180 deg rotation - cart. axis [1,0,0]   

 cryst.   s( 8) = (    -1          0          0      )
                  (    -1          1          0      )
                  (    -1          0          1      )

 cart.    s( 8) = ( -1.0000000  0.0000000  0.0000000 )
                  (  0.0000000  1.0000000 -0.0000000 )
                  (  0.0000000  0.0000000  1.0000000 )


      isym =  9     inv. 120 deg rotation - cryst. axis [0,0,1]  

 cryst.   s( 9) = (     1         -1          0      )
                  (     1          0          0      )
                  (     1          0         -1      )

 cart.    s( 9) = (  0.5000000  0.8660254  0.0000000 )
                  ( -0.8660254  0.5000000  0.0000000 )
                  (  0.0000000  0.0000000 -1.0000000 )


      isym = 10     inv. 120 deg rotation - cryst. axis [0,0,-1] 

 cryst.   s(10) = (     0          1          0      )
                  (    -1          1          0      )
                  (     0          1         -1      )

 cart.    s(10) = (  0.5000000 -0.8660254  0.0000000 )
                  (  0.8660254  0.5000000 -0.0000000 )
                  (  0.0000000  0.0000000 -1.0000000 )


      isym = 11     inv. 180 deg rotation - cryst. axis [0,1,0]  

 cryst.   s(11) = (     0          1          0      )
                  (     1          0          0      )
                  (     0          0          1      )

 cart.    s(11) = (  0.5000000  0.8660254  0.0000000 )
                  (  0.8660254 -0.5000000 -0.0000000 )
                  (  0.0000000  0.0000000  1.0000000 )


      isym = 12     inv. 180 deg rotation - cryst. axis [1,1,0]  

 cryst.   s(12) = (     1         -1          0      )
                  (     0         -1          0      )
                  (     0         -1          1      )

 cart.    s(12) = (  0.5000000 -0.8660254  0.0000000 )
                  ( -0.8660254 -0.5000000  0.0000000 )
                  (  0.0000000  0.0000000  1.0000000 )


   Cartesian axes

     site n.     atom                  positions (alat units)
         1           Cu  tau(   1) = (   0.5000000   0.2886751   0.2041241  )
         2           Cu  tau(   2) = (   1.5000000   0.8660254   0.6123724  )
         3           Pd  tau(   3) = (   1.0000000   0.5773503   0.4082483  )
         4           Au  tau(   4) = (   0.0000000   0.0000000   0.0000000  )

   Crystallographic axes

     site n.     atom                  positions (cryst. coord.)
         1           Cu  tau(   1) = (  0.2500000  0.2500000  0.2500000  )
         2           Cu  tau(   2) = (  0.7500000  0.7500000  0.7500000  )
         3           Pd  tau(   3) = (  0.5000000  0.5000000  0.5000000  )
         4           Au  tau(   4) = (  0.0000000  0.0000000  0.0000000  )

     number of k points=     1  Methfessel-Paxton smearing, width (Ry)=  0.0010
                       cart. coord. in units 2pi/alat
        k(    1) = (   0.0000000   0.0000000   0.0000000), wk =   2.0000000

                       cryst. coord.
        k(    1) = (   0.0000000   0.0000000   0.0000000), wk =   2.0000000

     Dense  grid:    12023 G-vectors     FFT dimensions: (  45,  45,  45)

     Smooth grid:     4305 G-vectors     FFT dimensions: (  30,  30,  30)

     Dynamical RAM for                 wfc:       0.37 MB

     Dynamical RAM for     wfc (w. buffer):       0.37 MB

     Dynamical RAM for           str. fact:       0.55 MB

     Dynamical RAM for           local pot:       0.00 MB

     Dynamical RAM for          nlocal pot:       0.70 MB

     Dynamical RAM for                qrad:       8.96 MB

     Dynamical RAM for          rho,v,vnew:       2.64 MB

     Dynamical RAM for               rhoin:       0.88 MB

     Dynamical RAM for            rho*nmix:       2.94 MB

     Dynamical RAM for           G-vectors:       0.72 MB

     Dynamical RAM for          h,s,v(r/c):       0.19 MB

     Dynamical RAM for          <psi|beta>:       0.03 MB

     Dynamical RAM for                 psi:       0.75 MB

     Dynamical RAM for                hpsi:       0.75 MB

     Dynamical RAM for                spsi:       0.75 MB

     Dynamical RAM for      wfcinit/wfcrot:       0.80 MB

     Dynamical RAM for           addusdens:      36.69 MB

     Dynamical RAM for          addusforce:      37.16 MB

     Dynamical RAM for         addusstress:      41.28 MB

     Estimated static dynamical RAM per process >      19.02 MB

     Estimated max dynamical RAM per process >      63.24 MB

     Check: negative core charge=   -0.000001

     Initial potential from superposition of free atoms

     starting charge      72.9996, renormalised to      75.0000
     Starting wfcs are   46 randomized atomic wfcs

     total cpu time spent up to now is        2.4 secs

     Self-consistent Calculation

     iteration #  1     ecut=    30.00 Ry     beta= 0.70
     Davidson diagonalization with overlap

---- Real-time Memory Report at c_bands before calling an iterative solver
           315 MiB given to the printing process from OS
             0 MiB allocation reported by mallinfo(arena+hblkhd)
         94018 MiB available memory on the node where the printing process lives
------------------
     ethr =  1.00E-02,  avg # of iterations =  7.0

     total cpu time spent up to now is        2.7 secs

     total energy              =   -1334.07418294 Ry
     estimated scf accuracy    <       1.08204893 Ry

     iteration #  2     ecut=    30.00 Ry     beta= 0.70
     Davidson diagonalization with overlap

---- Real-time Memory Report at c_bands before calling an iterative solver
           502 MiB given to the printing process from OS
             0 MiB allocation reported by mallinfo(arena+hblkhd)
         93878 MiB available memory on the node where the printing process lives
------------------
     ethr =  1.44E-03,  avg # of iterations =  3.0

     total cpu time spent up to now is        2.9 secs

     total energy              =   -1334.39826908 Ry
     estimated scf accuracy    <       0.79078477 Ry

     iteration #  3     ecut=    30.00 Ry     beta= 0.70
     Davidson diagonalization with overlap

---- Real-time Memory Report at c_bands before calling an iterative solver
           506 MiB given to the printing process from OS
             0 MiB allocation reported by mallinfo(arena+hblkhd)
         93874 MiB available memory on the node where the printing process lives
------------------
     ethr =  1.05E-03,  avg # of iterations =  2.0

     total cpu time spent up to now is        3.1 secs

     total energy              =   -1334.54684800 Ry
     estimated scf accuracy    <       0.07582132 Ry

     iteration #  4     ecut=    30.00 Ry     beta= 0.70
     Davidson diagonalization with overlap

---- Real-time Memory Report at c_bands before calling an iterative solver
           506 MiB given to the printing process from OS
             0 MiB allocation reported by mallinfo(arena+hblkhd)
         93875 MiB available memory on the node where the printing process lives
------------------
     ethr =  1.01E-04,  avg # of iterations =  2.0

     total cpu time spent up to now is        3.3 secs

     total energy              =   -1334.56187262 Ry
     estimated scf accuracy    <       0.02312316 Ry

     iteration #  5     ecut=    30.00 Ry     beta= 0.70
     Davidson diagonalization with overlap

---- Real-time Memory Report at c_bands before calling an iterative solver
           506 MiB given to the printing process from OS
             0 MiB allocation reported by mallinfo(arena+hblkhd)
         93874 MiB available memory on the node where the printing process lives
------------------
     ethr =  3.08E-05,  avg # of iterations =  2.0

     total cpu time spent up to now is        3.6 secs

     total energy              =   -1334.56608323 Ry
     estimated scf accuracy    <       0.00949983 Ry

     iteration #  6     ecut=    30.00 Ry     beta= 0.70
     Davidson diagonalization with overlap

---- Real-time Memory Report at c_bands before calling an iterative solver
           506 MiB given to the printing process from OS
             0 MiB allocation reported by mallinfo(arena+hblkhd)
         93874 MiB available memory on the node where the printing process lives
------------------
     ethr =  1.27E-05,  avg # of iterations =  2.0

     total cpu time spent up to now is        3.8 secs

     total energy              =   -1334.56767069 Ry
     estimated scf accuracy    <       0.00011250 Ry

     iteration #  7     ecut=    30.00 Ry     beta= 0.70
     Davidson diagonalization with overlap

---- Real-time Memory Report at c_bands before calling an iterative solver
           506 MiB given to the printing process from OS
             0 MiB allocation reported by mallinfo(arena+hblkhd)
         93874 MiB available memory on the node where the printing process lives
------------------
     ethr =  1.50E-07,  avg # of iterations =  3.0

     total cpu time spent up to now is        4.0 secs

     total energy              =   -1334.56769181 Ry
     estimated scf accuracy    <       0.00013842 Ry

     iteration #  8     ecut=    30.00 Ry     beta= 0.70
     Davidson diagonalization with overlap

---- Real-time Memory Report at c_bands before calling an iterative solver
           506 MiB given to the printing process from OS
             0 MiB allocation reported by mallinfo(arena+hblkhd)
         93874 MiB available memory on the node where the printing process lives
------------------
     ethr =  1.50E-07,  avg # of iterations =  2.0

     total cpu time spent up to now is        4.2 secs

     total energy              =   -1334.56770680 Ry
     estimated scf accuracy    <       0.00000732 Ry

     iteration #  9     ecut=    30.00 Ry     beta= 0.70
     Davidson diagonalization with overlap

---- Real-time Memory Report at c_bands before calling an iterative solver
           506 MiB given to the printing process from OS
             0 MiB allocation reported by mallinfo(arena+hblkhd)
         93874 MiB available memory on the node where the printing process lives
------------------
     ethr =  9.76E-09,  avg # of iterations =  2.0

     total cpu time spent up to now is        4.4 secs

     End of self-consistent calculation

          k = 0.0000 0.0000 0.0000 (   534 PWs)   bands (ev):

   -93.5100 -93.5058 -88.2886 -65.8863 -50.9027 -50.9027 -50.9027 -50.8883
   -50.8883 -50.8882 -39.3452 -39.3452 -39.3452 -31.3535 -31.3535 -31.3535
     9.1446  12.7029  12.7030  12.8472  12.8472  12.8472  15.4526  15.4526
    15.4526  15.7116  15.7116  15.7117  16.4773  16.4773  16.8948  16.8948
    17.6493  17.6493  17.6493  17.7194  17.7195  23.3819  24.5832  24.5832
    24.5832  25.2341  25.8274  25.8274  25.8274  26.6801

     occupation numbers 
     1.0000   1.0000   1.0000   1.0000   1.0000   1.0000   1.0000   1.0000
     1.0000   1.0000   1.0000   1.0000   1.0000   1.0000   1.0000   1.0000
     1.0000   1.0000   1.0000   1.0000   1.0000   1.0000   1.0000   1.0000
     1.0000   1.0000   1.0000   1.0000   1.0000   1.0000   1.0000   1.0000
     1.0000   1.0000   1.0000   1.0000   1.0000   0.5000  -0.0000  -0.0000
    -0.0000  -0.0000  -0.0000  -0.0000  -0.0000  -0.0000

     the Fermi energy is    23.3819 ev

!    total energy              =   -1334.56770841 Ry
     estimated scf accuracy    <       0.00000017 Ry
     smearing contrib. (-TS)   =      -0.00028209 Ry
     internal energy E=F+TS    =   -1334.56742631 Ry

     The total energy is F=E-TS. E is the sum of the following terms:
     one-electron contribution =    -727.19275404 Ry
     hartree contribution      =     408.30364623 Ry
     xc contribution           =    -128.14862515 Ry
     ewald contribution        =    -887.52969335 Ry

     convergence has been achieved in   9 iterations

     Forces acting on atoms (cartesian axes, Ry/au):

     atom    1 type  1   force =     0.00000000    0.00000000   -0.00010133
     atom    2 type  1   force =    -0.00000000    0.00000000    0.00010133
     atom    3 type  2   force =     0.00000000    0.00000000    0.00000000
     atom    4 type  3   force =     0.00000000    0.00000000    0.00000000
     The non-local contrib.  to forces
     atom    1 type  1   force =    -0.00000000    0.00000000   -0.00006886
     atom    2 type  1   force =     0.00000000   -0.00000000    0.00006886
     atom    3 type  2   force =     0.00000000    0.00000000    0.00000000
     atom    4 type  3   force =     0.00000000    0.00000000    0.00000000
     The ionic contribution  to forces
     atom    1 type  1   force =    -0.00000000   -0.00000000   -0.00000000
     atom    2 type  1   force =     0.00000000   -0.00000000    0.00000000
     atom    3 type  2   force =     0.00000000    0.00000000    0.00000000
     atom    4 type  3   force =    -0.00000000    0.00000000   -0.00000000
     The local contribution  to forces
     atom    1 type  1   force =     0.00005169   -0.00008356    0.00011355
     atom    2 type  1   force =    -0.00008750    0.00004319   -0.00011602
     atom    3 type  2   force =     0.00003504    0.00015533    0.00000212
     atom    4 type  3   force =     0.00003067   -0.00005291    0.00004452
     The core correction contribution to forces
     atom    1 type  1   force =     0.00000001    0.00000004   -0.00000000
     atom    2 type  1   force =    -0.00000001   -0.00000000    0.00000003
     atom    3 type  2   force =     0.00000000    0.00000000    0.00000000
     atom    4 type  3   force =     0.00000000    0.00000000    0.00000000
     The Hubbard contrib.    to forces
     atom    1 type  1   force =     0.00000000    0.00000000    0.00000000
     atom    2 type  1   force =     0.00000000    0.00000000    0.00000000
     atom    3 type  2   force =     0.00000000    0.00000000    0.00000000
     atom    4 type  3   force =     0.00000000    0.00000000    0.00000000
     The SCF correction term to forces
     atom    1 type  1   force =    -0.00006296    0.00011758   -0.00013473
     atom    2 type  1   force =     0.00012597   -0.00006029    0.00015975
     atom    3 type  2   force =    -0.00001685   -0.00018813    0.00000876
     atom    4 type  3   force =    -0.00004041    0.00006009   -0.00007140

     Total force =     0.000143     Total SCF correction =     0.000356
     SCF correction compared to forces is large: reduce conv_thr to get better values


     Computing stress (Cartesian axis) and pressure

          total   stress  (Ry/bohr**3)                   (kbar)     P=     -999.05
  -0.00679141  -0.00000000   0.00000000         -999.05       -0.00        0.00
   0.00000000  -0.00679141   0.00000000            0.00     -999.05        0.00
   0.00000000   0.00000000  -0.00679141            0.00        0.00     -999.05

     kinetic stress (kbar)  65056.40     -0.00     -0.00
                               -0.00  65056.40      0.00
                                0.00      0.00  65056.41

     local   stress (kbar) -10345.28     -0.03      0.05
                               -0.03 -10345.24      0.02
                                0.05      0.02 -10345.27

     nonloc. stress (kbar)  21123.48     -0.00     -0.00
                                0.00  21123.48      0.00
                               -0.00      0.00  21123.48

     hartree stress (kbar)  52172.20      0.02     -0.02
                                0.02  52172.18     -0.01
                               -0.02     -0.01  52172.19

     exc-cor stress (kbar) -15322.66      0.00     -0.00
                                0.00 -15322.66     -0.00
                               -0.00     -0.00 -15322.66

     corecor stress (kbar)   -276.51     -0.00     -0.00
                               -0.00   -276.51     -0.00
                               -0.00     -0.00   -276.51

     ewald   stress (kbar)-113406.69     -0.00      0.00
                               -0.00-113406.69     -0.00
                                0.00     -0.00-113406.69

     hubbard stress (kbar)      0.00      0.00      0.00
                                0.00      0.00      0.00
                                0.00      0.00      0.00

     DFT-D   stress (kbar)      0.00      0.00      0.00
                                0.00      0.00      0.00
                                0.00      0.00      0.00

     XDM     stress (kbar)      0.00      0.00      0.00
                                0.00      0.00      0.00
                                0.00      0.00      0.00

     dft-nl  stress (kbar)      0.00      0.00      0.00
                                0.00      0.00      0.00
                                0.00      0.00      0.00

     TS-vdW  stress (kbar)      0.00      0.00      0.00
                                0.00      0.00      0.00
                                0.00      0.00      0.00


                                0.00      0.00      0.00
                                0.00      0.00      0.00


                                0.00      0.00      0.00


     Writing all to output data dir new_calculations/myprefix.save/
 
     init_run     :     61.65s CPU      2.23s WALL (       1 calls)
     electrons    :     64.23s CPU      2.09s WALL (       1 calls)
     forces       :      0.97s CPU      0.03s WALL (       1 calls)
     stress       :      2.18s CPU      0.07s WALL (       1 calls)

     Called by init_run:
     wfcinit      :     15.04s CPU      0.49s WALL (       1 calls)
     wfcinit:atom :      0.01s CPU      0.00s WALL (       1 calls)
     wfcinit:wfcr :     14.95s CPU      0.49s WALL (       1 calls)
     potinit      :     12.72s CPU      0.42s WALL (       1 calls)
     hinit0       :     33.43s CPU      1.30s WALL (       1 calls)

     Called by electrons:
     c_bands      :     45.21s CPU      1.44s WALL (       9 calls)
     sum_band     :     11.67s CPU      0.41s WALL (       9 calls)
     v_of_rho     :      2.73s CPU      0.09s WALL (      10 calls)
     v_h          :      0.21s CPU      0.01s WALL (      10 calls)
     v_xc         :      2.92s CPU      0.10s WALL (      12 calls)
     newd         :      4.01s CPU      0.14s WALL (      10 calls)
     mix_rho      :      0.50s CPU      0.02s WALL (       9 calls)

     Called by c_bands:
     init_us_2    :      0.19s CPU      0.01s WALL (      19 calls)
     init_us_2:cp :      0.16s CPU      0.01s WALL (      19 calls)
     regterg      :     44.54s CPU      1.42s WALL (       9 calls)

     Called by sum_band:
     sum_band:wei :      0.02s CPU      0.00s WALL (       9 calls)
     sum_band:loo :      7.94s CPU      0.25s WALL (       9 calls)
     sum_band:buf :      0.01s CPU      0.00s WALL (       9 calls)
     sum_band:ini :      0.10s CPU      0.00s WALL (       9 calls)
     sum_band:cal :      0.04s CPU      0.00s WALL (       9 calls)
     sum_band:bec :      0.01s CPU      0.00s WALL (       9 calls)
     addusdens    :      3.36s CPU      0.14s WALL (       9 calls)
     addusd:skk   :      0.01s CPU      0.00s WALL (       9 calls)
     addusd:dgemm :      0.27s CPU      0.04s WALL (       9 calls)
     addusd:qvan2 :      2.82s CPU      0.09s WALL (       9 calls)

     Called by *egterg:
     rdiaghg      :      2.47s CPU      0.08s WALL (      34 calls)
     regterg:over :      0.07s CPU      0.00s WALL (      25 calls)
     regterg:upda :      0.11s CPU      0.00s WALL (      25 calls)
     regterg:last :      0.17s CPU      0.01s WALL (      18 calls)
     h_psi        :     56.11s CPU      1.79s WALL (      35 calls)
     s_psi        :      0.04s CPU      0.00s WALL (      35 calls)
     g_psi        :      0.02s CPU      0.00s WALL (      25 calls)

     Called by h_psi:
     h_psi:calbec :      0.14s CPU      0.01s WALL (      35 calls)
     vloc_psi     :     55.74s CPU      1.77s WALL (      35 calls)
     add_vuspsi   :      0.08s CPU      0.00s WALL (      35 calls)

     General routines
     calbec       :      0.15s CPU      0.01s WALL (      49 calls)
     fft          :     24.03s CPU      0.83s WALL (     128 calls)
     ffts         :     12.21s CPU      0.40s WALL (      19 calls)
     fftw         :     59.27s CPU      1.88s WALL (    1263 calls)
     interpolate  :     12.40s CPU      0.40s WALL (      10 calls)
 
     Parallel routines
 
     PWSCF        :   2m16.41s CPU      5.09s WALL

 
   This run was terminated on:   6:45:43  21May2023            

=------------------------------------------------------------------------------=
   JOB DONE.
=------------------------------------------------------------------------------=
