
     Program PWSCF v.7.0 starts on 21May2023 at  4: 3:49 

     This program is part of the open-source Quantum ESPRESSO suite
     for quantum simulation of materials; please cite
         "P. Giannozzi et al., J. Phys.:Condens. Matter 21 395502 (2009);
         "P. Giannozzi et al., J. Phys.:Condens. Matter 29 465901 (2017);
         "P. Giannozzi et al., J. Chem. Phys. 152 154105 (2020);
          URL http://www.quantum-espresso.org", 
     in publications or presentations arising from this work. More details at
     http://www.quantum-espresso.org/quote

     Parallel version (MPI & OpenMP), running on      32 processor cores
     Number of MPI processes:                 1
     Threads/MPI process:                    32

     MPI processes distributed on     1 nodes
     174407 MiB available memory on the printing compute node when the environment starts
 
     Reading input from espresso_15491.pwi
Warning: card &CELL ignored
Warning: card / ignored

     Current dimensions of program PWSCF are:
     Max number of different atomic species (ntypx) = 10
     Max number of k-points (npk) =  40000
     Max angular momentum in pseudopotentials (lmaxx) =  4

     gamma-point specific algorithms are used
     Message from routine setup:
     using ibrav=0 with symmetry is DISCOURAGED, use correct ibrav instead

     Subspace diagonalization in iterative solution of the eigenvalue problem:
     a serial algorithm will be used

 
     G-vector sticks info
     --------------------
     sticks:   dense  smooth     PW     G-vecs:    dense   smooth      PW
     Sum        1723     847    211                47183    16529    2085
 
     Using Slab Decomposition
 


     bravais-lattice index     =            0
     lattice parameter (alat)  =      10.1815  a.u.
     unit-cell volume          =     746.3180 (a.u.)^3
     number of atoms/cell      =            4
     number of atomic types    =            3
     number of electrons       =        46.00
     number of Kohn-Sham states=           28
     kinetic-energy cutoff     =      30.0000  Ry
     charge density cutoff     =     240.0000  Ry
     scf convergence threshold =      1.0E-06
     mixing beta               =       0.7000
     number of iterations used =            8  plain     mixing
     Exchange-correlation=  SLA  PW   PBX  PBC
                           (   1   4   3   4   0   0   0)

     celldm(1)=  10.181528  celldm(2)=   0.000000  celldm(3)=   0.000000
     celldm(4)=   0.000000  celldm(5)=   0.000000  celldm(6)=   0.000000

     crystal axes: (cart. coord. in units of alat)
               a(1) = (   1.000000   0.000000   0.000000 )  
               a(2) = (   0.500000   0.866025   0.000000 )  
               a(3) = (   0.500000   0.288675   0.816497 )  

     reciprocal axes: (cart. coord. in units 2 pi/alat)
               b(1) = (  1.000000 -0.577350 -0.408248 )  
               b(2) = (  0.000000  1.154701 -0.408248 )  
               b(3) = (  0.000000  0.000000  1.224745 )  


     PseudoPot. # 1 for Na read from file:
     /home/pragov/projects/rrg-bengioy-ad/pragov/crystal_structure_design/SSSP/na_pbe_v1.5.uspp.F.UPF
     MD5 check sum: 44600605ef58000f06b90626533354dc
     Pseudo is Ultrasoft, Zval =  9.0
     Generated by new atomic code, or converted to UPF format
     Using radial grid of  819 points,  5 beta functions with: 
                l(1) =   0
                l(2) =   0
                l(3) =   1
                l(4) =   1
                l(5) =   2
     Q(r) pseudized with  8 coefficients,  rinner =    1.250   1.250   1.250
                                                       1.250   1.250

     PseudoPot. # 2 for Tl read from file:
     /home/pragov/projects/rrg-bengioy-ad/pragov/crystal_structure_design/SSSP/Tl_pbe_v1.2.uspp.F.UPF
     MD5 check sum: b76cf1f7e72655a2b2c53cf6385d7059
     Pseudo is Ultrasoft + core correction, Zval = 13.0
     Generated by new atomic code, or converted to UPF format
     Using radial grid of  899 points,  6 beta functions with: 
                l(1) =   0
                l(2) =   0
                l(3) =   1
                l(4) =   1
                l(5) =   2
                l(6) =   2
     Q(r) pseudized with  6 coefficients,  rinner =    1.100   1.100   1.100
                                                       1.100   1.100

     PseudoPot. # 3 for Sb read from file:
     /home/pragov/projects/rrg-bengioy-ad/pragov/crystal_structure_design/SSSP/sb_pbe_v1.4.uspp.F.UPF
     MD5 check sum: 9bc50dfb53373b713f5709b9110fe27f
     Pseudo is Ultrasoft + core correction, Zval = 15.0
     Generated by new atomic code, or converted to UPF format
     Using radial grid of  891 points,  6 beta functions with: 
                l(1) =   0
                l(2) =   0
                l(3) =   1
                l(4) =   1
                l(5) =   2
                l(6) =   2
     Q(r) pseudized with  8 coefficients,  rinner =    1.350   1.350   1.350
                                                       1.350   1.350

     atomic species   valence    mass     pseudopotential
        Na             9.00    22.98977     Na( 1.00)
        Tl            13.00   204.38000     Tl( 1.00)
        Sb            15.00   121.76000     Sb( 1.00)

     12 Sym. Ops., with inversion, found


                                    s                        frac. trans.

      isym =  1     identity                                     

 cryst.   s( 1) = (     1          0          0      )
                  (     0          1          0      )
                  (     0          0          1      )

 cart.    s( 1) = (  1.0000000  0.0000000  0.0000000 )
                  (  0.0000000  1.0000000 -0.0000000 )
                  (  0.0000000  0.0000000  1.0000000 )


      isym =  2     180 deg rotation - cart. axis [1,0,0]        

 cryst.   s( 2) = (     1          0          0      )
                  (     1         -1          0      )
                  (     1          0         -1      )

 cart.    s( 2) = (  1.0000000  0.0000000  0.0000000 )
                  (  0.0000000 -1.0000000  0.0000000 )
                  (  0.0000000  0.0000000 -1.0000000 )


      isym =  3     120 deg rotation - cryst. axis [0,0,1]       

 cryst.   s( 3) = (    -1          1          0      )
                  (    -1          0          0      )
                  (    -1          0          1      )

 cart.    s( 3) = ( -0.5000000 -0.8660254  0.0000000 )
                  (  0.8660254 -0.5000000  0.0000000 )
                  (  0.0000000  0.0000000  1.0000000 )


      isym =  4     120 deg rotation - cryst. axis [0,0,-1]      

 cryst.   s( 4) = (     0         -1          0      )
                  (     1         -1          0      )
                  (     0         -1          1      )

 cart.    s( 4) = ( -0.5000000  0.8660254 -0.0000000 )
                  ( -0.8660254 -0.5000000  0.0000000 )
                  (  0.0000000  0.0000000  1.0000000 )


      isym =  5     180 deg rotation - cryst. axis [0,1,0]       

 cryst.   s( 5) = (     0         -1          0      )
                  (    -1          0          0      )
                  (     0          0         -1      )

 cart.    s( 5) = ( -0.5000000 -0.8660254  0.0000000 )
                  ( -0.8660254  0.5000000 -0.0000000 )
                  (  0.0000000  0.0000000 -1.0000000 )


      isym =  6     180 deg rotation - cryst. axis [1,1,0]       

 cryst.   s( 6) = (    -1          1          0      )
                  (     0          1          0      )
                  (     0          1         -1      )

 cart.    s( 6) = ( -0.5000000  0.8660254 -0.0000000 )
                  (  0.8660254  0.5000000 -0.0000000 )
                  (  0.0000000  0.0000000 -1.0000000 )


      isym =  7     inversion                                    

 cryst.   s( 7) = (    -1          0          0      )
                  (     0         -1          0      )
                  (     0          0         -1      )

 cart.    s( 7) = ( -1.0000000  0.0000000  0.0000000 )
                  (  0.0000000 -1.0000000  0.0000000 )
                  (  0.0000000  0.0000000 -1.0000000 )


      isym =  8     inv. 180 deg rotation - cart. axis [1,0,0]   

 cryst.   s( 8) = (    -1          0          0      )
                  (    -1          1          0      )
                  (    -1          0          1      )

 cart.    s( 8) = ( -1.0000000  0.0000000  0.0000000 )
                  (  0.0000000  1.0000000 -0.0000000 )
                  (  0.0000000  0.0000000  1.0000000 )


      isym =  9     inv. 120 deg rotation - cryst. axis [0,0,1]  

 cryst.   s( 9) = (     1         -1          0      )
                  (     1          0          0      )
                  (     1          0         -1      )

 cart.    s( 9) = (  0.5000000  0.8660254 -0.0000000 )
                  ( -0.8660254  0.5000000 -0.0000000 )
                  (  0.0000000  0.0000000 -1.0000000 )


      isym = 10     inv. 120 deg rotation - cryst. axis [0,0,-1] 

 cryst.   s(10) = (     0          1          0      )
                  (    -1          1          0      )
                  (     0          1         -1      )

 cart.    s(10) = (  0.5000000 -0.8660254  0.0000000 )
                  (  0.8660254  0.5000000 -0.0000000 )
                  (  0.0000000  0.0000000 -1.0000000 )


      isym = 11     inv. 180 deg rotation - cryst. axis [0,1,0]  

 cryst.   s(11) = (     0          1          0      )
                  (     1          0          0      )
                  (     0          0          1      )

 cart.    s(11) = (  0.5000000  0.8660254 -0.0000000 )
                  (  0.8660254 -0.5000000  0.0000000 )
                  (  0.0000000  0.0000000  1.0000000 )


      isym = 12     inv. 180 deg rotation - cryst. axis [1,1,0]  

 cryst.   s(12) = (     1         -1          0      )
                  (     0         -1          0      )
                  (     0         -1          1      )

 cart.    s(12) = (  0.5000000 -0.8660254  0.0000000 )
                  ( -0.8660254 -0.5000000  0.0000000 )
                  (  0.0000000  0.0000000  1.0000000 )


   Cartesian axes

     site n.     atom                  positions (alat units)
         1           Na  tau(   1) = (   0.5000000   0.2886751   0.2041241  )
         2           Na  tau(   2) = (   1.5000000   0.8660254   0.6123724  )
         3           Tl  tau(   3) = (   0.0000000   0.0000000   0.0000000  )
         4           Sb  tau(   4) = (   1.0000000   0.5773503   0.4082483  )

   Crystallographic axes

     site n.     atom                  positions (cryst. coord.)
         1           Na  tau(   1) = (  0.2500000  0.2500000  0.2500000  )
         2           Na  tau(   2) = (  0.7500000  0.7500000  0.7500000  )
         3           Tl  tau(   3) = (  0.0000000  0.0000000  0.0000000  )
         4           Sb  tau(   4) = (  0.5000000  0.5000000  0.5000000  )

     number of k points=     1  Methfessel-Paxton smearing, width (Ry)=  0.0010
                       cart. coord. in units 2pi/alat
        k(    1) = (   0.0000000   0.0000000   0.0000000), wk =   2.0000000

                       cryst. coord.
        k(    1) = (   0.0000000   0.0000000   0.0000000), wk =   2.0000000

     Dense  grid:    23592 G-vectors     FFT dimensions: (  54,  54,  54)

     Smooth grid:     8265 G-vectors     FFT dimensions: (  36,  36,  36)

     Dynamical RAM for                 wfc:       0.44 MB

     Dynamical RAM for     wfc (w. buffer):       0.44 MB

     Dynamical RAM for           str. fact:       1.08 MB

     Dynamical RAM for           local pot:       0.00 MB

     Dynamical RAM for          nlocal pot:       0.98 MB

     Dynamical RAM for                qrad:       3.73 MB

     Dynamical RAM for          rho,v,vnew:       4.68 MB

     Dynamical RAM for               rhoin:       1.56 MB

     Dynamical RAM for            rho*nmix:       5.76 MB

     Dynamical RAM for           G-vectors:       1.41 MB

     Dynamical RAM for          h,s,v(r/c):       0.07 MB

     Dynamical RAM for          <psi|beta>:       0.01 MB

     Dynamical RAM for                 psi:       0.88 MB

     Dynamical RAM for                hpsi:       0.88 MB

     Dynamical RAM for                spsi:       0.88 MB

     Dynamical RAM for      wfcinit/wfcrot:       0.90 MB

     Dynamical RAM for           addusdens:      67.68 MB

     Dynamical RAM for          addusforce:      68.59 MB

     Dynamical RAM for         addusstress:      72.36 MB

     Estimated static dynamical RAM per process >      21.34 MB

     Estimated max dynamical RAM per process >      99.46 MB

     Check: negative core charge=   -0.000006

     Initial potential from superposition of free atoms

     starting charge      44.9825, renormalised to      46.0000

     negative rho (up, down):  5.155E-02 0.000E+00
     Starting wfcs are   28 randomized atomic wfcs

     total cpu time spent up to now is        3.3 secs

     Self-consistent Calculation

     iteration #  1     ecut=    30.00 Ry     beta= 0.70
     Davidson diagonalization with overlap

---- Real-time Memory Report at c_bands before calling an iterative solver
           321 MiB given to the printing process from OS
             0 MiB allocation reported by mallinfo(arena+hblkhd)
        174316 MiB available memory on the node where the printing process lives
------------------
     ethr =  1.00E-02,  avg # of iterations =  2.0

     negative rho (up, down):  5.043E-02 0.000E+00

     total cpu time spent up to now is        3.6 secs

     total energy              =    -519.99323733 Ry
     estimated scf accuracy    <       0.90528413 Ry

     iteration #  2     ecut=    30.00 Ry     beta= 0.70
     Davidson diagonalization with overlap

---- Real-time Memory Report at c_bands before calling an iterative solver
           360 MiB given to the printing process from OS
             0 MiB allocation reported by mallinfo(arena+hblkhd)
        174221 MiB available memory on the node where the printing process lives
------------------
     ethr =  1.97E-03,  avg # of iterations =  2.0

     negative rho (up, down):  5.049E-02 0.000E+00

     total cpu time spent up to now is        3.9 secs

     total energy              =    -520.00961205 Ry
     estimated scf accuracy    <       1.23608206 Ry

     iteration #  3     ecut=    30.00 Ry     beta= 0.70
     Davidson diagonalization with overlap

---- Real-time Memory Report at c_bands before calling an iterative solver
           364 MiB given to the printing process from OS
             0 MiB allocation reported by mallinfo(arena+hblkhd)
        174215 MiB available memory on the node where the printing process lives
------------------
     ethr =  1.97E-03,  avg # of iterations =  2.0

     negative rho (up, down):  5.105E-02 0.000E+00

     total cpu time spent up to now is        4.2 secs

     total energy              =    -520.31938881 Ry
     estimated scf accuracy    <       0.14385906 Ry

     iteration #  4     ecut=    30.00 Ry     beta= 0.70
     Davidson diagonalization with overlap

---- Real-time Memory Report at c_bands before calling an iterative solver
           365 MiB given to the printing process from OS
             0 MiB allocation reported by mallinfo(arena+hblkhd)
        174215 MiB available memory on the node where the printing process lives
------------------
     ethr =  3.13E-04,  avg # of iterations =  2.0

     negative rho (up, down):  5.157E-02 0.000E+00

     total cpu time spent up to now is        4.4 secs

     total energy              =    -520.33442071 Ry
     estimated scf accuracy    <       0.00886391 Ry

     iteration #  5     ecut=    30.00 Ry     beta= 0.70
     Davidson diagonalization with overlap

---- Real-time Memory Report at c_bands before calling an iterative solver
           365 MiB given to the printing process from OS
             0 MiB allocation reported by mallinfo(arena+hblkhd)
        174214 MiB available memory on the node where the printing process lives
------------------
     ethr =  1.93E-05,  avg # of iterations =  7.0

     negative rho (up, down):  5.135E-02 0.000E+00

     total cpu time spent up to now is        4.8 secs

     total energy              =    -520.33738036 Ry
     estimated scf accuracy    <       0.00088580 Ry

     iteration #  6     ecut=    30.00 Ry     beta= 0.70
     Davidson diagonalization with overlap

---- Real-time Memory Report at c_bands before calling an iterative solver
           365 MiB given to the printing process from OS
             0 MiB allocation reported by mallinfo(arena+hblkhd)
        174214 MiB available memory on the node where the printing process lives
------------------
     ethr =  1.93E-06,  avg # of iterations =  2.0

     negative rho (up, down):  5.130E-02 0.000E+00

     total cpu time spent up to now is        5.1 secs

     total energy              =    -520.33746022 Ry
     estimated scf accuracy    <       0.00010461 Ry

     iteration #  7     ecut=    30.00 Ry     beta= 0.70
     Davidson diagonalization with overlap

---- Real-time Memory Report at c_bands before calling an iterative solver
           366 MiB given to the printing process from OS
             0 MiB allocation reported by mallinfo(arena+hblkhd)
        174214 MiB available memory on the node where the printing process lives
------------------
     ethr =  2.27E-07,  avg # of iterations =  2.0

     negative rho (up, down):  5.132E-02 0.000E+00

     total cpu time spent up to now is        5.3 secs

     total energy              =    -520.33748473 Ry
     estimated scf accuracy    <       0.00000465 Ry

     iteration #  8     ecut=    30.00 Ry     beta= 0.70
     Davidson diagonalization with overlap

---- Real-time Memory Report at c_bands before calling an iterative solver
           366 MiB given to the printing process from OS
             0 MiB allocation reported by mallinfo(arena+hblkhd)
        174213 MiB available memory on the node where the printing process lives
------------------
     ethr =  1.01E-08,  avg # of iterations =  3.0

     negative rho (up, down):  5.134E-02 0.000E+00

     total cpu time spent up to now is        5.6 secs

     total energy              =    -520.33748490 Ry
     estimated scf accuracy    <       0.00000109 Ry

     iteration #  9     ecut=    30.00 Ry     beta= 0.70
     Davidson diagonalization with overlap

---- Real-time Memory Report at c_bands before calling an iterative solver
           366 MiB given to the printing process from OS
             0 MiB allocation reported by mallinfo(arena+hblkhd)
        174213 MiB available memory on the node where the printing process lives
------------------
     ethr =  2.38E-09,  avg # of iterations = 12.0

     negative rho (up, down):  5.135E-02 0.000E+00

     total cpu time spent up to now is        6.0 secs

     End of self-consistent calculation

          k = 0.0000 0.0000 0.0000 (  1043 PWs)   bands (ev):

   -46.8373 -46.8367 -20.0487 -20.0487 -20.0487 -20.0212 -20.0212 -18.7407
   -18.7407 -18.7407 -18.7242 -18.7242 -18.7242  -4.8316  -4.8316  -4.8316
    -4.7570  -4.7569  -1.8983   1.8507   6.2236   6.2236   6.2236   9.4888
     9.4888   9.4888  10.5948  10.5948

     occupation numbers 
     1.0000   1.0000   1.0000   1.0000   1.0000   1.0000   1.0000   1.0000
     1.0000   1.0000   1.0000   1.0000   1.0000   1.0000   1.0000   1.0000
     1.0000   1.0000   1.0000   1.0000   1.0000   1.0000   1.0000  -0.0000
    -0.0000  -0.0000  -0.0000  -0.0000

     the Fermi energy is     7.1243 ev

!    total energy              =    -520.33748533 Ry
     estimated scf accuracy    <       0.00000021 Ry
     smearing contrib. (-TS)   =       0.00000000 Ry
     internal energy E=F+TS    =    -520.33748533 Ry

     The total energy is F=E-TS. E is the sum of the following terms:
     one-electron contribution =    -263.12485559 Ry
     hartree contribution      =     152.67252570 Ry
     xc contribution           =    -134.92806449 Ry
     ewald contribution        =    -274.95709096 Ry

     convergence has been achieved in   9 iterations

     negative rho (up, down):  5.135E-02 0.000E+00

     Forces acting on atoms (cartesian axes, Ry/au):

     atom    1 type  1   force =    -0.00000000    0.00000000   -0.00000309
     atom    2 type  1   force =     0.00000000   -0.00000000    0.00000309
     atom    3 type  2   force =     0.00000000    0.00000000    0.00000000
     atom    4 type  3   force =     0.00000000    0.00000000    0.00000000
     The non-local contrib.  to forces
     atom    1 type  1   force =     0.00000000    0.00000000    0.00000423
     atom    2 type  1   force =     0.00000000    0.00000000   -0.00000423
     atom    3 type  2   force =    -0.00000000   -0.00000000   -0.00000000
     atom    4 type  3   force =     0.00000000    0.00000000    0.00000000
     The ionic contribution  to forces
     atom    1 type  1   force =     0.00000000   -0.00000000    0.00000000
     atom    2 type  1   force =     0.00000000    0.00000000    0.00000000
     atom    3 type  2   force =    -0.00000000   -0.00000000    0.00000000
     atom    4 type  3   force =     0.00000000    0.00000000   -0.00000000
     The local contribution  to forces
     atom    1 type  1   force =    -0.00000401   -0.00001883   -0.00000494
     atom    2 type  1   force =    -0.00000316    0.00000260   -0.00000526
     atom    3 type  2   force =     0.00000956   -0.00004524    0.00014201
     atom    4 type  3   force =     0.00002186   -0.00025903    0.00000401
     The core correction contribution to forces
     atom    1 type  1   force =     0.00000000    0.00000000    0.00000000
     atom    2 type  1   force =     0.00000000    0.00000000    0.00000000
     atom    3 type  2   force =     0.00000015   -0.00000069    0.00000114
     atom    4 type  3   force =    -0.00000112   -0.00000926   -0.00000105
     The Hubbard contrib.    to forces
     atom    1 type  1   force =     0.00000000    0.00000000    0.00000000
     atom    2 type  1   force =     0.00000000    0.00000000    0.00000000
     atom    3 type  2   force =     0.00000000    0.00000000    0.00000000
     atom    4 type  3   force =     0.00000000    0.00000000    0.00000000
     The SCF correction term to forces
     atom    1 type  1   force =    -0.00000169   -0.00008187    0.00005611
     atom    2 type  1   force =    -0.00001072   -0.00012246    0.00007109
     atom    3 type  2   force =     0.00002514    0.00001960   -0.00019498
     atom    4 type  3   force =    -0.00000917    0.00028236    0.00001858

     Total force =     0.000004     Total SCF correction =     0.000386
     SCF correction compared to forces is large: reduce conv_thr to get better values


     Computing stress (Cartesian axis) and pressure


     negative rho (up, down):  5.135E-02 0.000E+00
          total   stress  (Ry/bohr**3)                   (kbar)     P=      -39.60
  -0.00026921   0.00000000  -0.00000000          -39.60        0.00       -0.00
   0.00000000  -0.00026921   0.00000000            0.00      -39.60        0.00
  -0.00000000   0.00000000  -0.00026923           -0.00        0.00      -39.61

     kinetic stress (kbar)  10930.34      0.00     -0.00
                                0.00  10930.34     -0.00
                               -0.00     -0.00  10930.34

     local   stress (kbar)  15167.61      0.00     -0.01
                                0.00  15167.60     -0.00
                               -0.01     -0.00  15167.60

     nonloc. stress (kbar) -12966.15     -0.00     -0.00
                                0.00 -12966.15      0.00
                               -0.00      0.00 -12966.15

     hartree stress (kbar)  10030.98     -0.00      0.00
                               -0.00  10030.99     -0.00
                                0.00     -0.00  10030.98

     exc-cor stress (kbar)   8925.63      0.00     -0.00
                                0.00   8925.63     -0.00
                               -0.00     -0.00   8925.63

     corecor stress (kbar) -14062.62     -0.00     -0.00
                               -0.00 -14062.62     -0.00
                               -0.00     -0.00 -14062.62

     ewald   stress (kbar) -18065.39     -0.00     -0.00
                               -0.00 -18065.39      0.00
                               -0.00      0.00 -18065.39

     hubbard stress (kbar)      0.00      0.00      0.00
                                0.00      0.00      0.00
                                0.00      0.00      0.00

     DFT-D   stress (kbar)      0.00      0.00      0.00
                                0.00      0.00      0.00
                                0.00      0.00      0.00

     XDM     stress (kbar)      0.00      0.00      0.00
                                0.00      0.00      0.00
                                0.00      0.00      0.00

     dft-nl  stress (kbar)      0.00      0.00      0.00
                                0.00      0.00      0.00
                                0.00      0.00      0.00

     TS-vdW  stress (kbar)      0.00      0.00      0.00
                                0.00      0.00      0.00
                                0.00      0.00      0.00


                                0.00      0.00      0.00
                                0.00      0.00      0.00


                                0.00      0.00      0.00


     Writing all to output data dir new_calculations/myprefix.save/
 
     init_run     :     73.21s CPU      3.05s WALL (       1 calls)
     electrons    :     83.67s CPU      2.73s WALL (       1 calls)
     forces       :      2.31s CPU      0.08s WALL (       1 calls)
     stress       :      6.54s CPU      0.22s WALL (       1 calls)

     Called by init_run:
     wfcinit      :     18.07s CPU      0.59s WALL (       1 calls)
     wfcinit:atom :      0.01s CPU      0.00s WALL (       1 calls)
     wfcinit:wfcr :     17.97s CPU      0.58s WALL (       1 calls)
     potinit      :     14.50s CPU      0.48s WALL (       1 calls)
     hinit0       :     39.08s CPU      1.92s WALL (       1 calls)

     Called by electrons:
     c_bands      :     42.11s CPU      1.34s WALL (       9 calls)
     sum_band     :     21.49s CPU      0.73s WALL (       9 calls)
     v_of_rho     :      4.61s CPU      0.15s WALL (      10 calls)
     v_h          :      0.37s CPU      0.01s WALL (      10 calls)
     v_xc         :      4.90s CPU      0.16s WALL (      12 calls)
     newd         :     15.26s CPU      0.51s WALL (      10 calls)
     mix_rho      :      0.95s CPU      0.03s WALL (       9 calls)

     Called by c_bands:
     init_us_2    :      0.19s CPU      0.01s WALL (      19 calls)
     init_us_2:cp :      0.16s CPU      0.01s WALL (      19 calls)
     regterg      :     41.58s CPU      1.32s WALL (       9 calls)

     Called by sum_band:
     sum_band:wei :      0.01s CPU      0.00s WALL (       9 calls)
     sum_band:loo :      7.16s CPU      0.23s WALL (       9 calls)
     sum_band:buf :      0.01s CPU      0.00s WALL (       9 calls)
     sum_band:ini :      0.08s CPU      0.00s WALL (       9 calls)
     sum_band:cal :      0.03s CPU      0.00s WALL (       9 calls)
     sum_band:bec :      0.02s CPU      0.00s WALL (       9 calls)
     addusdens    :     13.78s CPU      0.48s WALL (       9 calls)
     addusd:skk   :      0.05s CPU      0.00s WALL (      27 calls)
     addusd:dgemm :      2.30s CPU      0.12s WALL (      27 calls)
     addusd:qvan2 :     10.74s CPU      0.34s WALL (      27 calls)

     Called by *egterg:
     rdiaghg      :      1.23s CPU      0.04s WALL (      43 calls)
     regterg:over :      0.10s CPU      0.00s WALL (      34 calls)
     regterg:upda :      0.13s CPU      0.00s WALL (      34 calls)
     regterg:last :      0.23s CPU      0.01s WALL (      18 calls)
     h_psi        :     57.16s CPU      1.82s WALL (      44 calls)
     s_psi        :      0.04s CPU      0.00s WALL (      44 calls)
     g_psi        :      0.03s CPU      0.00s WALL (      34 calls)

     Called by h_psi:
     h_psi:calbec :      0.17s CPU      0.01s WALL (      44 calls)
     vloc_psi     :     56.73s CPU      1.81s WALL (      44 calls)
     add_vuspsi   :      0.08s CPU      0.00s WALL (      44 calls)

     General routines
     calbec       :      0.15s CPU      0.01s WALL (      58 calls)
     fft          :     29.07s CPU      1.01s WALL (     128 calls)
     ffts         :     13.76s CPU      0.45s WALL (      19 calls)
     fftw         :     59.52s CPU      1.89s WALL (     800 calls)
     interpolate  :     14.06s CPU      0.46s WALL (      10 calls)
 
     Parallel routines
 
     PWSCF        :   2m53.41s CPU      6.65s WALL

 
   This run was terminated on:   4: 3:55  21May2023            

=------------------------------------------------------------------------------=
   JOB DONE.
=------------------------------------------------------------------------------=
