
     Program PWSCF v.7.0 starts on 21May2023 at  5:39: 9 

     This program is part of the open-source Quantum ESPRESSO suite
     for quantum simulation of materials; please cite
         "P. Giannozzi et al., J. Phys.:Condens. Matter 21 395502 (2009);
         "P. Giannozzi et al., J. Phys.:Condens. Matter 29 465901 (2017);
         "P. Giannozzi et al., J. Chem. Phys. 152 154105 (2020);
          URL http://www.quantum-espresso.org", 
     in publications or presentations arising from this work. More details at
     http://www.quantum-espresso.org/quote

     Parallel version (MPI & OpenMP), running on      32 processor cores
     Number of MPI processes:                 1
     Threads/MPI process:                    32

     MPI processes distributed on     1 nodes
     169016 MiB available memory on the printing compute node when the environment starts
 
     Reading input from espresso_7019.pwi
Warning: card &CELL ignored
Warning: card / ignored

     Current dimensions of program PWSCF are:
     Max number of different atomic species (ntypx) = 10
     Max number of k-points (npk) =  40000
     Max angular momentum in pseudopotentials (lmaxx) =  4

     gamma-point specific algorithms are used
     Message from routine setup:
     using ibrav=0 with symmetry is DISCOURAGED, use correct ibrav instead

     Subspace diagonalization in iterative solution of the eigenvalue problem:
     a serial algorithm will be used

 
     G-vector sticks info
     --------------------
     sticks:   dense  smooth     PW     G-vecs:    dense   smooth      PW
     Sum        1273     637    163                29939    10489    1363
 
     Using Slab Decomposition
 


     bravais-lattice index     =            0
     lattice parameter (alat)  =       8.7559  a.u.
     unit-cell volume          =     474.6632 (a.u.)^3
     number of atoms/cell      =            4
     number of atomic types    =            3
     number of electrons       =        56.00
     number of Kohn-Sham states=           34
     kinetic-energy cutoff     =      30.0000  Ry
     charge density cutoff     =     240.0000  Ry
     scf convergence threshold =      1.0E-06
     mixing beta               =       0.7000
     number of iterations used =            8  plain     mixing
     Exchange-correlation= SLA  PW   PBE  PBE
                           (   1   4   3   4   0   0   0)

     celldm(1)=   8.755888  celldm(2)=   0.000000  celldm(3)=   0.000000
     celldm(4)=   0.000000  celldm(5)=   0.000000  celldm(6)=   0.000000

     crystal axes: (cart. coord. in units of alat)
               a(1) = (   1.000000   0.000000   0.000000 )  
               a(2) = (   0.500000   0.866025   0.000000 )  
               a(3) = (   0.500000   0.288675   0.816497 )  

     reciprocal axes: (cart. coord. in units 2 pi/alat)
               b(1) = (  1.000000 -0.577350 -0.408248 )  
               b(2) = (  0.000000  1.154701 -0.408248 )  
               b(3) = (  0.000000  0.000000  1.224745 )  


     PseudoPot. # 1 for Hf read from file:
     /home/pragov/projects/rrg-bengioy-ad/pragov/crystal_structure_design/SSSP/Hf-sp.oncvpsp.upf
     MD5 check sum: 417ed15784afe83d2e06dacf143de3f8
     Pseudo is Norm-conserving + core correction, Zval = 12.0
     Generated using ONCVPSP code by D. R. Hamann
     Using radial grid of 1656 points,  8 beta functions with: 
                l(1) =   0
                l(2) =   0
                l(3) =   1
                l(4) =   1
                l(5) =   2
                l(6) =   2
                l(7) =   3
                l(8) =   3

     PseudoPot. # 2 for Zr read from file:
     /home/pragov/projects/rrg-bengioy-ad/pragov/crystal_structure_design/SSSP/Zr_pbe_v1.uspp.F.UPF
     MD5 check sum: 5db81b1e868ab7776c4564c113de050b
     Pseudo is Ultrasoft + core correction, Zval = 12.0
     Generated by new atomic code, or converted to UPF format
     Using radial grid of  887 points,  6 beta functions with: 
                l(1) =   0
                l(2) =   0
                l(3) =   1
                l(4) =   1
                l(5) =   2
                l(6) =   2
     Q(r) pseudized with  6 coefficients,  rinner =    1.200   1.200   1.200
                                                       1.200   1.200

     PseudoPot. # 3 for Os read from file:
     /home/pragov/projects/rrg-bengioy-ad/pragov/crystal_structure_design/SSSP/Os_pbe_v1.2.uspp.F.UPF
     MD5 check sum: a3fb40a04f0c37c25c34bbc47164c9a8
     Pseudo is Ultrasoft + core correction, Zval = 16.0
     Generated by new atomic code, or converted to UPF format
     Using radial grid of  983 points,  8 beta functions with: 
                l(1) =   0
                l(2) =   0
                l(3) =   1
                l(4) =   1
                l(5) =   2
                l(6) =   2
                l(7) =   3
                l(8) =   3
     Q(r) pseudized with  8 coefficients,  rinner =    1.150   1.150   1.150
                                                       1.150   1.150   1.150
                                                       1.150

     atomic species   valence    mass     pseudopotential
        Hf            12.00   178.49000     Hf( 1.00)
        Zr            12.00    91.22400     Zr( 1.00)
        Os            16.00   190.23000     Os( 1.00)

     12 Sym. Ops., with inversion, found


                                    s                        frac. trans.

      isym =  1     identity                                     

 cryst.   s( 1) = (     1          0          0      )
                  (     0          1          0      )
                  (     0          0          1      )

 cart.    s( 1) = (  1.0000000  0.0000000  0.0000000 )
                  (  0.0000000  1.0000000 -0.0000000 )
                  (  0.0000000  0.0000000  1.0000000 )


      isym =  2     180 deg rotation - cart. axis [1,0,0]        

 cryst.   s( 2) = (     1          0          0      )
                  (     1         -1          0      )
                  (     1          0         -1      )

 cart.    s( 2) = (  1.0000000  0.0000000  0.0000000 )
                  (  0.0000000 -1.0000000  0.0000000 )
                  (  0.0000000  0.0000000 -1.0000000 )


      isym =  3     120 deg rotation - cryst. axis [0,0,1]       

 cryst.   s( 3) = (    -1          1          0      )
                  (    -1          0          0      )
                  (    -1          0          1      )

 cart.    s( 3) = ( -0.5000000 -0.8660254 -0.0000000 )
                  (  0.8660254 -0.5000000 -0.0000000 )
                  (  0.0000000  0.0000000  1.0000000 )


      isym =  4     120 deg rotation - cryst. axis [0,0,-1]      

 cryst.   s( 4) = (     0         -1          0      )
                  (     1         -1          0      )
                  (     0         -1          1      )

 cart.    s( 4) = ( -0.5000000  0.8660254  0.0000000 )
                  ( -0.8660254 -0.5000000 -0.0000000 )
                  (  0.0000000  0.0000000  1.0000000 )


      isym =  5     180 deg rotation - cryst. axis [0,1,0]       

 cryst.   s( 5) = (     0         -1          0      )
                  (    -1          0          0      )
                  (     0          0         -1      )

 cart.    s( 5) = ( -0.5000000 -0.8660254 -0.0000000 )
                  ( -0.8660254  0.5000000  0.0000000 )
                  (  0.0000000  0.0000000 -1.0000000 )


      isym =  6     180 deg rotation - cryst. axis [1,1,0]       

 cryst.   s( 6) = (    -1          1          0      )
                  (     0          1          0      )
                  (     0          1         -1      )

 cart.    s( 6) = ( -0.5000000  0.8660254  0.0000000 )
                  (  0.8660254  0.5000000  0.0000000 )
                  (  0.0000000  0.0000000 -1.0000000 )


      isym =  7     inversion                                    

 cryst.   s( 7) = (    -1          0          0      )
                  (     0         -1          0      )
                  (     0          0         -1      )

 cart.    s( 7) = ( -1.0000000  0.0000000  0.0000000 )
                  (  0.0000000 -1.0000000  0.0000000 )
                  (  0.0000000  0.0000000 -1.0000000 )


      isym =  8     inv. 180 deg rotation - cart. axis [1,0,0]   

 cryst.   s( 8) = (    -1          0          0      )
                  (    -1          1          0      )
                  (    -1          0          1      )

 cart.    s( 8) = ( -1.0000000  0.0000000 -0.0000000 )
                  (  0.0000000  1.0000000 -0.0000000 )
                  (  0.0000000  0.0000000  1.0000000 )


      isym =  9     inv. 120 deg rotation - cryst. axis [0,0,1]  

 cryst.   s( 9) = (     1         -1          0      )
                  (     1          0          0      )
                  (     1          0         -1      )

 cart.    s( 9) = (  0.5000000  0.8660254  0.0000000 )
                  ( -0.8660254  0.5000000  0.0000000 )
                  (  0.0000000  0.0000000 -1.0000000 )


      isym = 10     inv. 120 deg rotation - cryst. axis [0,0,-1] 

 cryst.   s(10) = (     0          1          0      )
                  (    -1          1          0      )
                  (     0          1         -1      )

 cart.    s(10) = (  0.5000000 -0.8660254 -0.0000000 )
                  (  0.8660254  0.5000000  0.0000000 )
                  (  0.0000000  0.0000000 -1.0000000 )


      isym = 11     inv. 180 deg rotation - cryst. axis [0,1,0]  

 cryst.   s(11) = (     0          1          0      )
                  (     1          0          0      )
                  (     0          0          1      )

 cart.    s(11) = (  0.5000000  0.8660254  0.0000000 )
                  (  0.8660254 -0.5000000 -0.0000000 )
                  (  0.0000000  0.0000000  1.0000000 )


      isym = 12     inv. 180 deg rotation - cryst. axis [1,1,0]  

 cryst.   s(12) = (     1         -1          0      )
                  (     0         -1          0      )
                  (     0         -1          1      )

 cart.    s(12) = (  0.5000000 -0.8660254 -0.0000000 )
                  ( -0.8660254 -0.5000000 -0.0000000 )
                  (  0.0000000  0.0000000  1.0000000 )


   Cartesian axes

     site n.     atom                  positions (alat units)
         1           Hf  tau(   1) = (   1.0000000   0.5773503   0.4082483  )
         2           Zr  tau(   2) = (   0.0000000   0.0000000   0.0000000  )
         3           Os  tau(   3) = (   0.5000000   0.2886751   0.2041241  )
         4           Os  tau(   4) = (   1.5000000   0.8660254   0.6123724  )

   Crystallographic axes

     site n.     atom                  positions (cryst. coord.)
         1           Hf  tau(   1) = (  0.5000000  0.5000000  0.5000000  )
         2           Zr  tau(   2) = (  0.0000000  0.0000000  0.0000000  )
         3           Os  tau(   3) = (  0.2500000  0.2500000  0.2500000  )
         4           Os  tau(   4) = (  0.7500000  0.7500000  0.7500000  )

     number of k points=     1  Methfessel-Paxton smearing, width (Ry)=  0.0010
                       cart. coord. in units 2pi/alat
        k(    1) = (   0.0000000   0.0000000   0.0000000), wk =   2.0000000

                       cryst. coord.
        k(    1) = (   0.0000000   0.0000000   0.0000000), wk =   2.0000000

     Dense  grid:    14970 G-vectors     FFT dimensions: (  45,  45,  45)

     Smooth grid:     5245 G-vectors     FFT dimensions: (  32,  32,  32)

     Dynamical RAM for                 wfc:       0.34 MB

     Dynamical RAM for     wfc (w. buffer):       0.34 MB

     Dynamical RAM for           str. fact:       0.69 MB

     Dynamical RAM for           local pot:       0.00 MB

     Dynamical RAM for          nlocal pot:       1.15 MB

     Dynamical RAM for                qrad:       8.96 MB

     Dynamical RAM for          rho,v,vnew:       2.77 MB

     Dynamical RAM for               rhoin:       0.92 MB

     Dynamical RAM for            rho*nmix:       3.65 MB

     Dynamical RAM for           G-vectors:       0.90 MB

     Dynamical RAM for          h,s,v(r/c):       0.11 MB

     Dynamical RAM for          <psi|beta>:       0.03 MB

     Dynamical RAM for                 psi:       0.68 MB

     Dynamical RAM for                hpsi:       0.68 MB

     Dynamical RAM for                spsi:       0.68 MB

     Dynamical RAM for      wfcinit/wfcrot:       1.04 MB

     Dynamical RAM for           addusdens:     127.23 MB

     Dynamical RAM for          addusforce:     127.83 MB

     Dynamical RAM for         addusstress:     132.94 MB

     Estimated static dynamical RAM per process >      20.11 MB

     Estimated max dynamical RAM per process >     156.71 MB

     Check: negative core charge=   -0.000002

     Initial potential from superposition of free atoms

     starting charge      54.9959, renormalised to      56.0000

     negative rho (up, down):  3.118E-01 0.000E+00
     Starting wfcs are   49 randomized atomic wfcs

     total cpu time spent up to now is        5.0 secs

     Self-consistent Calculation

     iteration #  1     ecut=    30.00 Ry     beta= 0.70
     Davidson diagonalization with overlap

---- Real-time Memory Report at c_bands before calling an iterative solver
           377 MiB given to the printing process from OS
             0 MiB allocation reported by mallinfo(arena+hblkhd)
        168927 MiB available memory on the node where the printing process lives
------------------
     ethr =  1.00E-02,  avg # of iterations =  2.0

     Threshold (ethr) on eigenvalues was too large:
     Diagonalizing with lowered threshold

     Davidson diagonalization with overlap

---- Real-time Memory Report at c_bands before calling an iterative solver
           514 MiB given to the printing process from OS
             0 MiB allocation reported by mallinfo(arena+hblkhd)
        168812 MiB available memory on the node where the printing process lives
------------------
     ethr =  6.17E-04,  avg # of iterations =  1.0

     negative rho (up, down):  3.067E-01 0.000E+00

     total cpu time spent up to now is        5.4 secs

     total energy              =    -609.21667925 Ry
     estimated scf accuracy    <       0.36584660 Ry

     iteration #  2     ecut=    30.00 Ry     beta= 0.70
     Davidson diagonalization with overlap

---- Real-time Memory Report at c_bands before calling an iterative solver
           525 MiB given to the printing process from OS
             0 MiB allocation reported by mallinfo(arena+hblkhd)
        168796 MiB available memory on the node where the printing process lives
------------------
     ethr =  6.53E-04,  avg # of iterations =  4.0

     negative rho (up, down):  3.011E-01 0.000E+00

     total cpu time spent up to now is        5.6 secs

     total energy              =    -609.22858896 Ry
     estimated scf accuracy    <       0.29808109 Ry

     iteration #  3     ecut=    30.00 Ry     beta= 0.70
     Davidson diagonalization with overlap

---- Real-time Memory Report at c_bands before calling an iterative solver
           531 MiB given to the printing process from OS
             0 MiB allocation reported by mallinfo(arena+hblkhd)
        168792 MiB available memory on the node where the printing process lives
------------------
     ethr =  5.32E-04,  avg # of iterations =  4.0

     negative rho (up, down):  3.025E-01 0.000E+00

     total cpu time spent up to now is        5.8 secs

     total energy              =    -609.30719805 Ry
     estimated scf accuracy    <       0.05350937 Ry

     iteration #  4     ecut=    30.00 Ry     beta= 0.70
     Davidson diagonalization with overlap

---- Real-time Memory Report at c_bands before calling an iterative solver
           531 MiB given to the printing process from OS
             0 MiB allocation reported by mallinfo(arena+hblkhd)
        168792 MiB available memory on the node where the printing process lives
------------------
     ethr =  9.56E-05,  avg # of iterations =  3.0

     negative rho (up, down):  3.018E-01 0.000E+00

     total cpu time spent up to now is        6.0 secs

     total energy              =    -609.31678596 Ry
     estimated scf accuracy    <       0.00057374 Ry

     iteration #  5     ecut=    30.00 Ry     beta= 0.70
     Davidson diagonalization with overlap

---- Real-time Memory Report at c_bands before calling an iterative solver
           531 MiB given to the printing process from OS
             0 MiB allocation reported by mallinfo(arena+hblkhd)
        168793 MiB available memory on the node where the printing process lives
------------------
     ethr =  1.02E-06,  avg # of iterations =  4.0

     negative rho (up, down):  3.017E-01 0.000E+00

     total cpu time spent up to now is        6.3 secs

     total energy              =    -609.31695415 Ry
     estimated scf accuracy    <       0.00031867 Ry

     iteration #  6     ecut=    30.00 Ry     beta= 0.70
     Davidson diagonalization with overlap

---- Real-time Memory Report at c_bands before calling an iterative solver
           531 MiB given to the printing process from OS
             0 MiB allocation reported by mallinfo(arena+hblkhd)
        168793 MiB available memory on the node where the printing process lives
------------------
     ethr =  5.69E-07,  avg # of iterations =  2.0

     negative rho (up, down):  3.016E-01 0.000E+00

     total cpu time spent up to now is        6.5 secs

     total energy              =    -609.31697329 Ry
     estimated scf accuracy    <       0.00011430 Ry

     iteration #  7     ecut=    30.00 Ry     beta= 0.70
     Davidson diagonalization with overlap

---- Real-time Memory Report at c_bands before calling an iterative solver
           531 MiB given to the printing process from OS
             0 MiB allocation reported by mallinfo(arena+hblkhd)
        168793 MiB available memory on the node where the printing process lives
------------------
     ethr =  2.04E-07,  avg # of iterations =  2.0

     negative rho (up, down):  3.015E-01 0.000E+00

     total cpu time spent up to now is        6.7 secs

     total energy              =    -609.31698002 Ry
     estimated scf accuracy    <       0.00002169 Ry

     iteration #  8     ecut=    30.00 Ry     beta= 0.70
     Davidson diagonalization with overlap

---- Real-time Memory Report at c_bands before calling an iterative solver
           533 MiB given to the printing process from OS
             0 MiB allocation reported by mallinfo(arena+hblkhd)
        168791 MiB available memory on the node where the printing process lives
------------------
     ethr =  3.87E-08,  avg # of iterations =  2.0

     negative rho (up, down):  3.014E-01 0.000E+00

     total cpu time spent up to now is        6.9 secs

     total energy              =    -609.31698178 Ry
     estimated scf accuracy    <       0.00000219 Ry

     iteration #  9     ecut=    30.00 Ry     beta= 0.70
     Davidson diagonalization with overlap

---- Real-time Memory Report at c_bands before calling an iterative solver
           533 MiB given to the printing process from OS
             0 MiB allocation reported by mallinfo(arena+hblkhd)
        168791 MiB available memory on the node where the printing process lives
------------------
     ethr =  3.91E-09,  avg # of iterations =  4.0

     negative rho (up, down):  3.014E-01 0.000E+00

     total cpu time spent up to now is        7.1 secs

     End of self-consistent calculation

          k = 0.0000 0.0000 0.0000 (   682 PWs)   bands (ev):

   -66.8553 -66.8490 -41.0111 -27.9605 -26.2381 -26.2381 -26.2380 -26.1777
   -26.1777 -26.1776  -9.8567  -9.8565  -9.8564  -6.1488  -6.1488  -6.1487
    11.3516  14.5270  14.5270  16.5501  16.5501  16.5501  17.9015  17.9015
    17.9016  18.0036  18.0036  18.0036  19.8672  19.8672  22.2847  22.2847
    23.4725  25.7091

     occupation numbers 
     1.0000   1.0000   1.0000   1.0000   1.0000   1.0000   1.0000   1.0000
     1.0000   1.0000   1.0000   1.0000   1.0000   1.0000   1.0000   1.0000
     1.0000   1.0000   1.0000   1.0000   1.0000   1.0000   1.0000   1.0000
     1.0000   1.0000   1.0000   1.0000  -0.0000  -0.0000  -0.0000  -0.0000
    -0.0000  -0.0000

     the Fermi energy is    18.5923 ev

!    total energy              =    -609.31698241 Ry
     estimated scf accuracy    <       0.00000025 Ry
     smearing contrib. (-TS)   =       0.00000000 Ry
     internal energy E=F+TS    =    -609.31698241 Ry

     The total energy is F=E-TS. E is the sum of the following terms:
     one-electron contribution =    -102.92839006 Ry
     hartree contribution      =      81.14767001 Ry
     xc contribution           =    -121.44631838 Ry
     ewald contribution        =    -466.08994398 Ry

     convergence has been achieved in   9 iterations

     negative rho (up, down):  3.014E-01 0.000E+00

     Forces acting on atoms (cartesian axes, Ry/au):

     atom    1 type  1   force =    -0.00000000   -0.00000000    0.00000000
     atom    2 type  2   force =     0.00000000    0.00000000    0.00000000
     atom    3 type  3   force =     0.00000000    0.00000000   -0.00000288
     atom    4 type  3   force =     0.00000000    0.00000000    0.00000288
     The non-local contrib.  to forces
     atom    1 type  1   force =    -0.00000000   -0.00000000    0.00000000
     atom    2 type  2   force =     0.00000000   -0.00000000   -0.00000000
     atom    3 type  3   force =    -0.00000000   -0.00000000    0.00001010
     atom    4 type  3   force =     0.00000000    0.00000000   -0.00001010
     The ionic contribution  to forces
     atom    1 type  1   force =    -0.00000000   -0.00000000   -0.00000000
     atom    2 type  2   force =     0.00000000    0.00000000   -0.00000000
     atom    3 type  3   force =    -0.00000000    0.00000000    0.00000000
     atom    4 type  3   force =    -0.00000000   -0.00000000    0.00000000
     The local contribution  to forces
     atom    1 type  1   force =    -0.00005013   -0.00009490    0.00000146
     atom    2 type  2   force =     0.00005998   -0.00003794   -0.00005728
     atom    3 type  3   force =    -0.00003851    0.00033715    0.00007638
     atom    4 type  3   force =     0.00003415   -0.00017837   -0.00000243
     The core correction contribution to forces
     atom    1 type  1   force =    -0.00000090   -0.00000289   -0.00000014
     atom    2 type  2   force =     0.00000002   -0.00000181   -0.00000127
     atom    3 type  3   force =     0.00000215    0.00000737    0.00000131
     atom    4 type  3   force =     0.00000012   -0.00000154    0.00000094
     The Hubbard contrib.    to forces
     atom    1 type  1   force =     0.00000000    0.00000000    0.00000000
     atom    2 type  2   force =     0.00000000    0.00000000    0.00000000
     atom    3 type  3   force =     0.00000000    0.00000000    0.00000000
     atom    4 type  3   force =     0.00000000    0.00000000    0.00000000
     The SCF correction term to forces
     atom    1 type  1   force =     0.00004930    0.00009427   -0.00000631
     atom    2 type  2   force =    -0.00004690    0.00002526    0.00005057
     atom    3 type  3   force =     0.00002974   -0.00044747   -0.00010428
     atom    4 type  3   force =    -0.00003328    0.00023843    0.00000087

     Total force =     0.000004     Total SCF correction =     0.000535
     SCF correction compared to forces is large: reduce conv_thr to get better values


     Computing stress (Cartesian axis) and pressure


     negative rho (up, down):  3.014E-01 0.000E+00
          total   stress  (Ry/bohr**3)                   (kbar)     P=     -250.65
  -0.00170381   0.00000000  -0.00000000         -250.64        0.00       -0.00
   0.00000000  -0.00170381  -0.00000000            0.00     -250.64       -0.00
   0.00000000  -0.00000000  -0.00170396            0.00       -0.00     -250.66

     kinetic stress (kbar)  37768.25     -0.00     -0.00
                                0.00  37768.25      0.00
                                0.00      0.00  37768.25

     local   stress (kbar)  27160.03     -0.01      0.02
                               -0.01  27159.99     -0.01
                                0.02     -0.01  27160.00

     nonloc. stress (kbar) -16202.10      0.00      0.00
                                0.00 -16202.10     -0.00
                                0.00     -0.00 -16202.12

     hartree stress (kbar)   8382.94      0.00     -0.01
                                0.00   8382.96      0.01
                               -0.01      0.01   8382.95

     exc-cor stress (kbar)   9325.37      0.00     -0.00
                                0.00   9325.37      0.00
                               -0.00      0.00   9325.37

     corecor stress (kbar) -18535.75      0.00      0.00
                                0.00 -18535.75      0.00
                                0.00      0.00 -18535.75

     ewald   stress (kbar) -48149.37     -0.00      0.00
                               -0.00 -48149.37      0.00
                                0.00      0.00 -48149.37

     hubbard stress (kbar)      0.00      0.00      0.00
                                0.00      0.00      0.00
                                0.00      0.00      0.00

     DFT-D   stress (kbar)      0.00      0.00      0.00
                                0.00      0.00      0.00
                                0.00      0.00      0.00

     XDM     stress (kbar)      0.00      0.00      0.00
                                0.00      0.00      0.00
                                0.00      0.00      0.00

     dft-nl  stress (kbar)      0.00      0.00      0.00
                                0.00      0.00      0.00
                                0.00      0.00      0.00

     TS-vdW  stress (kbar)      0.00      0.00      0.00
                                0.00      0.00      0.00
                                0.00      0.00      0.00


                                0.00      0.00      0.00
                                0.00      0.00      0.00


                                0.00      0.00      0.00


     Writing all to output data dir new_calculations/myprefix.save/

 %%%%%%%%%%%%%%%%%%%%%%%%%%%%%%%%%%%%%%%%%%%%%%%%%%%%%%%%%%%%%%%%%%%%%%%%%%%%%%
     Error in routine write_rhog (1):
     error opening file new_calculations/myprefix.save/charge-density
 %%%%%%%%%%%%%%%%%%%%%%%%%%%%%%%%%%%%%%%%%%%%%%%%%%%%%%%%%%%%%%%%%%%%%%%%%%%%%%

     stopping ...
