
     Program PWSCF v.7.0 starts on 20May2023 at 23: 4:31 

     This program is part of the open-source Quantum ESPRESSO suite
     for quantum simulation of materials; please cite
         "P. Giannozzi et al., J. Phys.:Condens. Matter 21 395502 (2009);
         "P. Giannozzi et al., J. Phys.:Condens. Matter 29 465901 (2017);
         "P. Giannozzi et al., J. Chem. Phys. 152 154105 (2020);
          URL http://www.quantum-espresso.org", 
     in publications or presentations arising from this work. More details at
     http://www.quantum-espresso.org/quote

     Parallel version (MPI & OpenMP), running on      32 processor cores
     Number of MPI processes:                 1
     Threads/MPI process:                    32

     MPI processes distributed on     1 nodes
     171172 MiB available memory on the printing compute node when the environment starts
 
     Reading input from espresso_22300.pwi
Warning: card &CELL ignored
Warning: card / ignored

     Current dimensions of program PWSCF are:
     Max number of different atomic species (ntypx) = 10
     Max number of k-points (npk) =  40000
     Max angular momentum in pseudopotentials (lmaxx) =  4

     gamma-point specific algorithms are used
     Message from routine setup:
     using ibrav=0 with symmetry is DISCOURAGED, use correct ibrav instead

     Subspace diagonalization in iterative solution of the eigenvalue problem:
     a serial algorithm will be used

 
     G-vector sticks info
     --------------------
     sticks:   dense  smooth     PW     G-vecs:    dense   smooth      PW
     Sum        1201     595    151                27581     9721    1243
 
     Using Slab Decomposition
 


     bravais-lattice index     =            0
     lattice parameter (alat)  =       8.5298  a.u.
     unit-cell volume          =     438.8289 (a.u.)^3
     number of atoms/cell      =            4
     number of atomic types    =            3
     number of electrons       =        56.00
     number of Kohn-Sham states=           34
     kinetic-energy cutoff     =      30.0000  Ry
     charge density cutoff     =     240.0000  Ry
     scf convergence threshold =      1.0E-06
     mixing beta               =       0.7000
     number of iterations used =            8  plain     mixing
     Exchange-correlation= SLA  PW   PBE  PBE
                           (   1   4   3   4   0   0   0)

     celldm(1)=   8.529759  celldm(2)=   0.000000  celldm(3)=   0.000000
     celldm(4)=   0.000000  celldm(5)=   0.000000  celldm(6)=   0.000000

     crystal axes: (cart. coord. in units of alat)
               a(1) = (   1.000000   0.000000   0.000000 )  
               a(2) = (   0.500000   0.866025   0.000000 )  
               a(3) = (   0.500000   0.288675   0.816497 )  

     reciprocal axes: (cart. coord. in units 2 pi/alat)
               b(1) = (  1.000000 -0.577350 -0.408248 )  
               b(2) = (  0.000000  1.154701 -0.408248 )  
               b(3) = (  0.000000  0.000000  1.224745 )  


     PseudoPot. # 1 for Hf read from file:
     /home/pragov/projects/rrg-bengioy-ad/pragov/crystal_structure_design/SSSP/Hf-sp.oncvpsp.upf
     MD5 check sum: 417ed15784afe83d2e06dacf143de3f8
     Pseudo is Norm-conserving + core correction, Zval = 12.0
     Generated using ONCVPSP code by D. R. Hamann
     Using radial grid of 1656 points,  8 beta functions with: 
                l(1) =   0
                l(2) =   0
                l(3) =   1
                l(4) =   1
                l(5) =   2
                l(6) =   2
                l(7) =   3
                l(8) =   3

     PseudoPot. # 2 for Tc read from file:
     /home/pragov/projects/rrg-bengioy-ad/pragov/crystal_structure_design/SSSP/Tc_ONCV_PBE-1.0.oncvpsp.upf
     MD5 check sum: 1c2b1e6c8b361b656073c0c20ed4f60a
     Pseudo is Norm-conserving, Zval = 15.0
     Generated using ONCVPSP code by D. R. Hamann
     Using radial grid of 1492 points,  6 beta functions with: 
                l(1) =   0
                l(2) =   0
                l(3) =   1
                l(4) =   1
                l(5) =   2
                l(6) =   2

     PseudoPot. # 3 for W  read from file:
     /home/pragov/projects/rrg-bengioy-ad/pragov/crystal_structure_design/SSSP/W_pbe_v1.2.uspp.F.UPF
     MD5 check sum: 9c083fa34c2a2ea0f02f1f893e16e1c8
     Pseudo is Ultrasoft + core correction, Zval = 14.0
     Generated by new atomic code, or converted to UPF format
     Using radial grid of  923 points,  8 beta functions with: 
                l(1) =   0
                l(2) =   0
                l(3) =   0
                l(4) =   1
                l(5) =   1
                l(6) =   2
                l(7) =   2
                l(8) =   3
     Q(r) pseudized with  6 coefficients,  rinner =    1.350   1.350   1.350
                                                       1.350   1.350   1.350
                                                       1.350

     atomic species   valence    mass     pseudopotential
        Hf            12.00   178.49000     Hf( 1.00)
        Tc            15.00    97.90721     Tc( 1.00)
        W             14.00   183.84000     W ( 1.00)

     12 Sym. Ops., with inversion, found


                                    s                        frac. trans.

      isym =  1     identity                                     

 cryst.   s( 1) = (     1          0          0      )
                  (     0          1          0      )
                  (     0          0          1      )

 cart.    s( 1) = (  1.0000000  0.0000000  0.0000000 )
                  (  0.0000000  1.0000000  0.0000000 )
                  (  0.0000000  0.0000000  1.0000000 )


      isym =  2     180 deg rotation - cart. axis [1,0,0]        

 cryst.   s( 2) = (     1          0          0      )
                  (     1         -1          0      )
                  (     1          0         -1      )

 cart.    s( 2) = (  1.0000000  0.0000000 -0.0000000 )
                  (  0.0000000 -1.0000000 -0.0000000 )
                  (  0.0000000  0.0000000 -1.0000000 )


      isym =  3     120 deg rotation - cryst. axis [0,0,1]       

 cryst.   s( 3) = (    -1          1          0      )
                  (    -1          0          0      )
                  (    -1          0          1      )

 cart.    s( 3) = ( -0.5000000 -0.8660254 -0.0000000 )
                  (  0.8660254 -0.5000000 -0.0000000 )
                  (  0.0000000  0.0000000  1.0000000 )


      isym =  4     120 deg rotation - cryst. axis [0,0,-1]      

 cryst.   s( 4) = (     0         -1          0      )
                  (     1         -1          0      )
                  (     0         -1          1      )

 cart.    s( 4) = ( -0.5000000  0.8660254  0.0000000 )
                  ( -0.8660254 -0.5000000 -0.0000000 )
                  (  0.0000000  0.0000000  1.0000000 )


      isym =  5     180 deg rotation - cryst. axis [0,1,0]       

 cryst.   s( 5) = (     0         -1          0      )
                  (    -1          0          0      )
                  (     0          0         -1      )

 cart.    s( 5) = ( -0.5000000 -0.8660254 -0.0000000 )
                  ( -0.8660254  0.5000000  0.0000000 )
                  (  0.0000000  0.0000000 -1.0000000 )


      isym =  6     180 deg rotation - cryst. axis [1,1,0]       

 cryst.   s( 6) = (    -1          1          0      )
                  (     0          1          0      )
                  (     0          1         -1      )

 cart.    s( 6) = ( -0.5000000  0.8660254  0.0000000 )
                  (  0.8660254  0.5000000  0.0000000 )
                  (  0.0000000  0.0000000 -1.0000000 )


      isym =  7     inversion                                    

 cryst.   s( 7) = (    -1          0          0      )
                  (     0         -1          0      )
                  (     0          0         -1      )

 cart.    s( 7) = ( -1.0000000  0.0000000  0.0000000 )
                  (  0.0000000 -1.0000000 -0.0000000 )
                  (  0.0000000  0.0000000 -1.0000000 )


      isym =  8     inv. 180 deg rotation - cart. axis [1,0,0]   

 cryst.   s( 8) = (    -1          0          0      )
                  (    -1          1          0      )
                  (    -1          0          1      )

 cart.    s( 8) = ( -1.0000000  0.0000000  0.0000000 )
                  (  0.0000000  1.0000000  0.0000000 )
                  (  0.0000000  0.0000000  1.0000000 )


      isym =  9     inv. 120 deg rotation - cryst. axis [0,0,1]  

 cryst.   s( 9) = (     1         -1          0      )
                  (     1          0          0      )
                  (     1          0         -1      )

 cart.    s( 9) = (  0.5000000  0.8660254  0.0000000 )
                  ( -0.8660254  0.5000000  0.0000000 )
                  (  0.0000000  0.0000000 -1.0000000 )


      isym = 10     inv. 120 deg rotation - cryst. axis [0,0,-1] 

 cryst.   s(10) = (     0          1          0      )
                  (    -1          1          0      )
                  (     0          1         -1      )

 cart.    s(10) = (  0.5000000 -0.8660254 -0.0000000 )
                  (  0.8660254  0.5000000  0.0000000 )
                  (  0.0000000  0.0000000 -1.0000000 )


      isym = 11     inv. 180 deg rotation - cryst. axis [0,1,0]  

 cryst.   s(11) = (     0          1          0      )
                  (     1          0          0      )
                  (     0          0          1      )

 cart.    s(11) = (  0.5000000  0.8660254  0.0000000 )
                  (  0.8660254 -0.5000000 -0.0000000 )
                  (  0.0000000  0.0000000  1.0000000 )


      isym = 12     inv. 180 deg rotation - cryst. axis [1,1,0]  

 cryst.   s(12) = (     1         -1          0      )
                  (     0         -1          0      )
                  (     0         -1          1      )

 cart.    s(12) = (  0.5000000 -0.8660254 -0.0000000 )
                  ( -0.8660254 -0.5000000 -0.0000000 )
                  (  0.0000000  0.0000000  1.0000000 )


   Cartesian axes

     site n.     atom                  positions (alat units)
         1           Hf  tau(   1) = (   1.0000000   0.5773503   0.4082483  )
         2           Tc  tau(   2) = (   0.5000000   0.2886751   0.2041241  )
         3           Tc  tau(   3) = (   1.5000000   0.8660254   0.6123724  )
         4           W   tau(   4) = (   0.0000000   0.0000000   0.0000000  )

   Crystallographic axes

     site n.     atom                  positions (cryst. coord.)
         1           Hf  tau(   1) = (  0.5000000  0.5000000  0.5000000  )
         2           Tc  tau(   2) = (  0.2500000  0.2500000  0.2500000  )
         3           Tc  tau(   3) = (  0.7500000  0.7500000  0.7500000  )
         4           W   tau(   4) = (  0.0000000  0.0000000  0.0000000  )

     number of k points=     1  Methfessel-Paxton smearing, width (Ry)=  0.0010
                       cart. coord. in units 2pi/alat
        k(    1) = (   0.0000000   0.0000000   0.0000000), wk =   2.0000000

                       cryst. coord.
        k(    1) = (   0.0000000   0.0000000   0.0000000), wk =   2.0000000

     Dense  grid:    13791 G-vectors     FFT dimensions: (  45,  45,  45)

     Smooth grid:     4861 G-vectors     FFT dimensions: (  30,  30,  30)

     Dynamical RAM for                 wfc:       0.32 MB

     Dynamical RAM for     wfc (w. buffer):       0.32 MB

     Dynamical RAM for           str. fact:       0.63 MB

     Dynamical RAM for           local pot:       0.00 MB

     Dynamical RAM for          nlocal pot:       0.87 MB

     Dynamical RAM for                qrad:       8.96 MB

     Dynamical RAM for          rho,v,vnew:       2.72 MB

     Dynamical RAM for               rhoin:       0.91 MB

     Dynamical RAM for            rho*nmix:       3.37 MB

     Dynamical RAM for           G-vectors:       0.83 MB

     Dynamical RAM for          h,s,v(r/c):       0.11 MB

     Dynamical RAM for          <psi|beta>:       0.02 MB

     Dynamical RAM for                 psi:       0.63 MB

     Dynamical RAM for                hpsi:       0.63 MB

     Dynamical RAM for                spsi:       0.63 MB

     Dynamical RAM for      wfcinit/wfcrot:       0.84 MB

     Dynamical RAM for           addusdens:      79.75 MB

     Dynamical RAM for          addusforce:      79.87 MB

     Dynamical RAM for         addusstress:      85.23 MB

     Estimated static dynamical RAM per process >      19.54 MB

     Estimated max dynamical RAM per process >     108.14 MB

     Check: negative core charge=   -0.000003

     Initial potential from superposition of free atoms

     starting charge      55.8964, renormalised to      56.0000

     negative rho (up, down):  6.302E-02 0.000E+00
     Starting wfcs are   43 randomized atomic wfcs

     total cpu time spent up to now is        2.3 secs

     Self-consistent Calculation

     iteration #  1     ecut=    30.00 Ry     beta= 0.70
     Davidson diagonalization with overlap

---- Real-time Memory Report at c_bands before calling an iterative solver
           322 MiB given to the printing process from OS
             0 MiB allocation reported by mallinfo(arena+hblkhd)
        171087 MiB available memory on the node where the printing process lives
------------------
     ethr =  1.00E-02,  avg # of iterations =  2.0

     Threshold (ethr) on eigenvalues was too large:
     Diagonalizing with lowered threshold

     Davidson diagonalization with overlap

---- Real-time Memory Report at c_bands before calling an iterative solver
           474 MiB given to the printing process from OS
             0 MiB allocation reported by mallinfo(arena+hblkhd)
        170955 MiB available memory on the node where the printing process lives
------------------
     ethr =  5.47E-04,  avg # of iterations =  1.0

     negative rho (up, down):  6.250E-02 0.000E+00

     total cpu time spent up to now is        2.7 secs

     total energy              =    -594.64500866 Ry
     estimated scf accuracy    <       0.31463789 Ry

     iteration #  2     ecut=    30.00 Ry     beta= 0.70
     Davidson diagonalization with overlap

---- Real-time Memory Report at c_bands before calling an iterative solver
           485 MiB given to the printing process from OS
             0 MiB allocation reported by mallinfo(arena+hblkhd)
        170942 MiB available memory on the node where the printing process lives
------------------
     ethr =  5.62E-04,  avg # of iterations =  4.0

     negative rho (up, down):  6.373E-02 0.000E+00

     total cpu time spent up to now is        3.0 secs

     total energy              =    -594.55274607 Ry
     estimated scf accuracy    <       1.05073240 Ry

     iteration #  3     ecut=    30.00 Ry     beta= 0.70
     Davidson diagonalization with overlap

---- Real-time Memory Report at c_bands before calling an iterative solver
           489 MiB given to the printing process from OS
             0 MiB allocation reported by mallinfo(arena+hblkhd)
        170937 MiB available memory on the node where the printing process lives
------------------
     ethr =  5.62E-04,  avg # of iterations =  4.0

     negative rho (up, down):  6.341E-02 0.000E+00

     total cpu time spent up to now is        3.2 secs

     total energy              =    -594.75279644 Ry
     estimated scf accuracy    <       0.03516346 Ry

     iteration #  4     ecut=    30.00 Ry     beta= 0.70
     Davidson diagonalization with overlap

---- Real-time Memory Report at c_bands before calling an iterative solver
           489 MiB given to the printing process from OS
             0 MiB allocation reported by mallinfo(arena+hblkhd)
        170938 MiB available memory on the node where the printing process lives
------------------
     ethr =  6.28E-05,  avg # of iterations =  5.0

     negative rho (up, down):  6.346E-02 0.000E+00

     total cpu time spent up to now is        3.4 secs

     total energy              =    -594.75587658 Ry
     estimated scf accuracy    <       0.00852528 Ry

     iteration #  5     ecut=    30.00 Ry     beta= 0.70
     Davidson diagonalization with overlap

---- Real-time Memory Report at c_bands before calling an iterative solver
           489 MiB given to the printing process from OS
             0 MiB allocation reported by mallinfo(arena+hblkhd)
        170938 MiB available memory on the node where the printing process lives
------------------
     ethr =  1.52E-05,  avg # of iterations =  3.0

     negative rho (up, down):  6.367E-02 0.000E+00

     total cpu time spent up to now is        3.7 secs

     total energy              =    -594.75756768 Ry
     estimated scf accuracy    <       0.00024055 Ry

     iteration #  6     ecut=    30.00 Ry     beta= 0.70
     Davidson diagonalization with overlap

---- Real-time Memory Report at c_bands before calling an iterative solver
           490 MiB given to the printing process from OS
             0 MiB allocation reported by mallinfo(arena+hblkhd)
        170938 MiB available memory on the node where the printing process lives
------------------
     ethr =  4.30E-07,  avg # of iterations =  4.0

     negative rho (up, down):  6.375E-02 0.000E+00

     total cpu time spent up to now is        3.9 secs

     total energy              =    -594.75762183 Ry
     estimated scf accuracy    <       0.00003144 Ry

     iteration #  7     ecut=    30.00 Ry     beta= 0.70
     Davidson diagonalization with overlap

---- Real-time Memory Report at c_bands before calling an iterative solver
           490 MiB given to the printing process from OS
             0 MiB allocation reported by mallinfo(arena+hblkhd)
        170938 MiB available memory on the node where the printing process lives
------------------
     ethr =  5.61E-08,  avg # of iterations =  4.0

     negative rho (up, down):  6.378E-02 0.000E+00

     total cpu time spent up to now is        4.1 secs

     total energy              =    -594.75762555 Ry
     estimated scf accuracy    <       0.00001968 Ry

     iteration #  8     ecut=    30.00 Ry     beta= 0.70
     Davidson diagonalization with overlap

---- Real-time Memory Report at c_bands before calling an iterative solver
           490 MiB given to the printing process from OS
             0 MiB allocation reported by mallinfo(arena+hblkhd)
        170937 MiB available memory on the node where the printing process lives
------------------
     ethr =  3.51E-08,  avg # of iterations =  2.0

     negative rho (up, down):  6.380E-02 0.000E+00

     total cpu time spent up to now is        4.3 secs

     total energy              =    -594.75762878 Ry
     estimated scf accuracy    <       0.00000109 Ry

     iteration #  9     ecut=    30.00 Ry     beta= 0.70
     Davidson diagonalization with overlap

---- Real-time Memory Report at c_bands before calling an iterative solver
           490 MiB given to the printing process from OS
             0 MiB allocation reported by mallinfo(arena+hblkhd)
        170937 MiB available memory on the node where the printing process lives
------------------
     ethr =  1.95E-09,  avg # of iterations =  3.0

     negative rho (up, down):  6.381E-02 0.000E+00

     total cpu time spent up to now is        4.5 secs

     End of self-consistent calculation

          k = 0.0000 0.0000 0.0000 (   622 PWs)   bands (ev):

   -53.4634 -46.0118 -45.9793 -39.6053 -18.1653 -18.1653 -18.1652 -18.1639
   -18.1638 -18.1638 -17.5404 -17.5404 -17.5404  -8.5171  -8.5171  -8.5170
    12.5860  15.5125  15.5125  17.9224  17.9224  17.9224  18.2934  18.2934
    18.2934  19.7729  19.7729  19.7729  21.8973  21.8973  22.3920  22.3920
    25.9714  25.9714

     occupation numbers 
     1.0000   1.0000   1.0000   1.0000   1.0000   1.0000   1.0000   1.0000
     1.0000   1.0000   1.0000   1.0000   1.0000   1.0000   1.0000   1.0000
     1.0000   1.0000   1.0000   1.0000   1.0000   1.0000   1.0000   1.0000
     1.0000   1.0000   1.0000   1.0000  -0.0000  -0.0000  -0.0000  -0.0000
    -0.0000  -0.0000

     the Fermi energy is    21.1257 ev

!    total energy              =    -594.75762894 Ry
     estimated scf accuracy    <       0.00000006 Ry
     smearing contrib. (-TS)   =       0.00000000 Ry
     internal energy E=F+TS    =    -594.75762894 Ry

     The total energy is F=E-TS. E is the sum of the following terms:
     one-electron contribution =     -92.91321781 Ry
     hartree contribution      =      78.47373512 Ry
     xc contribution           =    -105.34189654 Ry
     ewald contribution        =    -474.97624971 Ry

     convergence has been achieved in   9 iterations

     negative rho (up, down):  6.381E-02 0.000E+00

     Forces acting on atoms (cartesian axes, Ry/au):

     atom    1 type  1   force =     0.00000000    0.00000000   -0.00000000
     atom    2 type  2   force =     0.00000000   -0.00000000    0.00000896
     atom    3 type  2   force =     0.00000000    0.00000000   -0.00000896
     atom    4 type  3   force =    -0.00000000   -0.00000000    0.00000000
     The non-local contrib.  to forces
     atom    1 type  1   force =     0.00000000   -0.00000000   -0.00000000
     atom    2 type  2   force =     0.00000000    0.00000000    0.00001057
     atom    3 type  2   force =    -0.00000000   -0.00000000   -0.00001057
     atom    4 type  3   force =     0.00000000    0.00000000    0.00000000
     The ionic contribution  to forces
     atom    1 type  1   force =     0.00000000   -0.00000000    0.00000000
     atom    2 type  2   force =     0.00000000    0.00000000   -0.00000000
     atom    3 type  2   force =    -0.00000000   -0.00000000    0.00000000
     atom    4 type  3   force =    -0.00000000    0.00000000    0.00000000
     The local contribution  to forces
     atom    1 type  1   force =     0.00002459    0.00004264    0.00008260
     atom    2 type  2   force =    -0.00010927   -0.00010312   -0.00016248
     atom    3 type  2   force =     0.00017513    0.00009108    0.00017566
     atom    4 type  3   force =    -0.00005579   -0.00002693   -0.00008516
     The core correction contribution to forces
     atom    1 type  1   force =     0.00000080    0.00000168    0.00000233
     atom    2 type  2   force =     0.00000000    0.00000000    0.00000000
     atom    3 type  2   force =     0.00000000    0.00000000    0.00000000
     atom    4 type  3   force =    -0.00000136   -0.00000258   -0.00000300
     The Hubbard contrib.    to forces
     atom    1 type  1   force =     0.00000000    0.00000000    0.00000000
     atom    2 type  2   force =     0.00000000    0.00000000    0.00000000
     atom    3 type  2   force =     0.00000000    0.00000000    0.00000000
     atom    4 type  3   force =     0.00000000    0.00000000    0.00000000
     The SCF correction term to forces
     atom    1 type  1   force =    -0.00002766   -0.00004079   -0.00008455
     atom    2 type  2   force =     0.00011917    0.00009487    0.00016068
     atom    3 type  2   force =    -0.00017678   -0.00008595   -0.00017423
     atom    4 type  3   force =     0.00006301    0.00003586    0.00010796

     Total force =     0.000013     Total SCF correction =     0.000380
     SCF correction compared to forces is large: reduce conv_thr to get better values


     Computing stress (Cartesian axis) and pressure


     negative rho (up, down):  6.381E-02 0.000E+00
          total   stress  (Ry/bohr**3)                   (kbar)     P=     -196.54
  -0.00133609   0.00000000   0.00000000         -196.55        0.00        0.00
   0.00000000  -0.00133609  -0.00000000            0.00     -196.55       -0.00
   0.00000000  -0.00000000  -0.00133599            0.00       -0.00     -196.53

     kinetic stress (kbar)  39739.81     -0.00     -0.00
                               -0.00  39739.81      0.00
                                0.00      0.00  39739.83

     local   stress (kbar)   8936.21     -0.02      0.01
                               -0.02   8936.22      0.00
                                0.01      0.00   8936.22

     nonloc. stress (kbar)   3974.14     -0.00     -0.00
                               -0.00   3974.14      0.00
                                0.00      0.00   3974.14

     hartree stress (kbar)   8768.72      0.01     -0.00
                                0.01   8768.70      0.00
                               -0.00      0.00   8768.70

     exc-cor stress (kbar)   5609.79      0.00      0.00
                                0.00   5609.79      0.00
                                0.00      0.00   5609.79

     corecor stress (kbar) -14151.06      0.00     -0.00
                                0.00 -14151.06     -0.00
                               -0.00     -0.00 -14151.06

     ewald   stress (kbar) -53074.15     -0.00     -0.00
                               -0.00 -53074.15      0.00
                               -0.00      0.00 -53074.15

     hubbard stress (kbar)      0.00      0.00      0.00
                                0.00      0.00      0.00
                                0.00      0.00      0.00

     DFT-D   stress (kbar)      0.00      0.00      0.00
                                0.00      0.00      0.00
                                0.00      0.00      0.00

     XDM     stress (kbar)      0.00      0.00      0.00
                                0.00      0.00      0.00
                                0.00      0.00      0.00

     dft-nl  stress (kbar)      0.00      0.00      0.00
                                0.00      0.00      0.00
                                0.00      0.00      0.00

     TS-vdW  stress (kbar)      0.00      0.00      0.00
                                0.00      0.00      0.00
                                0.00      0.00      0.00


                                0.00      0.00      0.00
                                0.00      0.00      0.00


                                0.00      0.00      0.00


     Writing all to output data dir new_calculations/myprefix.save/
 
     init_run     :     55.98s CPU      2.15s WALL (       1 calls)
     electrons    :     68.13s CPU      2.20s WALL (       1 calls)
     forces       :      1.38s CPU      0.05s WALL (       1 calls)
     stress       :      4.17s CPU      0.14s WALL (       1 calls)

     Called by init_run:
     wfcinit      :     14.99s CPU      0.48s WALL (       1 calls)
     wfcinit:atom :      0.01s CPU      0.00s WALL (       1 calls)
     wfcinit:wfcr :     14.89s CPU      0.48s WALL (       1 calls)
     potinit      :     12.83s CPU      0.42s WALL (       1 calls)
     hinit0       :     27.25s CPU      1.20s WALL (       1 calls)

     Called by electrons:
     c_bands      :     39.13s CPU      1.25s WALL (      10 calls)
     sum_band     :     16.32s CPU      0.53s WALL (      10 calls)
     v_of_rho     :      3.35s CPU      0.11s WALL (      10 calls)
     v_h          :      0.60s CPU      0.02s WALL (      10 calls)
     v_xc         :      3.15s CPU      0.10s WALL (      12 calls)
     newd         :      9.11s CPU      0.30s WALL (      10 calls)
     mix_rho      :      0.59s CPU      0.02s WALL (      10 calls)

     Called by c_bands:
     init_us_2    :      0.22s CPU      0.01s WALL (      21 calls)
     init_us_2:cp :      0.19s CPU      0.01s WALL (      21 calls)
     regterg      :     38.30s CPU      1.23s WALL (      10 calls)

     Called by sum_band:
     sum_band:wei :      0.01s CPU      0.00s WALL (      10 calls)
     sum_band:loo :      7.29s CPU      0.23s WALL (      10 calls)
     sum_band:buf :      0.01s CPU      0.00s WALL (      10 calls)
     sum_band:ini :      0.10s CPU      0.00s WALL (      10 calls)
     sum_band:cal :      0.05s CPU      0.00s WALL (      10 calls)
     sum_band:bec :      0.01s CPU      0.00s WALL (      10 calls)
     addusdens    :      8.59s CPU      0.28s WALL (      10 calls)
     addusd:skk   :      0.01s CPU      0.00s WALL (      10 calls)
     addusd:dgemm :      0.78s CPU      0.03s WALL (      10 calls)
     addusd:qvan2 :      7.46s CPU      0.24s WALL (      10 calls)

     Called by *egterg:
     rdiaghg      :      1.78s CPU      0.06s WALL (      41 calls)
     regterg:over :      0.08s CPU      0.00s WALL (      32 calls)
     regterg:upda :      0.12s CPU      0.00s WALL (      32 calls)
     regterg:last :      0.17s CPU      0.01s WALL (      19 calls)
     h_psi        :     50.35s CPU      1.60s WALL (      43 calls)
     s_psi        :      0.05s CPU      0.00s WALL (      43 calls)
     g_psi        :      0.03s CPU      0.00s WALL (      32 calls)

     Called by h_psi:
     h_psi:calbec :      0.21s CPU      0.01s WALL (      43 calls)
     vloc_psi     :     49.83s CPU      1.59s WALL (      43 calls)
     add_vuspsi   :      0.10s CPU      0.00s WALL (      43 calls)

     General routines
     calbec       :      0.19s CPU      0.01s WALL (      58 calls)
     fft          :     16.02s CPU      0.53s WALL (     129 calls)
     ffts         :     12.34s CPU      0.40s WALL (      20 calls)
     fftw         :     53.20s CPU      1.69s WALL (    1032 calls)
     interpolate  :     12.53s CPU      0.41s WALL (      10 calls)
 
     Parallel routines
 
     PWSCF        :   2m17.12s CPU      5.47s WALL

 
   This run was terminated on:  23: 4:37  20May2023            

=------------------------------------------------------------------------------=
   JOB DONE.
=------------------------------------------------------------------------------=
