
     Program PWSCF v.7.0 starts on 21May2023 at 11:37:16 

     This program is part of the open-source Quantum ESPRESSO suite
     for quantum simulation of materials; please cite
         "P. Giannozzi et al., J. Phys.:Condens. Matter 21 395502 (2009);
         "P. Giannozzi et al., J. Phys.:Condens. Matter 29 465901 (2017);
         "P. Giannozzi et al., J. Chem. Phys. 152 154105 (2020);
          URL http://www.quantum-espresso.org", 
     in publications or presentations arising from this work. More details at
     http://www.quantum-espresso.org/quote

     Parallel version (MPI & OpenMP), running on      32 processor cores
     Number of MPI processes:                 1
     Threads/MPI process:                    32

     MPI processes distributed on     1 nodes
     78449 MiB available memory on the printing compute node when the environment starts
 
     Reading input from espresso_21879.pwi
Warning: card &CELL ignored
Warning: card / ignored

     Current dimensions of program PWSCF are:
     Max number of different atomic species (ntypx) = 10
     Max number of k-points (npk) =  40000
     Max angular momentum in pseudopotentials (lmaxx) =  4
     file Mg.pbe-n-kjpaw_psl.0.3.0.UPF: wavefunction(s)  3S renormalized

     gamma-point specific algorithms are used
     Message from routine setup:
     using ibrav=0 with symmetry is DISCOURAGED, use correct ibrav instead

     Subspace diagonalization in iterative solution of the eigenvalue problem:
     a serial algorithm will be used

 
     G-vector sticks info
     --------------------
     sticks:   dense  smooth     PW     G-vecs:    dense   smooth      PW
     Sum        1381     685    163                33823    12039    1459
 
     Using Slab Decomposition
 


     bravais-lattice index     =            0
     lattice parameter (alat)  =       9.1356  a.u.
     unit-cell volume          =     539.1407 (a.u.)^3
     number of atoms/cell      =            4
     number of atomic types    =            3
     number of electrons       =        53.00
     number of Kohn-Sham states=           32
     kinetic-energy cutoff     =      30.0000  Ry
     charge density cutoff     =     240.0000  Ry
     scf convergence threshold =      1.0E-06
     mixing beta               =       0.7000
     number of iterations used =            8  plain     mixing
     Exchange-correlation= SLA  PW   PBE  PBE
                           (   1   4   3   4   0   0   0)

     celldm(1)=   9.135641  celldm(2)=   0.000000  celldm(3)=   0.000000
     celldm(4)=   0.000000  celldm(5)=   0.000000  celldm(6)=   0.000000

     crystal axes: (cart. coord. in units of alat)
               a(1) = (   1.000000   0.000000   0.000000 )  
               a(2) = (   0.500000   0.866025   0.000000 )  
               a(3) = (   0.500000   0.288675   0.816497 )  

     reciprocal axes: (cart. coord. in units 2 pi/alat)
               b(1) = (  1.000000 -0.577350 -0.408248 )  
               b(2) = (  0.000000  1.154701 -0.408248 )  
               b(3) = (  0.000000  0.000000  1.224745 )  


     PseudoPot. # 1 for Y  read from file:
     /home/pragov/projects/rrg-bengioy-ad/pragov/crystal_structure_design/SSSP/Y_pbe_v1.uspp.F.UPF
     MD5 check sum: 2cf71db95cafeb975fc457bd7f14888e
     Pseudo is Ultrasoft + core correction, Zval = 11.0
     Generated by new atomic code, or converted to UPF format
     Using radial grid of  885 points,  6 beta functions with: 
                l(1) =   0
                l(2) =   0
                l(3) =   1
                l(4) =   1
                l(5) =   2
                l(6) =   2
     Q(r) pseudized with  6 coefficients,  rinner =    1.200   1.200   1.200
                                                       1.200   1.200

     PseudoPot. # 2 for Mg read from file:
     /home/pragov/projects/rrg-bengioy-ad/pragov/crystal_structure_design/SSSP/Mg.pbe-n-kjpaw_psl.0.3.0.UPF
     MD5 check sum: 24ecedc7f3e3cbe212e682f4413594e4
     Pseudo is Projector augmented-wave + core cor, Zval =  2.0
     Generated using "atomic" code by A. Dal Corso  v.5.0.99 svn rev. 10869
     Shape of augmentation charge: PSQ
     Using radial grid of 1129 points,  4 beta functions with: 
                l(1) =   0
                l(2) =   0
                l(3) =   1
                l(4) =   1
     Q(r) pseudized with 0 coefficients 


     PseudoPot. # 3 for Zn read from file:
     /home/pragov/projects/rrg-bengioy-ad/pragov/crystal_structure_design/SSSP/Zn_pbe_v1.uspp.F.UPF
     MD5 check sum: df62231357ef9e81f77b2b3087fa5675
     Pseudo is Ultrasoft, Zval = 20.0
     Generated by new atomic code, or converted to UPF format
     Using radial grid of  943 points,  6 beta functions with: 
                l(1) =   0
                l(2) =   0
                l(3) =   1
                l(4) =   1
                l(5) =   2
                l(6) =   2
     Q(r) pseudized with  8 coefficients,  rinner =    1.100   1.100   1.100
                                                       1.100   1.100

     atomic species   valence    mass     pseudopotential
        Y             11.00    88.90584     Y ( 1.00)
        Mg             2.00    24.30500     Mg( 1.00)
        Zn            20.00    65.38000     Zn( 1.00)

     12 Sym. Ops., with inversion, found


                                    s                        frac. trans.

      isym =  1     identity                                     

 cryst.   s( 1) = (     1          0          0      )
                  (     0          1          0      )
                  (     0          0          1      )

 cart.    s( 1) = (  1.0000000  0.0000000  0.0000000 )
                  (  0.0000000  1.0000000 -0.0000000 )
                  (  0.0000000  0.0000000  1.0000000 )


      isym =  2     180 deg rotation - cart. axis [1,0,0]        

 cryst.   s( 2) = (     1          0          0      )
                  (     1         -1          0      )
                  (     1          0         -1      )

 cart.    s( 2) = (  1.0000000  0.0000000  0.0000000 )
                  (  0.0000000 -1.0000000  0.0000000 )
                  (  0.0000000  0.0000000 -1.0000000 )


      isym =  3     120 deg rotation - cryst. axis [0,0,1]       

 cryst.   s( 3) = (    -1          1          0      )
                  (    -1          0          0      )
                  (    -1          0          1      )

 cart.    s( 3) = ( -0.5000000 -0.8660254 -0.0000000 )
                  (  0.8660254 -0.5000000 -0.0000000 )
                  (  0.0000000  0.0000000  1.0000000 )


      isym =  4     120 deg rotation - cryst. axis [0,0,-1]      

 cryst.   s( 4) = (     0         -1          0      )
                  (     1         -1          0      )
                  (     0         -1          1      )

 cart.    s( 4) = ( -0.5000000  0.8660254  0.0000000 )
                  ( -0.8660254 -0.5000000 -0.0000000 )
                  (  0.0000000  0.0000000  1.0000000 )


      isym =  5     180 deg rotation - cryst. axis [0,1,0]       

 cryst.   s( 5) = (     0         -1          0      )
                  (    -1          0          0      )
                  (     0          0         -1      )

 cart.    s( 5) = ( -0.5000000 -0.8660254 -0.0000000 )
                  ( -0.8660254  0.5000000  0.0000000 )
                  (  0.0000000  0.0000000 -1.0000000 )


      isym =  6     180 deg rotation - cryst. axis [1,1,0]       

 cryst.   s( 6) = (    -1          1          0      )
                  (     0          1          0      )
                  (     0          1         -1      )

 cart.    s( 6) = ( -0.5000000  0.8660254  0.0000000 )
                  (  0.8660254  0.5000000  0.0000000 )
                  (  0.0000000  0.0000000 -1.0000000 )


      isym =  7     inversion                                    

 cryst.   s( 7) = (    -1          0          0      )
                  (     0         -1          0      )
                  (     0          0         -1      )

 cart.    s( 7) = ( -1.0000000  0.0000000  0.0000000 )
                  (  0.0000000 -1.0000000  0.0000000 )
                  (  0.0000000  0.0000000 -1.0000000 )


      isym =  8     inv. 180 deg rotation - cart. axis [1,0,0]   

 cryst.   s( 8) = (    -1          0          0      )
                  (    -1          1          0      )
                  (    -1          0          1      )

 cart.    s( 8) = ( -1.0000000  0.0000000  0.0000000 )
                  (  0.0000000  1.0000000 -0.0000000 )
                  (  0.0000000  0.0000000  1.0000000 )


      isym =  9     inv. 120 deg rotation - cryst. axis [0,0,1]  

 cryst.   s( 9) = (     1         -1          0      )
                  (     1          0          0      )
                  (     1          0         -1      )

 cart.    s( 9) = (  0.5000000  0.8660254  0.0000000 )
                  ( -0.8660254  0.5000000  0.0000000 )
                  (  0.0000000  0.0000000 -1.0000000 )


      isym = 10     inv. 120 deg rotation - cryst. axis [0,0,-1] 

 cryst.   s(10) = (     0          1          0      )
                  (    -1          1          0      )
                  (     0          1         -1      )

 cart.    s(10) = (  0.5000000 -0.8660254 -0.0000000 )
                  (  0.8660254  0.5000000  0.0000000 )
                  (  0.0000000  0.0000000 -1.0000000 )


      isym = 11     inv. 180 deg rotation - cryst. axis [0,1,0]  

 cryst.   s(11) = (     0          1          0      )
                  (     1          0          0      )
                  (     0          0          1      )

 cart.    s(11) = (  0.5000000  0.8660254  0.0000000 )
                  (  0.8660254 -0.5000000 -0.0000000 )
                  (  0.0000000  0.0000000  1.0000000 )


      isym = 12     inv. 180 deg rotation - cryst. axis [1,1,0]  

 cryst.   s(12) = (     1         -1          0      )
                  (     0         -1          0      )
                  (     0         -1          1      )

 cart.    s(12) = (  0.5000000 -0.8660254 -0.0000000 )
                  ( -0.8660254 -0.5000000 -0.0000000 )
                  (  0.0000000  0.0000000  1.0000000 )


   Cartesian axes

     site n.     atom                  positions (alat units)
         1           Y   tau(   1) = (   0.0000000   0.0000000   0.0000000  )
         2           Mg  tau(   2) = (   1.0000000   0.5773503   0.4082483  )
         3           Zn  tau(   3) = (   0.5000000   0.2886751   0.2041241  )
         4           Zn  tau(   4) = (   1.5000000   0.8660254   0.6123724  )

   Crystallographic axes

     site n.     atom                  positions (cryst. coord.)
         1           Y   tau(   1) = (  0.0000000  0.0000000  0.0000000  )
         2           Mg  tau(   2) = (  0.5000000  0.5000000  0.5000000  )
         3           Zn  tau(   3) = (  0.2500000  0.2500000  0.2500000  )
         4           Zn  tau(   4) = (  0.7500000  0.7500000  0.7500000  )

     number of k points=     1  Methfessel-Paxton smearing, width (Ry)=  0.0010
                       cart. coord. in units 2pi/alat
        k(    1) = (   0.0000000   0.0000000   0.0000000), wk =   2.0000000

                       cryst. coord.
        k(    1) = (   0.0000000   0.0000000   0.0000000), wk =   2.0000000

     Dense  grid:    16912 G-vectors     FFT dimensions: (  45,  45,  45)

     Smooth grid:     6020 G-vectors     FFT dimensions: (  32,  32,  32)

     Dynamical RAM for                 wfc:       0.37 MB

     Dynamical RAM for     wfc (w. buffer):       0.37 MB

     Dynamical RAM for           str. fact:       0.77 MB

     Dynamical RAM for           local pot:       0.00 MB

     Dynamical RAM for          nlocal pot:       0.71 MB

     Dynamical RAM for                qrad:       3.73 MB

     Dynamical RAM for          rho,v,vnew:       2.86 MB

     Dynamical RAM for               rhoin:       0.95 MB

     Dynamical RAM for            rho*nmix:       4.13 MB

     Dynamical RAM for           G-vectors:       1.01 MB

     Dynamical RAM for          h,s,v(r/c):       0.09 MB

     Dynamical RAM for          <psi|beta>:       0.02 MB

     Dynamical RAM for                 psi:       0.73 MB

     Dynamical RAM for                hpsi:       0.73 MB

     Dynamical RAM for                spsi:       0.73 MB

     Dynamical RAM for      wfcinit/wfcrot:       1.02 MB

     Dynamical RAM for           addusdens:      48.51 MB

     Dynamical RAM for          addusforce:      49.17 MB

     Dynamical RAM for         addusstress:      51.87 MB

     Estimated static dynamical RAM per process >      14.91 MB

     Estimated max dynamical RAM per process >      70.91 MB

     Check: negative core charge=   -0.000003

     Initial potential from superposition of free atoms

     starting charge      52.9943, renormalised to      53.0000

     negative rho (up, down):  4.353E-02 0.000E+00
     Starting wfcs are   43 randomized atomic wfcs
     Checking if some PAW data can be deallocated... 

     total cpu time spent up to now is        4.1 secs

     Self-consistent Calculation

     iteration #  1     ecut=    30.00 Ry     beta= 0.70
     Davidson diagonalization with overlap

---- Real-time Memory Report at c_bands before calling an iterative solver
           297 MiB given to the printing process from OS
             0 MiB allocation reported by mallinfo(arena+hblkhd)
         78358 MiB available memory on the node where the printing process lives
------------------
     ethr =  1.00E-02,  avg # of iterations =  2.0

     Threshold (ethr) on eigenvalues was too large:
     Diagonalizing with lowered threshold

     Davidson diagonalization with overlap

---- Real-time Memory Report at c_bands before calling an iterative solver
           331 MiB given to the printing process from OS
             0 MiB allocation reported by mallinfo(arena+hblkhd)
         78338 MiB available memory on the node where the printing process lives
------------------
     ethr =  9.41E-04,  avg # of iterations =  1.0

     negative rho (up, down):  3.987E-02 0.000E+00

     total cpu time spent up to now is        4.3 secs

     total energy              =   -1043.55944816 Ry
     estimated scf accuracy    <       0.49951039 Ry

     iteration #  2     ecut=    30.00 Ry     beta= 0.70
     Davidson diagonalization with overlap

---- Real-time Memory Report at c_bands before calling an iterative solver
           340 MiB given to the printing process from OS
             0 MiB allocation reported by mallinfo(arena+hblkhd)
         78284 MiB available memory on the node where the printing process lives
------------------
     ethr =  9.42E-04,  avg # of iterations =  3.0

     negative rho (up, down):  3.966E-02 0.000E+00

     total cpu time spent up to now is        4.4 secs

     total energy              =   -1043.64007867 Ry
     estimated scf accuracy    <       0.66458036 Ry

     iteration #  3     ecut=    30.00 Ry     beta= 0.70
     Davidson diagonalization with overlap

---- Real-time Memory Report at c_bands before calling an iterative solver
           350 MiB given to the printing process from OS
             0 MiB allocation reported by mallinfo(arena+hblkhd)
         78281 MiB available memory on the node where the printing process lives
------------------
     ethr =  9.42E-04,  avg # of iterations =  2.0

     negative rho (up, down):  3.976E-02 0.000E+00

     total cpu time spent up to now is        4.6 secs

     total energy              =   -1043.76937108 Ry
     estimated scf accuracy    <       0.01458105 Ry

     iteration #  4     ecut=    30.00 Ry     beta= 0.70
     Davidson diagonalization with overlap

---- Real-time Memory Report at c_bands before calling an iterative solver
           354 MiB given to the printing process from OS
             0 MiB allocation reported by mallinfo(arena+hblkhd)
         78281 MiB available memory on the node where the printing process lives
------------------
     ethr =  2.75E-05,  avg # of iterations =  4.0

     negative rho (up, down):  3.969E-02 0.000E+00

     total cpu time spent up to now is        4.7 secs

     total energy              =   -1043.77495689 Ry
     estimated scf accuracy    <       0.00565249 Ry

     iteration #  5     ecut=    30.00 Ry     beta= 0.70
     Davidson diagonalization with overlap

---- Real-time Memory Report at c_bands before calling an iterative solver
           354 MiB given to the printing process from OS
             0 MiB allocation reported by mallinfo(arena+hblkhd)
         78281 MiB available memory on the node where the printing process lives
------------------
     ethr =  1.07E-05,  avg # of iterations =  5.0

     negative rho (up, down):  3.953E-02 0.000E+00

     total cpu time spent up to now is        4.9 secs

     total energy              =   -1043.77594325 Ry
     estimated scf accuracy    <       0.00031172 Ry

     iteration #  6     ecut=    30.00 Ry     beta= 0.70
     Davidson diagonalization with overlap

---- Real-time Memory Report at c_bands before calling an iterative solver
           354 MiB given to the printing process from OS
             0 MiB allocation reported by mallinfo(arena+hblkhd)
         78281 MiB available memory on the node where the printing process lives
------------------
     ethr =  5.88E-07,  avg # of iterations =  3.0

     negative rho (up, down):  3.954E-02 0.000E+00

     total cpu time spent up to now is        5.0 secs

     total energy              =   -1043.77607747 Ry
     estimated scf accuracy    <       0.00005953 Ry

     iteration #  7     ecut=    30.00 Ry     beta= 0.70
     Davidson diagonalization with overlap

---- Real-time Memory Report at c_bands before calling an iterative solver
           354 MiB given to the printing process from OS
             0 MiB allocation reported by mallinfo(arena+hblkhd)
         78281 MiB available memory on the node where the printing process lives
------------------
     ethr =  1.12E-07,  avg # of iterations =  3.0

     negative rho (up, down):  3.955E-02 0.000E+00

     total cpu time spent up to now is        5.2 secs

     total energy              =   -1043.77608636 Ry
     estimated scf accuracy    <       0.00000230 Ry

     iteration #  8     ecut=    30.00 Ry     beta= 0.70
     Davidson diagonalization with overlap

---- Real-time Memory Report at c_bands before calling an iterative solver
           354 MiB given to the printing process from OS
             0 MiB allocation reported by mallinfo(arena+hblkhd)
         78281 MiB available memory on the node where the printing process lives
------------------
     ethr =  4.34E-09,  avg # of iterations =  6.0

     negative rho (up, down):  3.956E-02 0.000E+00

     total cpu time spent up to now is        5.3 secs

     End of self-consistent calculation

          k = 0.0000 0.0000 0.0000 (   730 PWs)   bands (ev):

  -116.1645-116.1590 -70.2241 -70.2241 -70.2241 -70.2065 -70.2065 -70.2064
   -30.9693 -11.0801 -11.0800 -11.0800   2.3156   2.9357   2.9357   3.0199
     3.0199   3.0199   3.1912   3.1912   3.1912   3.3494   3.3494   9.4358
     9.4358   9.4358  10.5787  12.4726  12.4726  12.5888  12.5888  12.5888

     occupation numbers 
     1.0000   1.0000   1.0000   1.0000   1.0000   1.0000   1.0000   1.0000
     1.0000   1.0000   1.0000   1.0000   1.0000   1.0000   1.0000   1.0000
     1.0000   1.0000   1.0000   1.0000   1.0000   1.0000   1.0000   1.0000
     1.0000   1.0000   0.5000  -0.0000  -0.0000  -0.0000  -0.0000  -0.0000

     the Fermi energy is    10.5787 ev

!    total energy              =   -1043.77608760 Ry
     estimated scf accuracy    <       0.00000016 Ry
     smearing contrib. (-TS)   =      -0.00028209 Ry
     internal energy E=F+TS    =   -1043.77580551 Ry

     The total energy is F=E-TS. E is the sum of the following terms:
     one-electron contribution =    -911.36366075 Ry
     hartree contribution      =     470.68497067 Ry
     xc contribution           =    -107.88947630 Ry
     ewald contribution        =    -463.99864497 Ry
     one-center paw contrib.   =     -31.20899415 Ry
      -> PAW hartree energy AE =       0.11909820 Ry
      -> PAW hartree energy PS =      -0.11887612 Ry
      -> PAW xc energy AE      =     -32.07721018 Ry
      -> PAW xc energy PS      =       0.86799395 Ry
      -> total E_H with PAW    =     470.68519275 Ry
      -> total E_XC with PAW   =    -139.09869253 Ry

     convergence has been achieved in   8 iterations

     negative rho (up, down):  3.956E-02 0.000E+00

     Forces acting on atoms (cartesian axes, Ry/au):

     atom    1 type  1   force =     0.00000000    0.00000000   -0.00000000
     atom    2 type  2   force =     0.00000000    0.00000000    0.00000000
     atom    3 type  3   force =     0.00000000    0.00000000    0.00006779
     atom    4 type  3   force =     0.00000000   -0.00000000   -0.00006779
     The non-local contrib.  to forces
     atom    1 type  1   force =     0.00000000    0.00000000   -0.00000000
     atom    2 type  2   force =     0.00000000    0.00000000   -0.00000000
     atom    3 type  3   force =     0.00000000    0.00000000    0.00001132
     atom    4 type  3   force =     0.00000000    0.00000000   -0.00001132
     The ionic contribution  to forces
     atom    1 type  1   force =     0.00000000   -0.00000000    0.00000000
     atom    2 type  2   force =    -0.00000000    0.00000000    0.00000000
     atom    3 type  3   force =     0.00000000    0.00000000   -0.00000000
     atom    4 type  3   force =    -0.00000000   -0.00000000    0.00000000
     The local contribution  to forces
     atom    1 type  1   force =    -0.00000763    0.00001142   -0.00002150
     atom    2 type  2   force =    -0.00000055    0.00000085   -0.00000061
     atom    3 type  3   force =    -0.00007322   -0.00001647   -0.00003519
     atom    4 type  3   force =     0.00011808   -0.00002389    0.00006102
     The core correction contribution to forces
     atom    1 type  1   force =    -0.00000006   -0.00000004   -0.00000036
     atom    2 type  2   force =    -0.00000005    0.00000003   -0.00000018
     atom    3 type  3   force =     0.00000000    0.00000000    0.00000000
     atom    4 type  3   force =     0.00000000    0.00000000    0.00000000
     The Hubbard contrib.    to forces
     atom    1 type  1   force =     0.00000000    0.00000000    0.00000000
     atom    2 type  2   force =     0.00000000    0.00000000    0.00000000
     atom    3 type  3   force =     0.00000000    0.00000000    0.00000000
     atom    4 type  3   force =     0.00000000    0.00000000    0.00000000
     The SCF correction term to forces
     atom    1 type  1   force =     0.00000559   -0.00001098    0.00001929
     atom    2 type  2   force =     0.00000019   -0.00000008   -0.00000029
     atom    3 type  3   force =     0.00009522    0.00001719    0.00006561
     atom    4 type  3   force =    -0.00017889    0.00002721   -0.00014356

     Total force =     0.000096     Total SCF correction =     0.000260
     SCF correction compared to forces is large: reduce conv_thr to get better values


     Computing stress (Cartesian axis) and pressure


     negative rho (up, down):  3.956E-02 0.000E+00
          total   stress  (Ry/bohr**3)                   (kbar)     P=     -376.14
  -0.00255693   0.00000000  -0.00000000         -376.14        0.00       -0.00
   0.00000000  -0.00255693  -0.00000000            0.00     -376.14       -0.00
  -0.00000000  -0.00000000  -0.00255691           -0.00       -0.00     -376.13

     kinetic stress (kbar)  18984.84      0.00      0.00
                                0.00  18984.84      0.00
                                0.00      0.00  18984.84

     local   stress (kbar) -13297.82     -0.03      0.01
                               -0.03 -13297.81     -0.00
                                0.01     -0.00 -13297.81

     nonloc. stress (kbar)   2069.72     -0.00      0.00
                               -0.00   2069.72      0.00
                                0.00      0.00   2069.72

     hartree stress (kbar)  42808.96      0.02     -0.00
                                0.02  42808.96      0.00
                               -0.00      0.00  42808.95

     exc-cor stress (kbar)  -5204.56      0.00     -0.00
                                0.00  -5204.56      0.00
                               -0.00      0.00  -5204.56

     corecor stress (kbar)  -3536.46     -0.00      0.00
                               -0.00  -3536.46      0.00
                                0.00      0.00  -3536.46

     ewald   stress (kbar) -42200.83      0.00      0.00
                                0.00 -42200.83      0.00
                                0.00      0.00 -42200.83

     hubbard stress (kbar)      0.00      0.00      0.00
                                0.00      0.00      0.00
                                0.00      0.00      0.00

     DFT-D   stress (kbar)      0.00      0.00      0.00
                                0.00      0.00      0.00
                                0.00      0.00      0.00

     XDM     stress (kbar)      0.00      0.00      0.00
                                0.00      0.00      0.00
                                0.00      0.00      0.00

     dft-nl  stress (kbar)      0.00      0.00      0.00
                                0.00      0.00      0.00
                                0.00      0.00      0.00

     TS-vdW  stress (kbar)      0.00      0.00      0.00
                                0.00      0.00      0.00
                                0.00      0.00      0.00


                                0.00      0.00      0.00
                                0.00      0.00      0.00


                                0.00      0.00      0.00


     Writing all to output data dir new_calculations/myprefix.save/
 
     init_run     :     99.39s CPU      3.82s WALL (       1 calls)
     electrons    :     41.08s CPU      1.38s WALL (       1 calls)
     forces       :      1.42s CPU      0.05s WALL (       1 calls)
     stress       :      4.11s CPU      0.14s WALL (       1 calls)

     Called by init_run:
     wfcinit      :     26.71s CPU      0.91s WALL (       1 calls)
     wfcinit:atom :      0.01s CPU      0.00s WALL (       1 calls)
     wfcinit:wfcr :     26.60s CPU      0.90s WALL (       1 calls)
     potinit      :     16.31s CPU      0.55s WALL (       1 calls)
     hinit0       :     53.48s CPU      2.25s WALL (       1 calls)

     Called by electrons:
     c_bands      :     10.82s CPU      0.36s WALL (       9 calls)
     sum_band     :     12.75s CPU      0.44s WALL (       9 calls)
     v_of_rho     :      2.67s CPU      0.09s WALL (       9 calls)
     v_h          :      0.26s CPU      0.01s WALL (       9 calls)
     v_xc         :      2.82s CPU      0.09s WALL (      11 calls)
     newd         :     10.39s CPU      0.34s WALL (       9 calls)
     PAW_pot      :      3.14s CPU      0.10s WALL (       9 calls)
     mix_rho      :      0.56s CPU      0.02s WALL (       9 calls)

     Called by c_bands:
     init_us_2    :      0.16s CPU      0.01s WALL (      19 calls)
     init_us_2:cp :      0.13s CPU      0.00s WALL (      19 calls)
     regterg      :     10.36s CPU      0.34s WALL (       9 calls)

     Called by sum_band:
     sum_band:wei :      0.02s CPU      0.00s WALL (       9 calls)
     sum_band:loo :      2.06s CPU      0.07s WALL (       9 calls)
     sum_band:buf :      0.01s CPU      0.00s WALL (       9 calls)
     sum_band:ini :      0.09s CPU      0.00s WALL (       9 calls)
     sum_band:cal :      0.04s CPU      0.00s WALL (       9 calls)
     sum_band:bec :      0.02s CPU      0.00s WALL (       9 calls)
     addusdens    :     10.27s CPU      0.36s WALL (       9 calls)
     addusd:skk   :      0.04s CPU      0.00s WALL (      27 calls)
     addusd:dgemm :      1.79s CPU      0.09s WALL (      27 calls)
     addusd:qvan2 :      8.12s CPU      0.26s WALL (      27 calls)

     Called by *egterg:
     rdiaghg      :      1.36s CPU      0.05s WALL (      37 calls)
     regterg:over :      0.08s CPU      0.00s WALL (      29 calls)
     regterg:upda :      0.12s CPU      0.00s WALL (      29 calls)
     regterg:last :      0.18s CPU      0.01s WALL (      17 calls)
     h_psi        :     34.57s CPU      1.17s WALL (      39 calls)
     s_psi        :      0.05s CPU      0.00s WALL (      39 calls)
     g_psi        :      0.03s CPU      0.00s WALL (      29 calls)

     Called by h_psi:
     h_psi:calbec :      0.91s CPU      0.03s WALL (      39 calls)
     vloc_psi     :     33.39s CPU      1.13s WALL (      39 calls)
     add_vuspsi   :      0.07s CPU      0.00s WALL (      39 calls)

     General routines
     calbec       :      0.89s CPU      0.03s WALL (      53 calls)
     fft          :     42.41s CPU      1.45s WALL (     118 calls)
     ffts         :     15.28s CPU      0.52s WALL (      18 calls)
     fftw         :     32.61s CPU      1.10s WALL (     932 calls)
     interpolate  :     15.49s CPU      0.52s WALL (       9 calls)
 
     Parallel routines

     PAW routines
     PAW_pot      :      3.14s CPU      0.10s WALL (       9 calls)
     PAW_symme    :      0.02s CPU      0.00s WALL (      18 calls)
 
     PWSCF        :   2m34.03s CPU      5.95s WALL

 
   This run was terminated on:  11:37:22  21May2023            

=------------------------------------------------------------------------------=
   JOB DONE.
=------------------------------------------------------------------------------=
