
     Program PWSCF v.7.0 starts on 21May2023 at  4:44: 1 

     This program is part of the open-source Quantum ESPRESSO suite
     for quantum simulation of materials; please cite
         "P. Giannozzi et al., J. Phys.:Condens. Matter 21 395502 (2009);
         "P. Giannozzi et al., J. Phys.:Condens. Matter 29 465901 (2017);
         "P. Giannozzi et al., J. Chem. Phys. 152 154105 (2020);
          URL http://www.quantum-espresso.org", 
     in publications or presentations arising from this work. More details at
     http://www.quantum-espresso.org/quote

     Parallel version (MPI & OpenMP), running on      32 processor cores
     Number of MPI processes:                 1
     Threads/MPI process:                    32

     MPI processes distributed on     1 nodes
     78568 MiB available memory on the printing compute node when the environment starts
 
     Reading input from espresso_14062.pwi
Warning: card &CELL ignored
Warning: card / ignored

     Current dimensions of program PWSCF are:
     Max number of different atomic species (ntypx) = 10
     Max number of k-points (npk) =  40000
     Max angular momentum in pseudopotentials (lmaxx) =  4

     gamma-point specific algorithms are used
     Message from routine setup:
     using ibrav=0 with symmetry is DISCOURAGED, use correct ibrav instead

     Subspace diagonalization in iterative solution of the eigenvalue problem:
     a serial algorithm will be used

 
     G-vector sticks info
     --------------------
     sticks:   dense  smooth     PW     G-vecs:    dense   smooth      PW
     Sum        1045     517    127                22419     7943     965
 
     Using Slab Decomposition
 


     bravais-lattice index     =            0
     lattice parameter (alat)  =       7.9883  a.u.
     unit-cell volume          =     360.4495 (a.u.)^3
     number of atoms/cell      =            4
     number of atomic types    =            3
     number of electrons       =        58.00
     number of Kohn-Sham states=           35
     kinetic-energy cutoff     =      30.0000  Ry
     charge density cutoff     =     240.0000  Ry
     scf convergence threshold =      1.0E-06
     mixing beta               =       0.7000
     number of iterations used =            8  plain     mixing
     Exchange-correlation= PBE
                           (   1   4   3   4   0   0   0)

     celldm(1)=   7.988278  celldm(2)=   0.000000  celldm(3)=   0.000000
     celldm(4)=   0.000000  celldm(5)=   0.000000  celldm(6)=   0.000000

     crystal axes: (cart. coord. in units of alat)
               a(1) = (   1.000000   0.000000   0.000000 )  
               a(2) = (   0.500000   0.866025   0.000000 )  
               a(3) = (   0.500000   0.288675   0.816497 )  

     reciprocal axes: (cart. coord. in units 2 pi/alat)
               b(1) = (  1.000000 -0.577350 -0.408248 )  
               b(2) = (  0.000000  1.154701 -0.408248 )  
               b(3) = (  0.000000  0.000000  1.224745 )  


     PseudoPot. # 1 for Zn read from file:
     /home/pragov/projects/rrg-bengioy-ad/pragov/crystal_structure_design/SSSP/Zn_pbe_v1.uspp.F.UPF
     MD5 check sum: df62231357ef9e81f77b2b3087fa5675
     Pseudo is Ultrasoft, Zval = 20.0
     Generated by new atomic code, or converted to UPF format
     Using radial grid of  943 points,  6 beta functions with: 
                l(1) =   0
                l(2) =   0
                l(3) =   1
                l(4) =   1
                l(5) =   2
                l(6) =   2
     Q(r) pseudized with  8 coefficients,  rinner =    1.100   1.100   1.100
                                                       1.100   1.100

     PseudoPot. # 2 for Si read from file:
     /home/pragov/projects/rrg-bengioy-ad/pragov/crystal_structure_design/SSSP/Si.pbe-n-rrkjus_psl.1.0.0.UPF
     MD5 check sum: 0b0bb1205258b0d07b9f9672cf965d36
     Pseudo is Ultrasoft + core correction, Zval =  4.0
     Generated using "atomic" code by A. Dal Corso  v.5.1
     Using radial grid of 1141 points,  6 beta functions with: 
                l(1) =   0
                l(2) =   0
                l(3) =   1
                l(4) =   1
                l(5) =   2
                l(6) =   2
     Q(r) pseudized with 0 coefficients 


     PseudoPot. # 3 for Rh read from file:
     /home/pragov/projects/rrg-bengioy-ad/pragov/crystal_structure_design/SSSP/Rh_ONCV_PBE-1.0.oncvpsp.upf
     MD5 check sum: ba07c69523b14cacd10683cd4c4284c1
     Pseudo is Norm-conserving, Zval = 17.0
     Generated using ONCVPSP code by D. R. Hamann
     Using radial grid of 1442 points,  6 beta functions with: 
                l(1) =   0
                l(2) =   0
                l(3) =   1
                l(4) =   1
                l(5) =   2
                l(6) =   2

     atomic species   valence    mass     pseudopotential
        Zn            20.00    65.38000     Zn( 1.00)
        Si             4.00    28.08500     Si( 1.00)
        Rh            17.00   102.90550     Rh( 1.00)

     12 Sym. Ops., with inversion, found


                                    s                        frac. trans.

      isym =  1     identity                                     

 cryst.   s( 1) = (     1          0          0      )
                  (     0          1          0      )
                  (     0          0          1      )

 cart.    s( 1) = (  1.0000000  0.0000000  0.0000000 )
                  (  0.0000000  1.0000000  0.0000000 )
                  (  0.0000000  0.0000000  1.0000000 )


      isym =  2     180 deg rotation - cart. axis [1,0,0]        

 cryst.   s( 2) = (     1          0          0      )
                  (     1         -1          0      )
                  (     1          0         -1      )

 cart.    s( 2) = (  1.0000000  0.0000000  0.0000000 )
                  (  0.0000000 -1.0000000 -0.0000000 )
                  (  0.0000000  0.0000000 -1.0000000 )


      isym =  3     120 deg rotation - cryst. axis [0,0,1]       

 cryst.   s( 3) = (    -1          1          0      )
                  (    -1          0          0      )
                  (    -1          0          1      )

 cart.    s( 3) = ( -0.5000000 -0.8660254  0.0000000 )
                  (  0.8660254 -0.5000000  0.0000000 )
                  (  0.0000000  0.0000000  1.0000000 )


      isym =  4     120 deg rotation - cryst. axis [0,0,-1]      

 cryst.   s( 4) = (     0         -1          0      )
                  (     1         -1          0      )
                  (     0         -1          1      )

 cart.    s( 4) = ( -0.5000000  0.8660254 -0.0000000 )
                  ( -0.8660254 -0.5000000  0.0000000 )
                  (  0.0000000  0.0000000  1.0000000 )


      isym =  5     180 deg rotation - cryst. axis [0,1,0]       

 cryst.   s( 5) = (     0         -1          0      )
                  (    -1          0          0      )
                  (     0          0         -1      )

 cart.    s( 5) = ( -0.5000000 -0.8660254  0.0000000 )
                  ( -0.8660254  0.5000000 -0.0000000 )
                  (  0.0000000  0.0000000 -1.0000000 )


      isym =  6     180 deg rotation - cryst. axis [1,1,0]       

 cryst.   s( 6) = (    -1          1          0      )
                  (     0          1          0      )
                  (     0          1         -1      )

 cart.    s( 6) = ( -0.5000000  0.8660254 -0.0000000 )
                  (  0.8660254  0.5000000 -0.0000000 )
                  (  0.0000000  0.0000000 -1.0000000 )


      isym =  7     inversion                                    

 cryst.   s( 7) = (    -1          0          0      )
                  (     0         -1          0      )
                  (     0          0         -1      )

 cart.    s( 7) = ( -1.0000000  0.0000000 -0.0000000 )
                  (  0.0000000 -1.0000000 -0.0000000 )
                  (  0.0000000  0.0000000 -1.0000000 )


      isym =  8     inv. 180 deg rotation - cart. axis [1,0,0]   

 cryst.   s( 8) = (    -1          0          0      )
                  (    -1          1          0      )
                  (    -1          0          1      )

 cart.    s( 8) = ( -1.0000000  0.0000000 -0.0000000 )
                  (  0.0000000  1.0000000  0.0000000 )
                  (  0.0000000  0.0000000  1.0000000 )


      isym =  9     inv. 120 deg rotation - cryst. axis [0,0,1]  

 cryst.   s( 9) = (     1         -1          0      )
                  (     1          0          0      )
                  (     1          0         -1      )

 cart.    s( 9) = (  0.5000000  0.8660254 -0.0000000 )
                  ( -0.8660254  0.5000000 -0.0000000 )
                  (  0.0000000  0.0000000 -1.0000000 )


      isym = 10     inv. 120 deg rotation - cryst. axis [0,0,-1] 

 cryst.   s(10) = (     0          1          0      )
                  (    -1          1          0      )
                  (     0          1         -1      )

 cart.    s(10) = (  0.5000000 -0.8660254  0.0000000 )
                  (  0.8660254  0.5000000 -0.0000000 )
                  (  0.0000000  0.0000000 -1.0000000 )


      isym = 11     inv. 180 deg rotation - cryst. axis [0,1,0]  

 cryst.   s(11) = (     0          1          0      )
                  (     1          0          0      )
                  (     0          0          1      )

 cart.    s(11) = (  0.5000000  0.8660254 -0.0000000 )
                  (  0.8660254 -0.5000000  0.0000000 )
                  (  0.0000000  0.0000000  1.0000000 )


      isym = 12     inv. 180 deg rotation - cryst. axis [1,1,0]  

 cryst.   s(12) = (     1         -1          0      )
                  (     0         -1          0      )
                  (     0         -1          1      )

 cart.    s(12) = (  0.5000000 -0.8660254  0.0000000 )
                  ( -0.8660254 -0.5000000  0.0000000 )
                  (  0.0000000  0.0000000  1.0000000 )


   Cartesian axes

     site n.     atom                  positions (alat units)
         1           Zn  tau(   1) = (   1.0000000   0.5773503   0.4082483  )
         2           Si  tau(   2) = (   0.0000000   0.0000000   0.0000000  )
         3           Rh  tau(   3) = (   1.5000000   0.8660254   0.6123724  )
         4           Rh  tau(   4) = (   0.5000000   0.2886751   0.2041241  )

   Crystallographic axes

     site n.     atom                  positions (cryst. coord.)
         1           Zn  tau(   1) = (  0.5000000  0.5000000  0.5000000  )
         2           Si  tau(   2) = (  0.0000000  0.0000000  0.0000000  )
         3           Rh  tau(   3) = (  0.7500000  0.7500000  0.7500000  )
         4           Rh  tau(   4) = (  0.2500000  0.2500000  0.2500000  )

     number of k points=     1  Methfessel-Paxton smearing, width (Ry)=  0.0010
                       cart. coord. in units 2pi/alat
        k(    1) = (   0.0000000   0.0000000   0.0000000), wk =   2.0000000

                       cryst. coord.
        k(    1) = (   0.0000000   0.0000000   0.0000000), wk =   2.0000000

     Dense  grid:    11210 G-vectors     FFT dimensions: (  40,  40,  40)

     Smooth grid:     3972 G-vectors     FFT dimensions: (  27,  27,  27)

     Dynamical RAM for                 wfc:       0.27 MB

     Dynamical RAM for     wfc (w. buffer):       0.27 MB

     Dynamical RAM for           str. fact:       0.51 MB

     Dynamical RAM for           local pot:       0.00 MB

     Dynamical RAM for          nlocal pot:       0.55 MB

     Dynamical RAM for                qrad:       3.73 MB

     Dynamical RAM for          rho,v,vnew:       1.98 MB

     Dynamical RAM for               rhoin:       0.66 MB

     Dynamical RAM for            rho*nmix:       2.74 MB

     Dynamical RAM for           G-vectors:       0.67 MB

     Dynamical RAM for          h,s,v(r/c):       0.11 MB

     Dynamical RAM for          <psi|beta>:       0.02 MB

     Dynamical RAM for                 psi:       0.53 MB

     Dynamical RAM for                hpsi:       0.53 MB

     Dynamical RAM for                spsi:       0.53 MB

     Dynamical RAM for      wfcinit/wfcrot:       0.60 MB

     Dynamical RAM for           addusdens:      31.99 MB

     Dynamical RAM for          addusforce:      32.08 MB

     Dynamical RAM for         addusstress:      34.38 MB

     Estimated static dynamical RAM per process >      11.50 MB

     Estimated max dynamical RAM per process >      48.61 MB

     Initial potential from superposition of free atoms

     starting charge      57.9984, renormalised to      58.0000
     Starting wfcs are   37 randomized atomic wfcs

     total cpu time spent up to now is        2.1 secs

     Self-consistent Calculation

     iteration #  1     ecut=    30.00 Ry     beta= 0.70
     Davidson diagonalization with overlap

---- Real-time Memory Report at c_bands before calling an iterative solver
           258 MiB given to the printing process from OS
             0 MiB allocation reported by mallinfo(arena+hblkhd)
         78499 MiB available memory on the node where the printing process lives
------------------
     ethr =  1.00E-02,  avg # of iterations =  2.0

     total cpu time spent up to now is        2.3 secs

     total energy              =    -905.73914913 Ry
     estimated scf accuracy    <       1.00544696 Ry

     iteration #  2     ecut=    30.00 Ry     beta= 0.70
     Davidson diagonalization with overlap

---- Real-time Memory Report at c_bands before calling an iterative solver
           406 MiB given to the printing process from OS
             0 MiB allocation reported by mallinfo(arena+hblkhd)
         78336 MiB available memory on the node where the printing process lives
------------------
     ethr =  1.73E-03,  avg # of iterations =  5.0

     total cpu time spent up to now is        2.5 secs

     total energy              =    -905.98604259 Ry
     estimated scf accuracy    <       1.67980025 Ry

     iteration #  3     ecut=    30.00 Ry     beta= 0.70
     Davidson diagonalization with overlap

---- Real-time Memory Report at c_bands before calling an iterative solver
           409 MiB given to the printing process from OS
             0 MiB allocation reported by mallinfo(arena+hblkhd)
         78336 MiB available memory on the node where the printing process lives
------------------
     ethr =  1.73E-03,  avg # of iterations =  5.0

     total cpu time spent up to now is        2.7 secs

     total energy              =    -906.28748237 Ry
     estimated scf accuracy    <       0.00951963 Ry

     iteration #  4     ecut=    30.00 Ry     beta= 0.70
     Davidson diagonalization with overlap

---- Real-time Memory Report at c_bands before calling an iterative solver
           410 MiB given to the printing process from OS
             0 MiB allocation reported by mallinfo(arena+hblkhd)
         78336 MiB available memory on the node where the printing process lives
------------------
     ethr =  1.64E-05,  avg # of iterations =  5.0

     total cpu time spent up to now is        2.9 secs

     total energy              =    -906.29207226 Ry
     estimated scf accuracy    <       0.00657171 Ry

     iteration #  5     ecut=    30.00 Ry     beta= 0.70
     Davidson diagonalization with overlap

---- Real-time Memory Report at c_bands before calling an iterative solver
           410 MiB given to the printing process from OS
             0 MiB allocation reported by mallinfo(arena+hblkhd)
         78336 MiB available memory on the node where the printing process lives
------------------
     ethr =  1.13E-05,  avg # of iterations =  2.0

     total cpu time spent up to now is        3.1 secs

     total energy              =    -906.29310296 Ry
     estimated scf accuracy    <       0.00282936 Ry

     iteration #  6     ecut=    30.00 Ry     beta= 0.70
     Davidson diagonalization with overlap

---- Real-time Memory Report at c_bands before calling an iterative solver
           410 MiB given to the printing process from OS
             0 MiB allocation reported by mallinfo(arena+hblkhd)
         78336 MiB available memory on the node where the printing process lives
------------------
     ethr =  4.88E-06,  avg # of iterations =  2.0

     total cpu time spent up to now is        3.3 secs

     total energy              =    -906.29340489 Ry
     estimated scf accuracy    <       0.00062007 Ry

     iteration #  7     ecut=    30.00 Ry     beta= 0.70
     Davidson diagonalization with overlap

---- Real-time Memory Report at c_bands before calling an iterative solver
           410 MiB given to the printing process from OS
             0 MiB allocation reported by mallinfo(arena+hblkhd)
         78336 MiB available memory on the node where the printing process lives
------------------
     ethr =  1.07E-06,  avg # of iterations =  2.0

     total cpu time spent up to now is        3.5 secs

     total energy              =    -906.29348493 Ry
     estimated scf accuracy    <       0.00002225 Ry

     iteration #  8     ecut=    30.00 Ry     beta= 0.70
     Davidson diagonalization with overlap

---- Real-time Memory Report at c_bands before calling an iterative solver
           410 MiB given to the printing process from OS
             0 MiB allocation reported by mallinfo(arena+hblkhd)
         78336 MiB available memory on the node where the printing process lives
------------------
     ethr =  3.84E-08,  avg # of iterations =  3.0

     total cpu time spent up to now is        3.7 secs

     total energy              =    -906.29349271 Ry
     estimated scf accuracy    <       0.00000470 Ry

     iteration #  9     ecut=    30.00 Ry     beta= 0.70
     Davidson diagonalization with overlap

---- Real-time Memory Report at c_bands before calling an iterative solver
           410 MiB given to the printing process from OS
             0 MiB allocation reported by mallinfo(arena+hblkhd)
         78336 MiB available memory on the node where the printing process lives
------------------
     ethr =  8.10E-09,  avg # of iterations =  1.0

     total cpu time spent up to now is        3.8 secs

     End of self-consistent calculation

          k = 0.0000 0.0000 0.0000 (   483 PWs)   bands (ev):

  -107.7610 -61.8239 -61.8239 -61.8239 -58.0565 -58.0258 -26.0926 -26.0926
   -26.0926 -25.9756 -25.9756 -25.9755   7.5921  11.2011  11.2012  11.3098
    11.3098  11.3098  13.6364  13.6364  13.6365  15.7084  15.7084  18.5678
    18.6836  18.6837  18.6837  20.0038  20.0038  23.0612  23.0613  23.0613
    23.3645  23.3646  23.3646

     occupation numbers 
     1.0000   1.0000   1.0000   1.0000   1.0000   1.0000   1.0000   1.0000
     1.0000   1.0000   1.0000   1.0000   1.0000   1.0000   1.0000   1.0000
     1.0000   1.0000   1.0000   1.0000   1.0000   1.0000   1.0000   1.0000
     1.0000   1.0000   1.0000   1.0000   1.0000  -0.0000  -0.0000  -0.0000
    -0.0000  -0.0000  -0.0000

     the Fermi energy is    21.4476 ev

!    total energy              =    -906.29349212 Ry
     estimated scf accuracy    <       0.00000098 Ry
     smearing contrib. (-TS)   =       0.00000000 Ry
     internal energy E=F+TS    =    -906.29349212 Ry

     The total energy is F=E-TS. E is the sum of the following terms:
     one-electron contribution =    -516.12270589 Ry
     hartree contribution      =     293.43747596 Ry
     xc contribution           =     -93.16316843 Ry
     ewald contribution        =    -590.44509377 Ry

     convergence has been achieved in   9 iterations

     Forces acting on atoms (cartesian axes, Ry/au):

     atom    1 type  1   force =    -0.00000000   -0.00000000    0.00000000
     atom    2 type  2   force =     0.00000000    0.00000000   -0.00000000
     atom    3 type  3   force =    -0.00000000    0.00000000    0.00015395
     atom    4 type  3   force =    -0.00000000   -0.00000000   -0.00015395
     The non-local contrib.  to forces
     atom    1 type  1   force =     0.00000000    0.00000000    0.00000000
     atom    2 type  2   force =     0.00000000    0.00000000    0.00000000
     atom    3 type  3   force =    -0.00000000    0.00000000   -0.00008020
     atom    4 type  3   force =     0.00000000    0.00000000    0.00008020
     The ionic contribution  to forces
     atom    1 type  1   force =     0.00000000    0.00000000    0.00000000
     atom    2 type  2   force =     0.00000000   -0.00000000   -0.00000000
     atom    3 type  3   force =    -0.00000000    0.00000000   -0.00000000
     atom    4 type  3   force =     0.00000000   -0.00000000    0.00000000
     The local contribution  to forces
     atom    1 type  1   force =    -0.00002431    0.00001709   -0.00011620
     atom    2 type  2   force =     0.00000024   -0.00000242    0.00000686
     atom    3 type  3   force =     0.00002105   -0.00005316   -0.00027409
     atom    4 type  3   force =    -0.00006079    0.00008139    0.00007273
     The core correction contribution to forces
     atom    1 type  1   force =     0.00000000    0.00000000    0.00000000
     atom    2 type  2   force =     0.00000042   -0.00000011    0.00000159
     atom    3 type  3   force =     0.00000000    0.00000000    0.00000000
     atom    4 type  3   force =     0.00000000    0.00000000    0.00000000
     The Hubbard contrib.    to forces
     atom    1 type  1   force =     0.00000000    0.00000000    0.00000000
     atom    2 type  2   force =     0.00000000    0.00000000    0.00000000
     atom    3 type  3   force =     0.00000000    0.00000000    0.00000000
     atom    4 type  3   force =     0.00000000    0.00000000    0.00000000
     The SCF correction term to forces
     atom    1 type  1   force =     0.00005803   -0.00004777    0.00028235
     atom    2 type  2   force =     0.00000070    0.00000113   -0.00000463
     atom    3 type  3   force =    -0.00004811    0.00006216    0.00045299
     atom    4 type  3   force =     0.00005669   -0.00007301   -0.00036212

     Total force =     0.000218     Total SCF correction =     0.000661
     SCF correction compared to forces is large: reduce conv_thr to get better values


     Computing stress (Cartesian axis) and pressure

          total   stress  (Ry/bohr**3)                   (kbar)     P=      151.47
   0.00102986   0.00000000   0.00000000          151.50        0.00        0.00
   0.00000000   0.00102986  -0.00000000            0.00      151.50       -0.00
   0.00000000  -0.00000000   0.00102925            0.00       -0.00      151.41

     kinetic stress (kbar)  50907.75     -0.00     -0.00
                                0.00  50907.75     -0.00
                                0.00     -0.00  50907.73

     local   stress (kbar)  -3225.21      0.04      0.01
                                0.04  -3225.14     -0.01
                                0.01     -0.01  -3224.94

     nonloc. stress (kbar)   4531.74     -0.00     -0.00
                               -0.00   4531.74     -0.00
                               -0.00     -0.00   4531.71

     hartree stress (kbar)  39918.92     -0.02     -0.01
                               -0.02  39918.88      0.01
                               -0.01      0.01  39918.63

     exc-cor stress (kbar) -10167.76      0.00     -0.00
                                0.00 -10167.76      0.00
                               -0.00      0.00 -10167.76

     corecor stress (kbar)  -1490.67     -0.00      0.00
                               -0.00  -1490.67     -0.00
                                0.00     -0.00  -1490.67

     ewald   stress (kbar) -80323.29      0.00      0.00
                                0.00 -80323.29      0.00
                                0.00      0.00 -80323.29

     hubbard stress (kbar)      0.00      0.00      0.00
                                0.00      0.00      0.00
                                0.00      0.00      0.00

     DFT-D   stress (kbar)      0.00      0.00      0.00
                                0.00      0.00      0.00
                                0.00      0.00      0.00

     XDM     stress (kbar)      0.00      0.00      0.00
                                0.00      0.00      0.00
                                0.00      0.00      0.00

     dft-nl  stress (kbar)      0.00      0.00      0.00
                                0.00      0.00      0.00
                                0.00      0.00      0.00

     TS-vdW  stress (kbar)      0.00      0.00      0.00
                                0.00      0.00      0.00
                                0.00      0.00      0.00


                                0.00      0.00      0.00
                                0.00      0.00      0.00


                                0.00      0.00      0.00


     Writing all to output data dir new_calculations/myprefix.save/
 
     init_run     :     44.78s CPU      1.90s WALL (       1 calls)
     electrons    :     55.66s CPU      1.78s WALL (       1 calls)
     forces       :      0.86s CPU      0.03s WALL (       1 calls)
     stress       :      2.52s CPU      0.08s WALL (       1 calls)

     Called by init_run:
     wfcinit      :      8.34s CPU      0.27s WALL (       1 calls)
     wfcinit:atom :      0.01s CPU      0.00s WALL (       1 calls)
     wfcinit:wfcr :      8.28s CPU      0.27s WALL (       1 calls)
     potinit      :      8.23s CPU      0.27s WALL (       1 calls)
     hinit0       :     27.39s CPU      1.33s WALL (       1 calls)

     Called by electrons:
     c_bands      :     34.07s CPU      1.09s WALL (       9 calls)
     sum_band     :     12.73s CPU      0.41s WALL (       9 calls)
     v_of_rho     :      2.12s CPU      0.07s WALL (      10 calls)
     v_h          :      0.20s CPU      0.01s WALL (      10 calls)
     v_xc         :      2.20s CPU      0.07s WALL (      12 calls)
     newd         :      5.96s CPU      0.20s WALL (      10 calls)
     mix_rho      :      0.42s CPU      0.01s WALL (       9 calls)

     Called by c_bands:
     init_us_2    :      0.15s CPU      0.01s WALL (      19 calls)
     init_us_2:cp :      0.12s CPU      0.01s WALL (      19 calls)
     regterg      :     33.66s CPU      1.07s WALL (       9 calls)

     Called by sum_band:
     sum_band:wei :      0.01s CPU      0.00s WALL (       9 calls)
     sum_band:loo :      5.89s CPU      0.19s WALL (       9 calls)
     sum_band:buf :      0.01s CPU      0.00s WALL (       9 calls)
     sum_band:ini :      0.08s CPU      0.00s WALL (       9 calls)
     sum_band:cal :      0.03s CPU      0.00s WALL (       9 calls)
     sum_band:bec :      0.01s CPU      0.00s WALL (       9 calls)
     addusdens    :      6.56s CPU      0.21s WALL (       9 calls)
     addusd:skk   :      0.02s CPU      0.00s WALL (      18 calls)
     addusd:dgemm :      0.75s CPU      0.03s WALL (      18 calls)
     addusd:qvan2 :      5.65s CPU      0.18s WALL (      18 calls)

     Called by *egterg:
     rdiaghg      :      1.66s CPU      0.06s WALL (      36 calls)
     regterg:over :      0.07s CPU      0.00s WALL (      27 calls)
     regterg:upda :      0.09s CPU      0.00s WALL (      27 calls)
     regterg:last :      0.15s CPU      0.01s WALL (      19 calls)
     h_psi        :     39.38s CPU      1.25s WALL (      37 calls)
     s_psi        :      0.04s CPU      0.00s WALL (      37 calls)
     g_psi        :      0.03s CPU      0.00s WALL (      27 calls)

     Called by h_psi:
     h_psi:calbec :      0.14s CPU      0.01s WALL (      37 calls)
     vloc_psi     :     38.99s CPU      1.24s WALL (      37 calls)
     add_vuspsi   :      0.08s CPU      0.00s WALL (      37 calls)

     General routines
     calbec       :      0.12s CPU      0.00s WALL (      51 calls)
     fft          :     16.99s CPU      0.57s WALL (     128 calls)
     ffts         :      7.93s CPU      0.26s WALL (      19 calls)
     fftw         :     41.85s CPU      1.33s WALL (    1028 calls)
     interpolate  :      8.07s CPU      0.26s WALL (      10 calls)
 
     Parallel routines
 
     PWSCF        :   1m49.84s CPU      4.18s WALL

 
   This run was terminated on:   4:44: 5  21May2023            

=------------------------------------------------------------------------------=
   JOB DONE.
=------------------------------------------------------------------------------=
