
     Program PWSCF v.7.0 starts on 20May2023 at 22:26:38 

     This program is part of the open-source Quantum ESPRESSO suite
     for quantum simulation of materials; please cite
         "P. Giannozzi et al., J. Phys.:Condens. Matter 21 395502 (2009);
         "P. Giannozzi et al., J. Phys.:Condens. Matter 29 465901 (2017);
         "P. Giannozzi et al., J. Chem. Phys. 152 154105 (2020);
          URL http://www.quantum-espresso.org", 
     in publications or presentations arising from this work. More details at
     http://www.quantum-espresso.org/quote

     Parallel version (MPI & OpenMP), running on      32 processor cores
     Number of MPI processes:                 1
     Threads/MPI process:                    32

     MPI processes distributed on     1 nodes
     76409 MiB available memory on the printing compute node when the environment starts
 
     Reading input from espresso_14814.pwi
Warning: card &CELL ignored
Warning: card / ignored

     Current dimensions of program PWSCF are:
     Max number of different atomic species (ntypx) = 10
     Max number of k-points (npk) =  40000
     Max angular momentum in pseudopotentials (lmaxx) =  4
     file In.pbe-dn-rrkjus_psl.0.2.2.UPF: wavefunction(s)  5S renormalized

     gamma-point specific algorithms are used
     Message from routine setup:
     using ibrav=0 with symmetry is DISCOURAGED, use correct ibrav instead

     Subspace diagonalization in iterative solution of the eigenvalue problem:
     a serial algorithm will be used

 
     G-vector sticks info
     --------------------
     sticks:   dense  smooth     PW     G-vecs:    dense   smooth      PW
     Sum        1675     847    211                45863    16361    2085
 
     Using Slab Decomposition
 


     bravais-lattice index     =            0
     lattice parameter (alat)  =      10.1293  a.u.
     unit-cell volume          =     734.8980 (a.u.)^3
     number of atoms/cell      =            4
     number of atomic types    =            3
     number of electrons       =        48.00
     number of Kohn-Sham states=           29
     kinetic-energy cutoff     =      30.0000  Ry
     charge density cutoff     =     240.0000  Ry
     scf convergence threshold =      1.0E-06
     mixing beta               =       0.7000
     number of iterations used =            8  plain     mixing
     Exchange-correlation= PBE
                           (   1   4   3   4   0   0   0)

     celldm(1)=  10.129329  celldm(2)=   0.000000  celldm(3)=   0.000000
     celldm(4)=   0.000000  celldm(5)=   0.000000  celldm(6)=   0.000000

     crystal axes: (cart. coord. in units of alat)
               a(1) = (   1.000000   0.000000   0.000000 )  
               a(2) = (   0.500000   0.866025   0.000000 )  
               a(3) = (   0.500000   0.288675   0.816497 )  

     reciprocal axes: (cart. coord. in units 2 pi/alat)
               b(1) = (  1.000000 -0.577350 -0.408248 )  
               b(2) = (  0.000000  1.154701 -0.408248 )  
               b(3) = (  0.000000  0.000000  1.224745 )  


     PseudoPot. # 1 for Y  read from file:
     /home/pragov/projects/rrg-bengioy-ad/pragov/crystal_structure_design/SSSP/Y_pbe_v1.uspp.F.UPF
     MD5 check sum: 2cf71db95cafeb975fc457bd7f14888e
     Pseudo is Ultrasoft + core correction, Zval = 11.0
     Generated by new atomic code, or converted to UPF format
     Using radial grid of  885 points,  6 beta functions with: 
                l(1) =   0
                l(2) =   0
                l(3) =   1
                l(4) =   1
                l(5) =   2
                l(6) =   2
     Q(r) pseudized with  6 coefficients,  rinner =    1.200   1.200   1.200
                                                       1.200   1.200

     PseudoPot. # 2 for Tl read from file:
     /home/pragov/projects/rrg-bengioy-ad/pragov/crystal_structure_design/SSSP/Tl_pbe_v1.2.uspp.F.UPF
     MD5 check sum: b76cf1f7e72655a2b2c53cf6385d7059
     Pseudo is Ultrasoft + core correction, Zval = 13.0
     Generated by new atomic code, or converted to UPF format
     Using radial grid of  899 points,  6 beta functions with: 
                l(1) =   0
                l(2) =   0
                l(3) =   1
                l(4) =   1
                l(5) =   2
                l(6) =   2
     Q(r) pseudized with  6 coefficients,  rinner =    1.100   1.100   1.100
                                                       1.100   1.100

     PseudoPot. # 3 for In read from file:
     /home/pragov/projects/rrg-bengioy-ad/pragov/crystal_structure_design/SSSP/In.pbe-dn-rrkjus_psl.0.2.2.UPF
     MD5 check sum: 25e7c42c3b55b68f4bf926be2e7201a4
     Pseudo is Ultrasoft + core correction, Zval = 13.0
     Generated using "atomic" code by A. Dal Corso  v.5.0.99 svn rev. 10869
     Using radial grid of 1241 points,  6 beta functions with: 
                l(1) =   0
                l(2) =   0
                l(3) =   1
                l(4) =   1
                l(5) =   2
                l(6) =   2
     Q(r) pseudized with 0 coefficients 


     atomic species   valence    mass     pseudopotential
        Y             11.00    88.90584     Y ( 1.00)
        Tl            13.00   204.38000     Tl( 1.00)
        In            13.00   114.81800     In( 1.00)

     12 Sym. Ops., with inversion, found


                                    s                        frac. trans.

      isym =  1     identity                                     

 cryst.   s( 1) = (     1          0          0      )
                  (     0          1          0      )
                  (     0          0          1      )

 cart.    s( 1) = (  1.0000000  0.0000000  0.0000000 )
                  (  0.0000000  1.0000000 -0.0000000 )
                  (  0.0000000  0.0000000  1.0000000 )


      isym =  2     180 deg rotation - cart. axis [1,0,0]        

 cryst.   s( 2) = (     1          0          0      )
                  (     1         -1          0      )
                  (     1          0         -1      )

 cart.    s( 2) = (  1.0000000  0.0000000  0.0000000 )
                  (  0.0000000 -1.0000000  0.0000000 )
                  (  0.0000000  0.0000000 -1.0000000 )


      isym =  3     120 deg rotation - cryst. axis [0,0,1]       

 cryst.   s( 3) = (    -1          1          0      )
                  (    -1          0          0      )
                  (    -1          0          1      )

 cart.    s( 3) = ( -0.5000000 -0.8660254 -0.0000000 )
                  (  0.8660254 -0.5000000 -0.0000000 )
                  (  0.0000000  0.0000000  1.0000000 )


      isym =  4     120 deg rotation - cryst. axis [0,0,-1]      

 cryst.   s( 4) = (     0         -1          0      )
                  (     1         -1          0      )
                  (     0         -1          1      )

 cart.    s( 4) = ( -0.5000000  0.8660254  0.0000000 )
                  ( -0.8660254 -0.5000000 -0.0000000 )
                  (  0.0000000  0.0000000  1.0000000 )


      isym =  5     180 deg rotation - cryst. axis [0,1,0]       

 cryst.   s( 5) = (     0         -1          0      )
                  (    -1          0          0      )
                  (     0          0         -1      )

 cart.    s( 5) = ( -0.5000000 -0.8660254 -0.0000000 )
                  ( -0.8660254  0.5000000  0.0000000 )
                  (  0.0000000  0.0000000 -1.0000000 )


      isym =  6     180 deg rotation - cryst. axis [1,1,0]       

 cryst.   s( 6) = (    -1          1          0      )
                  (     0          1          0      )
                  (     0          1         -1      )

 cart.    s( 6) = ( -0.5000000  0.8660254  0.0000000 )
                  (  0.8660254  0.5000000  0.0000000 )
                  (  0.0000000  0.0000000 -1.0000000 )


      isym =  7     inversion                                    

 cryst.   s( 7) = (    -1          0          0      )
                  (     0         -1          0      )
                  (     0          0         -1      )

 cart.    s( 7) = ( -1.0000000  0.0000000  0.0000000 )
                  (  0.0000000 -1.0000000  0.0000000 )
                  (  0.0000000  0.0000000 -1.0000000 )


      isym =  8     inv. 180 deg rotation - cart. axis [1,0,0]   

 cryst.   s( 8) = (    -1          0          0      )
                  (    -1          1          0      )
                  (    -1          0          1      )

 cart.    s( 8) = ( -1.0000000  0.0000000 -0.0000000 )
                  (  0.0000000  1.0000000 -0.0000000 )
                  (  0.0000000  0.0000000  1.0000000 )


      isym =  9     inv. 120 deg rotation - cryst. axis [0,0,1]  

 cryst.   s( 9) = (     1         -1          0      )
                  (     1          0          0      )
                  (     1          0         -1      )

 cart.    s( 9) = (  0.5000000  0.8660254  0.0000000 )
                  ( -0.8660254  0.5000000  0.0000000 )
                  (  0.0000000  0.0000000 -1.0000000 )


      isym = 10     inv. 120 deg rotation - cryst. axis [0,0,-1] 

 cryst.   s(10) = (     0          1          0      )
                  (    -1          1          0      )
                  (     0          1         -1      )

 cart.    s(10) = (  0.5000000 -0.8660254 -0.0000000 )
                  (  0.8660254  0.5000000  0.0000000 )
                  (  0.0000000  0.0000000 -1.0000000 )


      isym = 11     inv. 180 deg rotation - cryst. axis [0,1,0]  

 cryst.   s(11) = (     0          1          0      )
                  (     1          0          0      )
                  (     0          0          1      )

 cart.    s(11) = (  0.5000000  0.8660254  0.0000000 )
                  (  0.8660254 -0.5000000 -0.0000000 )
                  (  0.0000000  0.0000000  1.0000000 )


      isym = 12     inv. 180 deg rotation - cryst. axis [1,1,0]  

 cryst.   s(12) = (     1         -1          0      )
                  (     0         -1          0      )
                  (     0         -1          1      )

 cart.    s(12) = (  0.5000000 -0.8660254 -0.0000000 )
                  ( -0.8660254 -0.5000000 -0.0000000 )
                  (  0.0000000  0.0000000  1.0000000 )


   Cartesian axes

     site n.     atom                  positions (alat units)
         1           Y   tau(   1) = (   1.5000000   0.8660254   0.6123724  )
         2           Y   tau(   2) = (   0.5000000   0.2886751   0.2041241  )
         3           Tl  tau(   3) = (   0.0000000   0.0000000   0.0000000  )
         4           In  tau(   4) = (   1.0000000   0.5773503   0.4082483  )

   Crystallographic axes

     site n.     atom                  positions (cryst. coord.)
         1           Y   tau(   1) = (  0.7500000  0.7500000  0.7500000  )
         2           Y   tau(   2) = (  0.2500000  0.2500000  0.2500000  )
         3           Tl  tau(   3) = (  0.0000000  0.0000000  0.0000000  )
         4           In  tau(   4) = (  0.5000000  0.5000000  0.5000000  )

     number of k points=     1  Methfessel-Paxton smearing, width (Ry)=  0.0010
                       cart. coord. in units 2pi/alat
        k(    1) = (   0.0000000   0.0000000   0.0000000), wk =   2.0000000

                       cryst. coord.
        k(    1) = (   0.0000000   0.0000000   0.0000000), wk =   2.0000000

     Dense  grid:    22932 G-vectors     FFT dimensions: (  50,  50,  50)

     Smooth grid:     8181 G-vectors     FFT dimensions: (  36,  36,  36)

     Dynamical RAM for                 wfc:       0.45 MB

     Dynamical RAM for     wfc (w. buffer):       0.45 MB

     Dynamical RAM for           str. fact:       1.05 MB

     Dynamical RAM for           local pot:       0.00 MB

     Dynamical RAM for          nlocal pot:       1.12 MB

     Dynamical RAM for                qrad:       3.73 MB

     Dynamical RAM for          rho,v,vnew:       3.91 MB

     Dynamical RAM for               rhoin:       1.30 MB

     Dynamical RAM for            rho*nmix:       5.60 MB

     Dynamical RAM for           G-vectors:       1.37 MB

     Dynamical RAM for          h,s,v(r/c):       0.08 MB

     Dynamical RAM for          <psi|beta>:       0.02 MB

     Dynamical RAM for                 psi:       0.90 MB

     Dynamical RAM for                hpsi:       0.90 MB

     Dynamical RAM for                spsi:       0.90 MB

     Dynamical RAM for      wfcinit/wfcrot:       1.41 MB

     Dynamical RAM for           addusdens:      65.78 MB

     Dynamical RAM for          addusforce:      66.67 MB

     Dynamical RAM for         addusstress:      70.33 MB

     Estimated static dynamical RAM per process >      19.11 MB

     Estimated max dynamical RAM per process >      95.04 MB

     Check: negative core charge=   -0.000005

     Initial potential from superposition of free atoms

     starting charge      47.9825, renormalised to      48.0000

     negative rho (up, down):  1.371E-01 0.000E+00
     Starting wfcs are   44 randomized atomic wfcs

     total cpu time spent up to now is       10.2 secs

     Self-consistent Calculation

     iteration #  1     ecut=    30.00 Ry     beta= 0.70
     Davidson diagonalization with overlap

---- Real-time Memory Report at c_bands before calling an iterative solver
           306 MiB given to the printing process from OS
             0 MiB allocation reported by mallinfo(arena+hblkhd)
         76336 MiB available memory on the node where the printing process lives
------------------
     ethr =  1.00E-02,  avg # of iterations =  2.0

     Threshold (ethr) on eigenvalues was too large:
     Diagonalizing with lowered threshold

     Davidson diagonalization with overlap

---- Real-time Memory Report at c_bands before calling an iterative solver
           338 MiB given to the printing process from OS
             0 MiB allocation reported by mallinfo(arena+hblkhd)
         76253 MiB available memory on the node where the printing process lives
------------------
     ethr =  8.86E-05,  avg # of iterations =  5.0

     negative rho (up, down):  1.320E-01 0.000E+00

     total cpu time spent up to now is       12.9 secs

     total energy              =    -464.98682950 Ry
     estimated scf accuracy    <       0.04119082 Ry

     iteration #  2     ecut=    30.00 Ry     beta= 0.70
     Davidson diagonalization with overlap

---- Real-time Memory Report at c_bands before calling an iterative solver
           354 MiB given to the printing process from OS
             0 MiB allocation reported by mallinfo(arena+hblkhd)
         76237 MiB available memory on the node where the printing process lives
------------------
     ethr =  8.58E-05,  avg # of iterations =  4.0

     negative rho (up, down):  1.319E-01 0.000E+00

     total cpu time spent up to now is       14.3 secs

     total energy              =    -464.99826521 Ry
     estimated scf accuracy    <       0.01098447 Ry

     iteration #  3     ecut=    30.00 Ry     beta= 0.70
     Davidson diagonalization with overlap

---- Real-time Memory Report at c_bands before calling an iterative solver
           356 MiB given to the printing process from OS
             0 MiB allocation reported by mallinfo(arena+hblkhd)
         76235 MiB available memory on the node where the printing process lives
------------------
     ethr =  2.29E-05,  avg # of iterations =  3.0

     negative rho (up, down):  1.318E-01 0.000E+00

     total cpu time spent up to now is       14.6 secs

     total energy              =    -464.99965541 Ry
     estimated scf accuracy    <       0.02391532 Ry

     iteration #  4     ecut=    30.00 Ry     beta= 0.70
     Davidson diagonalization with overlap

---- Real-time Memory Report at c_bands before calling an iterative solver
           356 MiB given to the printing process from OS
             0 MiB allocation reported by mallinfo(arena+hblkhd)
         76235 MiB available memory on the node where the printing process lives
------------------
     ethr =  2.29E-05,  avg # of iterations =  1.0

     negative rho (up, down):  1.315E-01 0.000E+00

     total cpu time spent up to now is       14.9 secs

     total energy              =    -465.00035856 Ry
     estimated scf accuracy    <       0.04404550 Ry

     iteration #  5     ecut=    30.00 Ry     beta= 0.70
     Davidson diagonalization with overlap

---- Real-time Memory Report at c_bands before calling an iterative solver
           356 MiB given to the printing process from OS
             0 MiB allocation reported by mallinfo(arena+hblkhd)
         76236 MiB available memory on the node where the printing process lives
------------------
     ethr =  2.29E-05,  avg # of iterations =  1.0

     negative rho (up, down):  1.312E-01 0.000E+00

     total cpu time spent up to now is       15.1 secs

     total energy              =    -465.00114340 Ry
     estimated scf accuracy    <       0.00025979 Ry

     iteration #  6     ecut=    30.00 Ry     beta= 0.70
     Davidson diagonalization with overlap

---- Real-time Memory Report at c_bands before calling an iterative solver
           356 MiB given to the printing process from OS
             0 MiB allocation reported by mallinfo(arena+hblkhd)
         76234 MiB available memory on the node where the printing process lives
------------------
     ethr =  5.41E-07,  avg # of iterations =  9.0

     negative rho (up, down):  1.312E-01 0.000E+00

     total cpu time spent up to now is       15.5 secs

     total energy              =    -465.00109487 Ry
     estimated scf accuracy    <       0.00544898 Ry

     iteration #  7     ecut=    30.00 Ry     beta= 0.70
     Davidson diagonalization with overlap

---- Real-time Memory Report at c_bands before calling an iterative solver
           360 MiB given to the printing process from OS
             0 MiB allocation reported by mallinfo(arena+hblkhd)
         76233 MiB available memory on the node where the printing process lives
------------------
     ethr =  5.41E-07,  avg # of iterations =  1.0

     negative rho (up, down):  1.311E-01 0.000E+00

     total cpu time spent up to now is       15.7 secs

     total energy              =    -465.00119221 Ry
     estimated scf accuracy    <       0.00009159 Ry

     iteration #  8     ecut=    30.00 Ry     beta= 0.70
     Davidson diagonalization with overlap

---- Real-time Memory Report at c_bands before calling an iterative solver
           360 MiB given to the printing process from OS
             0 MiB allocation reported by mallinfo(arena+hblkhd)
         76233 MiB available memory on the node where the printing process lives
------------------
     ethr =  1.91E-07,  avg # of iterations =  1.0

     negative rho (up, down):  1.311E-01 0.000E+00

     total cpu time spent up to now is       16.0 secs

     total energy              =    -465.00119413 Ry
     estimated scf accuracy    <       0.00000130 Ry

     iteration #  9     ecut=    30.00 Ry     beta= 0.70
     Davidson diagonalization with overlap

---- Real-time Memory Report at c_bands before calling an iterative solver
           360 MiB given to the printing process from OS
             0 MiB allocation reported by mallinfo(arena+hblkhd)
         76234 MiB available memory on the node where the printing process lives
------------------
     ethr =  2.70E-09,  avg # of iterations =  4.0

     negative rho (up, down):  1.311E-01 0.000E+00

     total cpu time spent up to now is       16.3 secs

     End of self-consistent calculation

          k = 0.0000 0.0000 0.0000 (  1043 PWs)   bands (ev):

   -31.2082 -31.1748 -11.3098 -11.3098 -11.3098 -11.1572 -11.1572 -11.1572
    -2.8698  -2.8698  -2.8698  -2.8401  -2.8401  -0.0707  -0.0706  -0.0706
    -0.0046  -0.0046   2.9724   7.9533   9.0881   9.0881   9.0882  11.4426
    11.4426  14.4177  14.4177  14.4183  15.0642

     occupation numbers 
     1.0000   1.0000   1.0000   1.0000   1.0000   1.0000   1.0000   1.0000
     1.0000   1.0000   1.0000   1.0000   1.0000   1.0000   1.0000   1.0000
     1.0000   1.0000   1.0000   1.0000   1.0000   1.0000   1.0000   0.5007
     0.4993  -0.0000  -0.0000  -0.0000  -0.0000

     the Fermi energy is    11.4426 ev

!    total energy              =    -465.00119445 Ry
     estimated scf accuracy    <       0.00000012 Ry
     smearing contrib. (-TS)   =      -0.00056419 Ry
     internal energy E=F+TS    =    -465.00063026 Ry

     The total energy is F=E-TS. E is the sum of the following terms:
     one-electron contribution =     -96.56109720 Ry
     hartree contribution      =      79.16403096 Ry
     xc contribution           =    -153.80464060 Ry
     ewald contribution        =    -293.79892343 Ry

     convergence has been achieved in   9 iterations

     negative rho (up, down):  1.311E-01 0.000E+00

     Forces acting on atoms (cartesian axes, Ry/au):

     atom    1 type  1   force =     0.00000000    0.00000000   -0.00000800
     atom    2 type  1   force =    -0.00000000   -0.00000000    0.00000800
     atom    3 type  2   force =     0.00000000   -0.00000000   -0.00000000
     atom    4 type  3   force =     0.00000000    0.00000000    0.00000000
     The non-local contrib.  to forces
     atom    1 type  1   force =     0.00000000    0.00000000   -0.00000656
     atom    2 type  1   force =     0.00000000   -0.00000000    0.00000656
     atom    3 type  2   force =     0.00000000    0.00000000   -0.00000000
     atom    4 type  3   force =    -0.00000000   -0.00000000   -0.00000000
     The ionic contribution  to forces
     atom    1 type  1   force =    -0.00000000    0.00000000   -0.00000000
     atom    2 type  1   force =     0.00000000   -0.00000000   -0.00000000
     atom    3 type  2   force =    -0.00000000   -0.00000000    0.00000000
     atom    4 type  3   force =     0.00000000    0.00000000    0.00000000
     The local contribution  to forces
     atom    1 type  1   force =     0.00004367   -0.00001095   -0.00004078
     atom    2 type  1   force =    -0.00008920   -0.00000871    0.00001787
     atom    3 type  2   force =     0.00005195   -0.00003903    0.00008765
     atom    4 type  3   force =    -0.00006857    0.00005364   -0.00007961
     The core correction contribution to forces
     atom    1 type  1   force =     0.00000286   -0.00000090   -0.00000085
     atom    2 type  1   force =    -0.00000344   -0.00000006   -0.00000215
     atom    3 type  2   force =     0.00000248   -0.00000275    0.00000236
     atom    4 type  3   force =    -0.00000199    0.00000284   -0.00000168
     The Hubbard contrib.    to forces
     atom    1 type  1   force =     0.00000000    0.00000000    0.00000000
     atom    2 type  1   force =     0.00000000    0.00000000    0.00000000
     atom    3 type  2   force =     0.00000000    0.00000000    0.00000000
     atom    4 type  3   force =     0.00000000    0.00000000    0.00000000
     The SCF correction term to forces
     atom    1 type  1   force =    -0.00001743   -0.00000361    0.00003938
     atom    2 type  1   force =     0.00005381    0.00001076   -0.00001509
     atom    3 type  2   force =    -0.00006964    0.00003242   -0.00005911
     atom    4 type  3   force =     0.00008312   -0.00005483    0.00007342

     Total force =     0.000011     Total SCF correction =     0.000173
     SCF correction compared to forces is large: reduce conv_thr to get better values


     Computing stress (Cartesian axis) and pressure


     negative rho (up, down):  1.311E-01 0.000E+00
          total   stress  (Ry/bohr**3)                   (kbar)     P=     -108.26
  -0.00073598  -0.00000000   0.00000000         -108.27       -0.00        0.00
   0.00000000  -0.00073598  -0.00000000            0.00     -108.27       -0.00
   0.00000000  -0.00000000  -0.00073594            0.00       -0.00     -108.26

     kinetic stress (kbar)  11383.32      0.00      0.00
                                0.00  11383.32      0.00
                                0.00      0.00  11383.33

     local   stress (kbar)  -1349.88      0.18     -0.27
                                0.18  -1349.25      0.47
                               -0.27      0.47  -1349.57

     nonloc. stress (kbar)   9284.59      0.00      0.00
                                0.00   9284.59      0.00
                               -0.00      0.00   9284.58

     hartree stress (kbar)   5282.19     -0.05      0.07
                               -0.05   5282.03     -0.12
                                0.07     -0.12   5282.11

     exc-cor stress (kbar)  15339.17     -0.00      0.00
                               -0.00  15339.16     -0.01
                                0.00     -0.01  15339.17

     corecor stress (kbar) -20444.56      0.00     -0.00
                                0.00 -20444.55      0.01
                               -0.00      0.01 -20444.56

     ewald   stress (kbar) -19603.32     -0.00      0.00
                               -0.00 -19603.32      0.00
                                0.00      0.00 -19603.32

     hubbard stress (kbar)      0.00      0.00      0.00
                                0.00      0.00      0.00
                                0.00      0.00      0.00

     DFT-D   stress (kbar)      0.00      0.00      0.00
                                0.00      0.00      0.00
                                0.00      0.00      0.00

     XDM     stress (kbar)      0.00      0.00      0.00
                                0.00      0.00      0.00
                                0.00      0.00      0.00

     dft-nl  stress (kbar)      0.00      0.00      0.00
                                0.00      0.00      0.00
                                0.00      0.00      0.00

     TS-vdW  stress (kbar)      0.00      0.00      0.00
                                0.00      0.00      0.00
                                0.00      0.00      0.00


                                0.00      0.00      0.00
                                0.00      0.00      0.00


                                0.00      0.00      0.00


     Writing all to output data dir new_calculations/myprefix.save/
 
     init_run     :    196.84s CPU      9.97s WALL (       1 calls)
     electrons    :    184.77s CPU      6.13s WALL (       1 calls)
     forces       :      2.00s CPU      0.06s WALL (       1 calls)
     stress       :      6.32s CPU      0.20s WALL (       1 calls)

     Called by init_run:
     wfcinit      :     80.90s CPU      3.50s WALL (       1 calls)
     wfcinit:atom :      0.01s CPU      0.00s WALL (       1 calls)
     wfcinit:wfcr :     80.81s CPU      3.49s WALL (       1 calls)
     potinit      :     30.79s CPU      1.41s WALL (       1 calls)
     hinit0       :     81.44s CPU      4.88s WALL (       1 calls)

     Called by electrons:
     c_bands      :    121.24s CPU      4.02s WALL (      10 calls)
     sum_band     :     42.55s CPU      1.42s WALL (      10 calls)
     v_of_rho     :      3.99s CPU      0.14s WALL (      10 calls)
     v_h          :      0.34s CPU      0.01s WALL (      10 calls)
     v_xc         :      4.21s CPU      0.15s WALL (      12 calls)
     newd         :     18.85s CPU      0.67s WALL (      10 calls)
     mix_rho      :      0.87s CPU      0.03s WALL (      10 calls)

     Called by c_bands:
     init_us_2    :      0.19s CPU      0.01s WALL (      21 calls)
     init_us_2:cp :      0.16s CPU      0.01s WALL (      21 calls)
     regterg      :    120.51s CPU      3.99s WALL (      10 calls)

     Called by sum_band:
     sum_band:wei :      0.03s CPU      0.00s WALL (      10 calls)
     sum_band:loo :     20.66s CPU      0.68s WALL (      10 calls)
     sum_band:buf :      0.01s CPU      0.00s WALL (      10 calls)
     sum_band:ini :      0.10s CPU      0.00s WALL (      10 calls)
     sum_band:cal :      0.23s CPU      0.01s WALL (      10 calls)
     sum_band:bec :      0.03s CPU      0.00s WALL (      10 calls)
     addusdens    :     21.18s CPU      0.71s WALL (      10 calls)
     addusd:skk   :      0.06s CPU      0.00s WALL (      30 calls)
     addusd:dgemm :      1.85s CPU      0.08s WALL (      30 calls)
     addusd:qvan2 :     18.92s CPU      0.62s WALL (      30 calls)

     Called by *egterg:
     rdiaghg      :      1.37s CPU      0.05s WALL (      40 calls)
     regterg:over :      1.78s CPU      0.06s WALL (      31 calls)
     regterg:upda :      0.19s CPU      0.01s WALL (      31 calls)
     regterg:last :      0.24s CPU      0.01s WALL (      17 calls)
     h_psi        :    194.10s CPU      7.24s WALL (      42 calls)
     s_psi        :      0.08s CPU      0.00s WALL (      42 calls)
     g_psi        :      0.04s CPU      0.00s WALL (      31 calls)

     Called by h_psi:
     h_psi:calbec :      1.15s CPU      0.04s WALL (      42 calls)
     vloc_psi     :    192.58s CPU      7.19s WALL (      42 calls)
     add_vuspsi   :      0.12s CPU      0.00s WALL (      42 calls)

     General routines
     calbec       :      1.32s CPU      0.05s WALL (      57 calls)
     fft          :     73.71s CPU      3.68s WALL (     129 calls)
     ffts         :     30.25s CPU      1.39s WALL (      20 calls)
     fftw         :    207.86s CPU      7.69s WALL (     926 calls)
     interpolate  :     30.54s CPU      1.40s WALL (      10 calls)
 
     Parallel routines
 
     PWSCF        :   6m34.13s CPU     16.76s WALL

 
   This run was terminated on:  22:26:55  20May2023            

=------------------------------------------------------------------------------=
   JOB DONE.
=------------------------------------------------------------------------------=
