
     Program PWSCF v.7.0 starts on 21May2023 at  4:52:57 

     This program is part of the open-source Quantum ESPRESSO suite
     for quantum simulation of materials; please cite
         "P. Giannozzi et al., J. Phys.:Condens. Matter 21 395502 (2009);
         "P. Giannozzi et al., J. Phys.:Condens. Matter 29 465901 (2017);
         "P. Giannozzi et al., J. Chem. Phys. 152 154105 (2020);
          URL http://www.quantum-espresso.org", 
     in publications or presentations arising from this work. More details at
     http://www.quantum-espresso.org/quote

     Parallel version (MPI & OpenMP), running on      32 processor cores
     Number of MPI processes:                 1
     Threads/MPI process:                    32

     MPI processes distributed on     1 nodes
     171644 MiB available memory on the printing compute node when the environment starts
 
     Reading input from espresso_15514.pwi
Warning: card &CELL ignored
Warning: card / ignored

     Current dimensions of program PWSCF are:
     Max number of different atomic species (ntypx) = 10
     Max number of k-points (npk) =  40000
     Max angular momentum in pseudopotentials (lmaxx) =  4

     gamma-point specific algorithms are used
     Message from routine setup:
     using ibrav=0 with symmetry is DISCOURAGED, use correct ibrav instead

     Subspace diagonalization in iterative solution of the eigenvalue problem:
     a serial algorithm will be used

 
     G-vector sticks info
     --------------------
     sticks:   dense  smooth     PW     G-vecs:    dense   smooth      PW
     Sum        2407    1213    301                78679    27941    3479
 
     Using Slab Decomposition
 


     bravais-lattice index     =            0
     lattice parameter (alat)  =      12.1081  a.u.
     unit-cell volume          =    1255.2144 (a.u.)^3
     number of atoms/cell      =            4
     number of atomic types    =            3
     number of electrons       =        42.00
     number of Kohn-Sham states=           25
     kinetic-energy cutoff     =      30.0000  Ry
     charge density cutoff     =     240.0000  Ry
     scf convergence threshold =      1.0E-06
     mixing beta               =       0.7000
     number of iterations used =            8  plain     mixing
     Exchange-correlation=  SLA  PW   PBX  PBC
                           (   1   4   3   4   0   0   0)

     celldm(1)=  12.108146  celldm(2)=   0.000000  celldm(3)=   0.000000
     celldm(4)=   0.000000  celldm(5)=   0.000000  celldm(6)=   0.000000

     crystal axes: (cart. coord. in units of alat)
               a(1) = (   1.000000   0.000000   0.000000 )  
               a(2) = (   0.500000   0.866025   0.000000 )  
               a(3) = (   0.500000   0.288675   0.816497 )  

     reciprocal axes: (cart. coord. in units 2 pi/alat)
               b(1) = (  1.000000 -0.577350 -0.408248 )  
               b(2) = (  0.000000  1.154701 -0.408248 )  
               b(3) = (  0.000000  0.000000  1.224745 )  


     PseudoPot. # 1 for Cs read from file:
     /home/pragov/projects/rrg-bengioy-ad/pragov/crystal_structure_design/SSSP/Cs_pbe_v1.uspp.F.UPF
     MD5 check sum: 3476d69cb178dfad3ffaa59df4e07ca4
     Pseudo is Ultrasoft + core correction, Zval =  9.0
     Generated by new atomic code, or converted to UPF format
     Using radial grid of  905 points,  6 beta functions with: 
                l(1) =   0
                l(2) =   0
                l(3) =   1
                l(4) =   1
                l(5) =   2
                l(6) =   2
     Q(r) pseudized with  6 coefficients,  rinner =    1.500   1.500   1.500
                                                       1.500   1.500

     PseudoPot. # 2 for Rb read from file:
     /home/pragov/projects/rrg-bengioy-ad/pragov/crystal_structure_design/SSSP/Rb_ONCV_PBE-1.0.oncvpsp.upf
     MD5 check sum: 55a5172d6bfbce6759a58e35d43f6aa9
     Pseudo is Norm-conserving, Zval =  9.0
     Generated using ONCVPSP code by D. R. Hamann
     Using radial grid of 2308 points,  6 beta functions with: 
                l(1) =   0
                l(2) =   0
                l(3) =   1
                l(4) =   1
                l(5) =   2
                l(6) =   2

     PseudoPot. # 3 for Sb read from file:
     /home/pragov/projects/rrg-bengioy-ad/pragov/crystal_structure_design/SSSP/sb_pbe_v1.4.uspp.F.UPF
     MD5 check sum: 9bc50dfb53373b713f5709b9110fe27f
     Pseudo is Ultrasoft + core correction, Zval = 15.0
     Generated by new atomic code, or converted to UPF format
     Using radial grid of  891 points,  6 beta functions with: 
                l(1) =   0
                l(2) =   0
                l(3) =   1
                l(4) =   1
                l(5) =   2
                l(6) =   2
     Q(r) pseudized with  8 coefficients,  rinner =    1.350   1.350   1.350
                                                       1.350   1.350

     atomic species   valence    mass     pseudopotential
        Cs             9.00   132.90545     Cs( 1.00)
        Rb             9.00    85.46780     Rb( 1.00)
        Sb            15.00   121.76000     Sb( 1.00)

     12 Sym. Ops., with inversion, found


                                    s                        frac. trans.

      isym =  1     identity                                     

 cryst.   s( 1) = (     1          0          0      )
                  (     0          1          0      )
                  (     0          0          1      )

 cart.    s( 1) = (  1.0000000  0.0000000 -0.0000000 )
                  (  0.0000000  1.0000000 -0.0000000 )
                  (  0.0000000  0.0000000  1.0000000 )


      isym =  2     180 deg rotation - cart. axis [1,0,0]        

 cryst.   s( 2) = (     1          0          0      )
                  (     1         -1          0      )
                  (     1          0         -1      )

 cart.    s( 2) = (  1.0000000  0.0000000  0.0000000 )
                  (  0.0000000 -1.0000000  0.0000000 )
                  (  0.0000000  0.0000000 -1.0000000 )


      isym =  3     120 deg rotation - cryst. axis [0,0,1]       

 cryst.   s( 3) = (    -1          1          0      )
                  (    -1          0          0      )
                  (    -1          0          1      )

 cart.    s( 3) = ( -0.5000000 -0.8660254  0.0000000 )
                  (  0.8660254 -0.5000000  0.0000000 )
                  (  0.0000000  0.0000000  1.0000000 )


      isym =  4     120 deg rotation - cryst. axis [0,0,-1]      

 cryst.   s( 4) = (     0         -1          0      )
                  (     1         -1          0      )
                  (     0         -1          1      )

 cart.    s( 4) = ( -0.5000000  0.8660254 -0.0000000 )
                  ( -0.8660254 -0.5000000  0.0000000 )
                  (  0.0000000  0.0000000  1.0000000 )


      isym =  5     180 deg rotation - cryst. axis [0,1,0]       

 cryst.   s( 5) = (     0         -1          0      )
                  (    -1          0          0      )
                  (     0          0         -1      )

 cart.    s( 5) = ( -0.5000000 -0.8660254  0.0000000 )
                  ( -0.8660254  0.5000000 -0.0000000 )
                  (  0.0000000  0.0000000 -1.0000000 )


      isym =  6     180 deg rotation - cryst. axis [1,1,0]       

 cryst.   s( 6) = (    -1          1          0      )
                  (     0          1          0      )
                  (     0          1         -1      )

 cart.    s( 6) = ( -0.5000000  0.8660254 -0.0000000 )
                  (  0.8660254  0.5000000 -0.0000000 )
                  (  0.0000000  0.0000000 -1.0000000 )


      isym =  7     inversion                                    

 cryst.   s( 7) = (    -1          0          0      )
                  (     0         -1          0      )
                  (     0          0         -1      )

 cart.    s( 7) = ( -1.0000000  0.0000000  0.0000000 )
                  (  0.0000000 -1.0000000  0.0000000 )
                  (  0.0000000  0.0000000 -1.0000000 )


      isym =  8     inv. 180 deg rotation - cart. axis [1,0,0]   

 cryst.   s( 8) = (    -1          0          0      )
                  (    -1          1          0      )
                  (    -1          0          1      )

 cart.    s( 8) = ( -1.0000000  0.0000000  0.0000000 )
                  (  0.0000000  1.0000000 -0.0000000 )
                  (  0.0000000  0.0000000  1.0000000 )


      isym =  9     inv. 120 deg rotation - cryst. axis [0,0,1]  

 cryst.   s( 9) = (     1         -1          0      )
                  (     1          0          0      )
                  (     1          0         -1      )

 cart.    s( 9) = (  0.5000000  0.8660254 -0.0000000 )
                  ( -0.8660254  0.5000000 -0.0000000 )
                  (  0.0000000  0.0000000 -1.0000000 )


      isym = 10     inv. 120 deg rotation - cryst. axis [0,0,-1] 

 cryst.   s(10) = (     0          1          0      )
                  (    -1          1          0      )
                  (     0          1         -1      )

 cart.    s(10) = (  0.5000000 -0.8660254  0.0000000 )
                  (  0.8660254  0.5000000 -0.0000000 )
                  (  0.0000000  0.0000000 -1.0000000 )


      isym = 11     inv. 180 deg rotation - cryst. axis [0,1,0]  

 cryst.   s(11) = (     0          1          0      )
                  (     1          0          0      )
                  (     0          0          1      )

 cart.    s(11) = (  0.5000000  0.8660254 -0.0000000 )
                  (  0.8660254 -0.5000000  0.0000000 )
                  (  0.0000000  0.0000000  1.0000000 )


      isym = 12     inv. 180 deg rotation - cryst. axis [1,1,0]  

 cryst.   s(12) = (     1         -1          0      )
                  (     0         -1          0      )
                  (     0         -1          1      )

 cart.    s(12) = (  0.5000000 -0.8660254  0.0000000 )
                  ( -0.8660254 -0.5000000  0.0000000 )
                  (  0.0000000  0.0000000  1.0000000 )


   Cartesian axes

     site n.     atom                  positions (alat units)
         1           Cs  tau(   1) = (   1.0000000   0.5773503   0.4082483  )
         2           Rb  tau(   2) = (   0.5000000   0.2886751   0.2041241  )
         3           Rb  tau(   3) = (   1.5000000   0.8660254   0.6123724  )
         4           Sb  tau(   4) = (   0.0000000   0.0000000   0.0000000  )

   Crystallographic axes

     site n.     atom                  positions (cryst. coord.)
         1           Cs  tau(   1) = (  0.5000000  0.5000000  0.5000000  )
         2           Rb  tau(   2) = (  0.2500000  0.2500000  0.2500000  )
         3           Rb  tau(   3) = (  0.7500000  0.7500000  0.7500000  )
         4           Sb  tau(   4) = (  0.0000000  0.0000000  0.0000000  )

     number of k points=     1  Methfessel-Paxton smearing, width (Ry)=  0.0010
                       cart. coord. in units 2pi/alat
        k(    1) = (   0.0000000   0.0000000   0.0000000), wk =   2.0000000

                       cryst. coord.
        k(    1) = (   0.0000000   0.0000000   0.0000000), wk =   2.0000000

     Dense  grid:    39340 G-vectors     FFT dimensions: (  60,  60,  60)

     Smooth grid:    13971 G-vectors     FFT dimensions: (  45,  45,  45)

     Dynamical RAM for                 wfc:       0.66 MB

     Dynamical RAM for     wfc (w. buffer):       0.66 MB

     Dynamical RAM for           str. fact:       1.80 MB

     Dynamical RAM for           local pot:       0.00 MB

     Dynamical RAM for          nlocal pot:       1.91 MB

     Dynamical RAM for                qrad:       3.73 MB

     Dynamical RAM for          rho,v,vnew:       6.74 MB

     Dynamical RAM for               rhoin:       2.25 MB

     Dynamical RAM for            rho*nmix:       9.60 MB

     Dynamical RAM for           G-vectors:       2.36 MB

     Dynamical RAM for          h,s,v(r/c):       0.06 MB

     Dynamical RAM for          <psi|beta>:       0.01 MB

     Dynamical RAM for                 psi:       1.33 MB

     Dynamical RAM for                hpsi:       1.33 MB

     Dynamical RAM for                spsi:       1.33 MB

     Dynamical RAM for      wfcinit/wfcrot:       1.72 MB

     Dynamical RAM for           addusdens:     112.25 MB

     Dynamical RAM for          addusforce:     112.56 MB

     Dynamical RAM for         addusstress:     120.66 MB

     Estimated static dynamical RAM per process >      30.10 MB

     Estimated max dynamical RAM per process >     160.36 MB

     Check: negative core charge=   -0.000003

     Initial potential from superposition of free atoms

     starting charge      40.9111, renormalised to      42.0000
     Starting wfcs are   32 randomized atomic wfcs

     total cpu time spent up to now is       10.9 secs

     Self-consistent Calculation

     iteration #  1     ecut=    30.00 Ry     beta= 0.70
     Davidson diagonalization with overlap

---- Real-time Memory Report at c_bands before calling an iterative solver
           368 MiB given to the printing process from OS
             0 MiB allocation reported by mallinfo(arena+hblkhd)
        171560 MiB available memory on the node where the printing process lives
------------------
     ethr =  1.00E-02,  avg # of iterations =  2.0

     total cpu time spent up to now is       13.6 secs

     total energy              =    -345.49418238 Ry
     estimated scf accuracy    <       0.91442475 Ry

     iteration #  2     ecut=    30.00 Ry     beta= 0.70
     Davidson diagonalization with overlap

---- Real-time Memory Report at c_bands before calling an iterative solver
           421 MiB given to the printing process from OS
             0 MiB allocation reported by mallinfo(arena+hblkhd)
        171518 MiB available memory on the node where the printing process lives
------------------
     ethr =  2.18E-03,  avg # of iterations =  4.0

     total cpu time spent up to now is       17.3 secs

     total energy              =    -345.59051502 Ry
     estimated scf accuracy    <       0.75234769 Ry

     iteration #  3     ecut=    30.00 Ry     beta= 0.70
     Davidson diagonalization with overlap

---- Real-time Memory Report at c_bands before calling an iterative solver
           429 MiB given to the printing process from OS
             0 MiB allocation reported by mallinfo(arena+hblkhd)
        171504 MiB available memory on the node where the printing process lives
------------------
     ethr =  1.79E-03,  avg # of iterations =  2.0

     total cpu time spent up to now is       19.6 secs

     total energy              =    -345.80193969 Ry
     estimated scf accuracy    <       0.07828523 Ry

     iteration #  4     ecut=    30.00 Ry     beta= 0.70
     Davidson diagonalization with overlap

---- Real-time Memory Report at c_bands before calling an iterative solver
           429 MiB given to the printing process from OS
             0 MiB allocation reported by mallinfo(arena+hblkhd)
        171504 MiB available memory on the node where the printing process lives
------------------
     ethr =  1.86E-04,  avg # of iterations =  2.0

     total cpu time spent up to now is       22.0 secs

     total energy              =    -345.79541183 Ry
     estimated scf accuracy    <       0.02720037 Ry

     iteration #  5     ecut=    30.00 Ry     beta= 0.70
     Davidson diagonalization with overlap

---- Real-time Memory Report at c_bands before calling an iterative solver
           429 MiB given to the printing process from OS
             0 MiB allocation reported by mallinfo(arena+hblkhd)
        171504 MiB available memory on the node where the printing process lives
------------------
     ethr =  6.48E-05,  avg # of iterations =  9.0

     total cpu time spent up to now is       25.2 secs

     total energy              =    -345.80117798 Ry
     estimated scf accuracy    <       0.00065329 Ry

     iteration #  6     ecut=    30.00 Ry     beta= 0.70
     Davidson diagonalization with overlap

---- Real-time Memory Report at c_bands before calling an iterative solver
           429 MiB given to the printing process from OS
             0 MiB allocation reported by mallinfo(arena+hblkhd)
        171503 MiB available memory on the node where the printing process lives
------------------
     ethr =  1.56E-06,  avg # of iterations =  4.0

     total cpu time spent up to now is       28.1 secs

     total energy              =    -345.80109091 Ry
     estimated scf accuracy    <       0.00057577 Ry

     iteration #  7     ecut=    30.00 Ry     beta= 0.70
     Davidson diagonalization with overlap

---- Real-time Memory Report at c_bands before calling an iterative solver
           429 MiB given to the printing process from OS
             0 MiB allocation reported by mallinfo(arena+hblkhd)
        171504 MiB available memory on the node where the printing process lives
------------------
     ethr =  1.37E-06,  avg # of iterations =  2.0

     total cpu time spent up to now is       30.4 secs

     total energy              =    -345.80112916 Ry
     estimated scf accuracy    <       0.00003235 Ry

     iteration #  8     ecut=    30.00 Ry     beta= 0.70
     Davidson diagonalization with overlap

---- Real-time Memory Report at c_bands before calling an iterative solver
           429 MiB given to the printing process from OS
             0 MiB allocation reported by mallinfo(arena+hblkhd)
        171504 MiB available memory on the node where the printing process lives
------------------
     ethr =  7.70E-08,  avg # of iterations =  4.0

     total cpu time spent up to now is       33.6 secs

     total energy              =    -345.80114460 Ry
     estimated scf accuracy    <       0.00000720 Ry

     iteration #  9     ecut=    30.00 Ry     beta= 0.70
     Davidson diagonalization with overlap

---- Real-time Memory Report at c_bands before calling an iterative solver
           429 MiB given to the printing process from OS
             0 MiB allocation reported by mallinfo(arena+hblkhd)
        171503 MiB available memory on the node where the printing process lives
------------------
     ethr =  1.72E-08,  avg # of iterations =  2.0

     total cpu time spent up to now is       36.2 secs

     total energy              =    -345.80114374 Ry
     estimated scf accuracy    <       0.00000272 Ry

     iteration # 10     ecut=    30.00 Ry     beta= 0.70
     Davidson diagonalization with overlap

---- Real-time Memory Report at c_bands before calling an iterative solver
           429 MiB given to the printing process from OS
             0 MiB allocation reported by mallinfo(arena+hblkhd)
        171505 MiB available memory on the node where the printing process lives
------------------
     ethr =  6.47E-09,  avg # of iterations =  3.0

     total cpu time spent up to now is       38.4 secs

     End of self-consistent calculation

          k = 0.0000 0.0000 0.0000 (  1740 PWs)   bands (ev):

   -22.6424 -22.6241 -20.8949 -20.8949 -20.8949 -20.8925 -20.8924 -18.4035
    -6.7814  -6.7814  -6.7814  -6.7064  -6.7064  -6.7064  -5.1822  -5.1822
    -5.1822  -1.2022   5.5931   5.5931   5.5932   6.0438   7.1731   7.1732
     8.1162

     occupation numbers 
     1.0000   1.0000   1.0000   1.0000   1.0000   1.0000   1.0000   1.0000
     1.0000   1.0000   1.0000   1.0000   1.0000   1.0000   1.0000   1.0000
     1.0000   1.0000   1.0000   1.0000   1.0000  -0.0000  -0.0000  -0.0000
    -0.0000

     the Fermi energy is     5.8280 ev

!    total energy              =    -345.80114447 Ry
     estimated scf accuracy    <          8.0E-09 Ry
     smearing contrib. (-TS)   =       0.00000000 Ry
     internal energy E=F+TS    =    -345.80114447 Ry

     The total energy is F=E-TS. E is the sum of the following terms:
     one-electron contribution =    -153.79432998 Ry
     hartree contribution      =      90.54559631 Ry
     xc contribution           =     -89.28865081 Ry
     ewald contribution        =    -193.26375999 Ry

     convergence has been achieved in  10 iterations

     Forces acting on atoms (cartesian axes, Ry/au):

     atom    1 type  1   force =    -0.00000000   -0.00000000    0.00000000
     atom    2 type  2   force =     0.00000000   -0.00000000    0.00002206
     atom    3 type  2   force =     0.00000000    0.00000000   -0.00002206
     atom    4 type  3   force =     0.00000000    0.00000000    0.00000000
     The non-local contrib.  to forces
     atom    1 type  1   force =     0.00000000    0.00000000    0.00000000
     atom    2 type  2   force =    -0.00000000   -0.00000000    0.00000974
     atom    3 type  2   force =     0.00000000    0.00000000   -0.00000974
     atom    4 type  3   force =     0.00000000    0.00000000    0.00000000
     The ionic contribution  to forces
     atom    1 type  1   force =    -0.00000000   -0.00000000   -0.00000000
     atom    2 type  2   force =     0.00000000    0.00000000   -0.00000000
     atom    3 type  2   force =     0.00000000    0.00000000    0.00000000
     atom    4 type  3   force =     0.00000000   -0.00000000    0.00000000
     The local contribution  to forces
     atom    1 type  1   force =    -0.00002415    0.00000344    0.00005086
     atom    2 type  2   force =     0.00004017   -0.00001309    0.00005578
     atom    3 type  2   force =    -0.00004803    0.00003860   -0.00004198
     atom    4 type  3   force =     0.00002789   -0.00006487   -0.00014045
     The core correction contribution to forces
     atom    1 type  1   force =    -0.00000383    0.00000003    0.00000585
     atom    2 type  2   force =     0.00000000    0.00000000    0.00000000
     atom    3 type  2   force =     0.00000000    0.00000000    0.00000000
     atom    4 type  3   force =     0.00000157   -0.00000369   -0.00000434
     The Hubbard contrib.    to forces
     atom    1 type  1   force =     0.00000000    0.00000000    0.00000000
     atom    2 type  2   force =     0.00000000    0.00000000    0.00000000
     atom    3 type  2   force =     0.00000000    0.00000000    0.00000000
     atom    4 type  3   force =     0.00000000    0.00000000    0.00000000
     The SCF correction term to forces
     atom    1 type  1   force =     0.00000788    0.00000027   -0.00002154
     atom    2 type  2   force =    -0.00003455    0.00001380   -0.00004026
     atom    3 type  2   force =     0.00004077   -0.00002539    0.00003286
     atom    4 type  3   force =    -0.00002423    0.00006125    0.00013687

     Total force =     0.000031     Total SCF correction =     0.000173
     SCF correction compared to forces is large: reduce conv_thr to get better values


     Computing stress (Cartesian axis) and pressure

          total   stress  (Ry/bohr**3)                   (kbar)     P=      -49.20
  -0.00033445   0.00000000   0.00000000          -49.20        0.00        0.00
   0.00000000  -0.00033445   0.00000000            0.00      -49.20        0.00
   0.00000000   0.00000000  -0.00033449            0.00        0.00      -49.20

     kinetic stress (kbar)   5900.03      0.00      0.00
                                0.00   5900.03     -0.00
                                0.00     -0.00   5900.04

     local   stress (kbar)  -1605.85      0.01      0.01
                                0.01  -1605.86     -0.02
                                0.01     -0.02  -1605.88

     nonloc. stress (kbar)   1617.22     -0.00     -0.00
                                0.00   1617.22     -0.00
                                0.00     -0.00   1617.21

     hartree stress (kbar)   3537.16     -0.01     -0.01
                               -0.01   3537.16      0.01
                               -0.01      0.01   3537.18

     exc-cor stress (kbar)   3552.68     -0.00     -0.00
                               -0.00   3552.68      0.00
                               -0.00      0.00   3552.68

     corecor stress (kbar)  -5500.57     -0.00      0.00
                               -0.00  -5500.57     -0.00
                                0.00     -0.00  -5500.57

     ewald   stress (kbar)  -7549.86     -0.00      0.00
                               -0.00  -7549.86      0.00
                                0.00      0.00  -7549.86

     hubbard stress (kbar)      0.00      0.00      0.00
                                0.00      0.00      0.00
                                0.00      0.00      0.00

     DFT-D   stress (kbar)      0.00      0.00      0.00
                                0.00      0.00      0.00
                                0.00      0.00      0.00

     XDM     stress (kbar)      0.00      0.00      0.00
                                0.00      0.00      0.00
                                0.00      0.00      0.00

     dft-nl  stress (kbar)      0.00      0.00      0.00
                                0.00      0.00      0.00
                                0.00      0.00      0.00

     TS-vdW  stress (kbar)      0.00      0.00      0.00
                                0.00      0.00      0.00
                                0.00      0.00      0.00


                                0.00      0.00      0.00
                                0.00      0.00      0.00


                                0.00      0.00      0.00


     Writing all to output data dir new_calculations/myprefix.save/
