
     Program PWSCF v.7.0 starts on 20May2023 at 14:47:19 

     This program is part of the open-source Quantum ESPRESSO suite
     for quantum simulation of materials; please cite
         "P. Giannozzi et al., J. Phys.:Condens. Matter 21 395502 (2009);
         "P. Giannozzi et al., J. Phys.:Condens. Matter 29 465901 (2017);
         "P. Giannozzi et al., J. Chem. Phys. 152 154105 (2020);
          URL http://www.quantum-espresso.org", 
     in publications or presentations arising from this work. More details at
     http://www.quantum-espresso.org/quote

     Parallel version (MPI & OpenMP), running on      32 processor cores
     Number of MPI processes:                 1
     Threads/MPI process:                    32

     MPI processes distributed on     1 nodes
     130064 MiB available memory on the printing compute node when the environment starts
 
     Reading input from espresso_12335.pwi
Warning: card &CELL ignored
Warning: card / ignored

     Current dimensions of program PWSCF are:
     Max number of different atomic species (ntypx) = 10
     Max number of k-points (npk) =  40000
     Max angular momentum in pseudopotentials (lmaxx) =  4
     file Cd.pbe-dn-rrkjus_psl.0.3.1.UPF: wavefunction(s)  4D renormalized
     file In.pbe-dn-rrkjus_psl.0.2.2.UPF: wavefunction(s)  5S renormalized

     gamma-point specific algorithms are used
     Message from routine setup:
     using ibrav=0 with symmetry is DISCOURAGED, use correct ibrav instead

     Subspace diagonalization in iterative solution of the eigenvalue problem:
     a serial algorithm will be used

 
     G-vector sticks info
     --------------------
     sticks:   dense  smooth     PW     G-vecs:    dense   smooth      PW
     Sum        1615     805    199                42255    15065    1893
 
     Using Slab Decomposition
 


     bravais-lattice index     =            0
     lattice parameter (alat)  =       9.8446  a.u.
     unit-cell volume          =     674.6458 (a.u.)^3
     number of atoms/cell      =            4
     number of atomic types    =            3
     number of electrons       =        75.00
     number of Kohn-Sham states=           46
     kinetic-energy cutoff     =      30.0000  Ry
     charge density cutoff     =     240.0000  Ry
     scf convergence threshold =      1.0E-06
     mixing beta               =       0.7000
     number of iterations used =            8  plain     mixing
     Exchange-correlation= PBE
                           (   1   4   3   4   0   0   0)

     celldm(1)=   9.844574  celldm(2)=   0.000000  celldm(3)=   0.000000
     celldm(4)=   0.000000  celldm(5)=   0.000000  celldm(6)=   0.000000

     crystal axes: (cart. coord. in units of alat)
               a(1) = (   1.000000   0.000000   0.000000 )  
               a(2) = (   0.500000   0.866025   0.000000 )  
               a(3) = (   0.500000   0.288675   0.816497 )  

     reciprocal axes: (cart. coord. in units 2 pi/alat)
               b(1) = (  1.000000 -0.577350 -0.408248 )  
               b(2) = (  0.000000  1.154701 -0.408248 )  
               b(3) = (  0.000000  0.000000  1.224745 )  


     PseudoPot. # 1 for Lu read from file:
     /home/pragov/projects/rrg-bengioy-ad/pragov/crystal_structure_design/SSSP/Lu.GGA-PBE-paw-v1.0.UPF
     MD5 check sum: 9ceca61ee0c17e9380a83635bfffa61d
     Pseudo is Projector augmented-wave + core cor, Zval = 25.0
     Generated using ATOMPAW code
     Shape of augmentation charge: BESSEL
     Using radial grid of 1118 points,  8 beta functions with: 
                l(1) =   0
                l(2) =   0
                l(3) =   1
                l(4) =   1
                l(5) =   2
                l(6) =   2
                l(7) =   3
                l(8) =   3
     Q(r) pseudized with 0 coefficients 


     PseudoPot. # 2 for Cd read from file:
     /home/pragov/projects/rrg-bengioy-ad/pragov/crystal_structure_design/SSSP/Cd.pbe-dn-rrkjus_psl.0.3.1.UPF
     MD5 check sum: 558e9f355611b531a870a69ef6ace9e2
     Pseudo is Ultrasoft + core correction, Zval = 12.0
     Generated using "atomic" code by A. Dal Corso  v.5.0.99 svn rev. 10869
     Using radial grid of 1239 points,  6 beta functions with: 
                l(1) =   0
                l(2) =   0
                l(3) =   1
                l(4) =   1
                l(5) =   2
                l(6) =   2
     Q(r) pseudized with 0 coefficients 


     PseudoPot. # 3 for In read from file:
     /home/pragov/projects/rrg-bengioy-ad/pragov/crystal_structure_design/SSSP/In.pbe-dn-rrkjus_psl.0.2.2.UPF
     MD5 check sum: 25e7c42c3b55b68f4bf926be2e7201a4
     Pseudo is Ultrasoft + core correction, Zval = 13.0
     Generated using "atomic" code by A. Dal Corso  v.5.0.99 svn rev. 10869
     Using radial grid of 1241 points,  6 beta functions with: 
                l(1) =   0
                l(2) =   0
                l(3) =   1
                l(4) =   1
                l(5) =   2
                l(6) =   2
     Q(r) pseudized with 0 coefficients 


     atomic species   valence    mass     pseudopotential
        Lu            25.00   174.96680     Lu( 1.00)
        Cd            12.00   112.41400     Cd( 1.00)
        In            13.00   114.81800     In( 1.00)

     12 Sym. Ops., with inversion, found


                                    s                        frac. trans.

      isym =  1     identity                                     

 cryst.   s( 1) = (     1          0          0      )
                  (     0          1          0      )
                  (     0          0          1      )

 cart.    s( 1) = (  1.0000000  0.0000000  0.0000000 )
                  (  0.0000000  1.0000000 -0.0000000 )
                  (  0.0000000  0.0000000  1.0000000 )


      isym =  2     180 deg rotation - cart. axis [1,0,0]        

 cryst.   s( 2) = (     1          0          0      )
                  (     1         -1          0      )
                  (     1          0         -1      )

 cart.    s( 2) = (  1.0000000  0.0000000  0.0000000 )
                  (  0.0000000 -1.0000000  0.0000000 )
                  (  0.0000000  0.0000000 -1.0000000 )


      isym =  3     120 deg rotation - cryst. axis [0,0,1]       

 cryst.   s( 3) = (    -1          1          0      )
                  (    -1          0          0      )
                  (    -1          0          1      )

 cart.    s( 3) = ( -0.5000000 -0.8660254  0.0000000 )
                  (  0.8660254 -0.5000000  0.0000000 )
                  (  0.0000000  0.0000000  1.0000000 )


      isym =  4     120 deg rotation - cryst. axis [0,0,-1]      

 cryst.   s( 4) = (     0         -1          0      )
                  (     1         -1          0      )
                  (     0         -1          1      )

 cart.    s( 4) = ( -0.5000000  0.8660254 -0.0000000 )
                  ( -0.8660254 -0.5000000  0.0000000 )
                  (  0.0000000  0.0000000  1.0000000 )


      isym =  5     180 deg rotation - cryst. axis [0,1,0]       

 cryst.   s( 5) = (     0         -1          0      )
                  (    -1          0          0      )
                  (     0          0         -1      )

 cart.    s( 5) = ( -0.5000000 -0.8660254  0.0000000 )
                  ( -0.8660254  0.5000000 -0.0000000 )
                  (  0.0000000  0.0000000 -1.0000000 )


      isym =  6     180 deg rotation - cryst. axis [1,1,0]       

 cryst.   s( 6) = (    -1          1          0      )
                  (     0          1          0      )
                  (     0          1         -1      )

 cart.    s( 6) = ( -0.5000000  0.8660254 -0.0000000 )
                  (  0.8660254  0.5000000 -0.0000000 )
                  (  0.0000000  0.0000000 -1.0000000 )


      isym =  7     inversion                                    

 cryst.   s( 7) = (    -1          0          0      )
                  (     0         -1          0      )
                  (     0          0         -1      )

 cart.    s( 7) = ( -1.0000000  0.0000000  0.0000000 )
                  (  0.0000000 -1.0000000  0.0000000 )
                  (  0.0000000  0.0000000 -1.0000000 )


      isym =  8     inv. 180 deg rotation - cart. axis [1,0,0]   

 cryst.   s( 8) = (    -1          0          0      )
                  (    -1          1          0      )
                  (    -1          0          1      )

 cart.    s( 8) = ( -1.0000000  0.0000000  0.0000000 )
                  (  0.0000000  1.0000000 -0.0000000 )
                  (  0.0000000  0.0000000  1.0000000 )


      isym =  9     inv. 120 deg rotation - cryst. axis [0,0,1]  

 cryst.   s( 9) = (     1         -1          0      )
                  (     1          0          0      )
                  (     1          0         -1      )

 cart.    s( 9) = (  0.5000000  0.8660254 -0.0000000 )
                  ( -0.8660254  0.5000000 -0.0000000 )
                  (  0.0000000  0.0000000 -1.0000000 )


      isym = 10     inv. 120 deg rotation - cryst. axis [0,0,-1] 

 cryst.   s(10) = (     0          1          0      )
                  (    -1          1          0      )
                  (     0          1         -1      )

 cart.    s(10) = (  0.5000000 -0.8660254  0.0000000 )
                  (  0.8660254  0.5000000 -0.0000000 )
                  (  0.0000000  0.0000000 -1.0000000 )


      isym = 11     inv. 180 deg rotation - cryst. axis [0,1,0]  

 cryst.   s(11) = (     0          1          0      )
                  (     1          0          0      )
                  (     0          0          1      )

 cart.    s(11) = (  0.5000000  0.8660254 -0.0000000 )
                  (  0.8660254 -0.5000000  0.0000000 )
                  (  0.0000000  0.0000000  1.0000000 )


      isym = 12     inv. 180 deg rotation - cryst. axis [1,1,0]  

 cryst.   s(12) = (     1         -1          0      )
                  (     0         -1          0      )
                  (     0         -1          1      )

 cart.    s(12) = (  0.5000000 -0.8660254  0.0000000 )
                  ( -0.8660254 -0.5000000  0.0000000 )
                  (  0.0000000  0.0000000  1.0000000 )


   Cartesian axes

     site n.     atom                  positions (alat units)
         1           Lu  tau(   1) = (   0.5000000   0.2886751   0.2041241  )
         2           Lu  tau(   2) = (   1.5000000   0.8660254   0.6123724  )
         3           Cd  tau(   3) = (   1.0000000   0.5773503   0.4082483  )
         4           In  tau(   4) = (   0.0000000   0.0000000   0.0000000  )

   Crystallographic axes

     site n.     atom                  positions (cryst. coord.)
         1           Lu  tau(   1) = (  0.2500000  0.2500000  0.2500000  )
         2           Lu  tau(   2) = (  0.7500000  0.7500000  0.7500000  )
         3           Cd  tau(   3) = (  0.5000000  0.5000000  0.5000000  )
         4           In  tau(   4) = (  0.0000000  0.0000000  0.0000000  )

     number of k points=     1  Methfessel-Paxton smearing, width (Ry)=  0.0010
                       cart. coord. in units 2pi/alat
        k(    1) = (   0.0000000   0.0000000   0.0000000), wk =   2.0000000

                       cryst. coord.
        k(    1) = (   0.0000000   0.0000000   0.0000000), wk =   2.0000000

     Dense  grid:    21128 G-vectors     FFT dimensions: (  50,  50,  50)

     Smooth grid:     7533 G-vectors     FFT dimensions: (  36,  36,  36)

     Dynamical RAM for                 wfc:       0.66 MB

     Dynamical RAM for     wfc (w. buffer):       0.66 MB

     Dynamical RAM for           str. fact:       0.97 MB

     Dynamical RAM for           local pot:       0.00 MB

     Dynamical RAM for          nlocal pot:       1.43 MB

     Dynamical RAM for                qrad:       8.96 MB

     Dynamical RAM for          rho,v,vnew:       3.83 MB

     Dynamical RAM for               rhoin:       1.28 MB

     Dynamical RAM for            rho*nmix:       5.16 MB

     Dynamical RAM for           G-vectors:       1.27 MB

     Dynamical RAM for          h,s,v(r/c):       0.19 MB

     Dynamical RAM for          <psi|beta>:       0.04 MB

     Dynamical RAM for                 psi:       1.31 MB

     Dynamical RAM for                hpsi:       1.31 MB

     Dynamical RAM for                spsi:       1.31 MB

     Dynamical RAM for      wfcinit/wfcrot:       2.50 MB

     Dynamical RAM for           addusdens:     179.57 MB

     Dynamical RAM for          addusforce:     180.40 MB

     Dynamical RAM for         addusstress:     187.63 MB

     Estimated static dynamical RAM per process >      24.44 MB

     Estimated max dynamical RAM per process >     217.23 MB

     Check: negative core charge=   -0.000001

     Initial potential from superposition of free atoms

     starting charge      74.9839, renormalised to      75.0000
     Starting wfcs are   82 randomized atomic wfcs
     Checking if some PAW data can be deallocated... 

     total cpu time spent up to now is        4.5 secs

     Self-consistent Calculation

     iteration #  1     ecut=    30.00 Ry     beta= 0.70
     Davidson diagonalization with overlap

---- Real-time Memory Report at c_bands before calling an iterative solver
           489 MiB given to the printing process from OS
             0 MiB allocation reported by mallinfo(arena+hblkhd)
        129818 MiB available memory on the node where the printing process lives
------------------
     ethr =  1.00E-02,  avg # of iterations =  2.0

     Threshold (ethr) on eigenvalues was too large:
     Diagonalizing with lowered threshold

     Davidson diagonalization with overlap

---- Real-time Memory Report at c_bands before calling an iterative solver
           593 MiB given to the printing process from OS
             0 MiB allocation reported by mallinfo(arena+hblkhd)
        129760 MiB available memory on the node where the printing process lives
------------------
     ethr =  1.69E-04,  avg # of iterations =  4.0

     total cpu time spent up to now is        5.9 secs

     total energy              =   -2427.31204001 Ry
     estimated scf accuracy    <       0.11331553 Ry

     iteration #  2     ecut=    30.00 Ry     beta= 0.70
     Davidson diagonalization with overlap

---- Real-time Memory Report at c_bands before calling an iterative solver
           602 MiB given to the printing process from OS
             0 MiB allocation reported by mallinfo(arena+hblkhd)
        129746 MiB available memory on the node where the printing process lives
------------------
     ethr =  1.51E-04,  avg # of iterations =  3.0

     total cpu time spent up to now is        7.0 secs

     total energy              =   -2427.33014771 Ry
     estimated scf accuracy    <       0.11255712 Ry

     iteration #  3     ecut=    30.00 Ry     beta= 0.70
     Davidson diagonalization with overlap

---- Real-time Memory Report at c_bands before calling an iterative solver
           602 MiB given to the printing process from OS
             0 MiB allocation reported by mallinfo(arena+hblkhd)
        129751 MiB available memory on the node where the printing process lives
------------------
     ethr =  1.50E-04,  avg # of iterations =  2.0

     total cpu time spent up to now is        8.1 secs

     total energy              =   -2427.35408050 Ry
     estimated scf accuracy    <       0.01625554 Ry

     iteration #  4     ecut=    30.00 Ry     beta= 0.70
     Davidson diagonalization with overlap

---- Real-time Memory Report at c_bands before calling an iterative solver
           602 MiB given to the printing process from OS
             0 MiB allocation reported by mallinfo(arena+hblkhd)
        129744 MiB available memory on the node where the printing process lives
------------------
     ethr =  2.17E-05,  avg # of iterations = 11.0

     total cpu time spent up to now is        9.3 secs

     total energy              =   -2427.35659519 Ry
     estimated scf accuracy    <       0.02097124 Ry

     iteration #  5     ecut=    30.00 Ry     beta= 0.70
     Davidson diagonalization with overlap

---- Real-time Memory Report at c_bands before calling an iterative solver
           602 MiB given to the printing process from OS
             0 MiB allocation reported by mallinfo(arena+hblkhd)
        129744 MiB available memory on the node where the printing process lives
------------------
     ethr =  2.17E-05,  avg # of iterations =  1.0

     total cpu time spent up to now is       10.3 secs

     total energy              =   -2427.35563410 Ry
     estimated scf accuracy    <       0.01251458 Ry

     iteration #  6     ecut=    30.00 Ry     beta= 0.70
     Davidson diagonalization with overlap

---- Real-time Memory Report at c_bands before calling an iterative solver
           602 MiB given to the printing process from OS
             0 MiB allocation reported by mallinfo(arena+hblkhd)
        129745 MiB available memory on the node where the printing process lives
------------------
     ethr =  1.67E-05,  avg # of iterations =  1.0

     total cpu time spent up to now is       11.3 secs

     total energy              =   -2427.35725074 Ry
     estimated scf accuracy    <       0.01468863 Ry

     iteration #  7     ecut=    30.00 Ry     beta= 0.70
     Davidson diagonalization with overlap

---- Real-time Memory Report at c_bands before calling an iterative solver
           602 MiB given to the printing process from OS
             0 MiB allocation reported by mallinfo(arena+hblkhd)
        129747 MiB available memory on the node where the printing process lives
------------------
     ethr =  1.67E-05,  avg # of iterations =  1.0

     total cpu time spent up to now is       12.3 secs

     total energy              =   -2427.35619039 Ry
     estimated scf accuracy    <       0.01588892 Ry

     iteration #  8     ecut=    30.00 Ry     beta= 0.70
     Davidson diagonalization with overlap

---- Real-time Memory Report at c_bands before calling an iterative solver
           602 MiB given to the printing process from OS
             0 MiB allocation reported by mallinfo(arena+hblkhd)
        129746 MiB available memory on the node where the printing process lives
------------------
     ethr =  1.67E-05,  avg # of iterations =  1.0

     total cpu time spent up to now is       13.3 secs

     total energy              =   -2427.35661418 Ry
     estimated scf accuracy    <       0.00533177 Ry

     iteration #  9     ecut=    30.00 Ry     beta= 0.70
     Davidson diagonalization with overlap

---- Real-time Memory Report at c_bands before calling an iterative solver
           602 MiB given to the printing process from OS
             0 MiB allocation reported by mallinfo(arena+hblkhd)
        129748 MiB available memory on the node where the printing process lives
------------------
     ethr =  7.11E-06,  avg # of iterations =  1.0

     total cpu time spent up to now is       14.3 secs

     total energy              =   -2427.35672232 Ry
     estimated scf accuracy    <       0.00020561 Ry

     iteration # 10     ecut=    30.00 Ry     beta= 0.70
     Davidson diagonalization with overlap

---- Real-time Memory Report at c_bands before calling an iterative solver
           602 MiB given to the printing process from OS
             0 MiB allocation reported by mallinfo(arena+hblkhd)
        129748 MiB available memory on the node where the printing process lives
------------------
     ethr =  2.74E-07,  avg # of iterations =  2.0

     total cpu time spent up to now is       15.3 secs

     total energy              =   -2427.35672535 Ry
     estimated scf accuracy    <       0.00047326 Ry

     iteration # 11     ecut=    30.00 Ry     beta= 0.70
     Davidson diagonalization with overlap

---- Real-time Memory Report at c_bands before calling an iterative solver
           602 MiB given to the printing process from OS
             0 MiB allocation reported by mallinfo(arena+hblkhd)
        129748 MiB available memory on the node where the printing process lives
------------------
     ethr =  2.74E-07,  avg # of iterations =  1.0

     total cpu time spent up to now is       16.3 secs

     total energy              =   -2427.35673596 Ry
     estimated scf accuracy    <       0.00002708 Ry

     iteration # 12     ecut=    30.00 Ry     beta= 0.70
     Davidson diagonalization with overlap

---- Real-time Memory Report at c_bands before calling an iterative solver
           602 MiB given to the printing process from OS
             0 MiB allocation reported by mallinfo(arena+hblkhd)
        129749 MiB available memory on the node where the printing process lives
------------------
     ethr =  3.61E-08,  avg # of iterations =  1.0

     total cpu time spent up to now is       17.2 secs

     total energy              =   -2427.35673679 Ry
     estimated scf accuracy    <       0.00000371 Ry

     iteration # 13     ecut=    30.00 Ry     beta= 0.70
     Davidson diagonalization with overlap

---- Real-time Memory Report at c_bands before calling an iterative solver
           602 MiB given to the printing process from OS
             0 MiB allocation reported by mallinfo(arena+hblkhd)
        129749 MiB available memory on the node where the printing process lives
------------------
     ethr =  4.95E-09,  avg # of iterations =  4.0

     total cpu time spent up to now is       18.3 secs

     End of self-consistent calculation

          k = 0.0000 0.0000 0.0000 (   947 PWs)   bands (ev):

   -43.0327 -43.0210 -13.7470 -13.7470 -13.7468 -13.6348 -13.6348 -13.6347
     0.0189   0.0189   0.0190   0.0634   0.0634   5.1194   5.1194   5.1194
     5.1885   5.1885   5.5756   8.2700   8.2891   8.2891   8.2891   8.2954
     8.2954   8.2954   8.3005   8.3005   8.3005   8.3239   8.3239   8.3240
     8.3333  11.5652  11.5653  11.5653  12.8638  13.7723  13.7724  17.5057
    17.5057  17.5057  17.5681  17.5710  17.5729  17.8913

     occupation numbers 
     1.0000   1.0000   1.0000   1.0000   1.0000   1.0000   1.0000   1.0000
     1.0000   1.0000   1.0000   1.0000   1.0000   1.0000   1.0000   1.0000
     1.0000   1.0000   1.0000   1.0000   1.0000   1.0000   1.0000   1.0000
     1.0000   1.0000   1.0000   1.0000   1.0000   1.0000   1.0000   1.0000
     1.0000   1.0000   1.0000   1.0000   1.0000   0.2517   0.2483  -0.0000
    -0.0000  -0.0000  -0.0000  -0.0000  -0.0000  -0.0000

     the Fermi energy is    13.7681 ev

!    total energy              =   -2427.35673684 Ry
     estimated scf accuracy    <       0.00000056 Ry
     smearing contrib. (-TS)   =      -0.00041261 Ry
     internal energy E=F+TS    =   -2427.35632424 Ry

     The total energy is F=E-TS. E is the sum of the following terms:
     one-electron contribution =    -930.17366258 Ry
     hartree contribution      =     438.71025055 Ry
     xc contribution           =    -173.32923259 Ry
     ewald contribution        =    -780.98577982 Ry
     one-center paw contrib.   =    -981.57789979 Ry
      -> PAW hartree energy AE =     985.43143838 Ry
      -> PAW hartree energy PS =    -848.36475114 Ry
      -> PAW xc energy AE      =   -1198.73527611 Ry
      -> PAW xc energy PS      =      80.09068908 Ry
      -> total E_H with PAW    =     575.77693779 Ry
      -> total E_XC with PAW   =   -1291.97381962 Ry

     convergence has been achieved in  13 iterations

     Forces acting on atoms (cartesian axes, Ry/au):

     atom    1 type  1   force =     0.00000000   -0.00000000   -0.00000256
     atom    2 type  1   force =    -0.00000000    0.00000000    0.00000256
     atom    3 type  2   force =     0.00000000    0.00000000    0.00000000
     atom    4 type  3   force =     0.00000000    0.00000000   -0.00000000
     The non-local contrib.  to forces
     atom    1 type  1   force =     0.00000000    0.00000000    0.00002175
     atom    2 type  1   force =     0.00000000    0.00000000   -0.00002175
     atom    3 type  2   force =     0.00000000    0.00000000    0.00000000
     atom    4 type  3   force =     0.00000000    0.00000000    0.00000000
     The ionic contribution  to forces
     atom    1 type  1   force =    -0.00000000    0.00000000    0.00000000
     atom    2 type  1   force =     0.00000000   -0.00000000    0.00000000
     atom    3 type  2   force =    -0.00000000   -0.00000000   -0.00000000
     atom    4 type  3   force =     0.00000000    0.00000000   -0.00000000
     The local contribution  to forces
     atom    1 type  1   force =    -0.00002398   -0.00003620   -0.00001967
     atom    2 type  1   force =     0.00002112    0.00006231    0.00001634
     atom    3 type  2   force =     0.00001575   -0.00003390    0.00001690
     atom    4 type  3   force =    -0.00004143    0.00000280    0.00002015
     The core correction contribution to forces
     atom    1 type  1   force =    -0.00000000   -0.00000000   -0.00000000
     atom    2 type  1   force =    -0.00000000    0.00000000   -0.00000000
     atom    3 type  2   force =    -0.00000005   -0.00000193    0.00000020
     atom    4 type  3   force =    -0.00000077   -0.00000432    0.00000814
     The Hubbard contrib.    to forces
     atom    1 type  1   force =     0.00000000    0.00000000    0.00000000
     atom    2 type  1   force =     0.00000000    0.00000000    0.00000000
     atom    3 type  2   force =     0.00000000    0.00000000    0.00000000
     atom    4 type  3   force =     0.00000000    0.00000000    0.00000000
     The SCF correction term to forces
     atom    1 type  1   force =     0.00000074    0.00004755   -0.00000321
     atom    2 type  1   force =    -0.00008534   -0.00009601    0.00000940
     atom    3 type  2   force =    -0.00002028    0.00003127   -0.00003913
     atom    4 type  3   force =     0.00012025   -0.00010021    0.00004677

     Total force =     0.000004     Total SCF correction =     0.000220
     SCF correction compared to forces is large: reduce conv_thr to get better values


     Computing stress (Cartesian axis) and pressure

          total   stress  (Ry/bohr**3)                   (kbar)     P=     -134.87
  -0.00091685   0.00000000   0.00000000         -134.87        0.00        0.00
   0.00000000  -0.00091685   0.00000000            0.00     -134.87        0.00
   0.00000000   0.00000000  -0.00091673            0.00        0.00     -134.86

     kinetic stress (kbar)  17365.31      0.00      0.00
                                0.00  17365.31     -0.00
                                0.00     -0.00  17365.30

     local   stress (kbar)   3084.63      2.47     -3.51
                                2.47   3081.72     -2.08
                               -3.51     -2.08   3083.26

     nonloc. stress (kbar)  13119.73     -0.00     -0.00
                                0.00  13119.73     -0.00
                                0.00     -0.00  13119.72

     hartree stress (kbar)  31885.77     -1.48      2.10
                               -1.48  31887.49      1.24
                                2.10      1.24  31886.58

     exc-cor stress (kbar)   3162.28     -0.01      0.02
                               -0.01   3162.29      0.01
                                0.02      0.01   3162.29

     corecor stress (kbar) -11987.90      0.01     -0.01
                                0.01 -11987.91     -0.01
                               -0.01     -0.01 -11987.90

     ewald   stress (kbar) -56764.09      0.00      0.00
                                0.00 -56764.09      0.00
                                0.00      0.00 -56764.09

     hubbard stress (kbar)      0.00      0.00      0.00
                                0.00      0.00      0.00
                                0.00      0.00      0.00

     DFT-D   stress (kbar)      0.00      0.00      0.00
                                0.00      0.00      0.00
                                0.00      0.00      0.00

     XDM     stress (kbar)      0.00      0.00      0.00
                                0.00      0.00      0.00
                                0.00      0.00      0.00

     dft-nl  stress (kbar)      0.00      0.00      0.00
                                0.00      0.00      0.00
                                0.00      0.00      0.00

     TS-vdW  stress (kbar)      0.00      0.00      0.00
                                0.00      0.00      0.00
                                0.00      0.00      0.00


                                0.00      0.00      0.00
                                0.00      0.00      0.00


                                0.00      0.00      0.00


     Writing all to output data dir new_calculations/myprefix.save/
