
     Program PWSCF v.7.0 starts on 20May2023 at 13:39:55 

     This program is part of the open-source Quantum ESPRESSO suite
     for quantum simulation of materials; please cite
         "P. Giannozzi et al., J. Phys.:Condens. Matter 21 395502 (2009);
         "P. Giannozzi et al., J. Phys.:Condens. Matter 29 465901 (2017);
         "P. Giannozzi et al., J. Chem. Phys. 152 154105 (2020);
          URL http://www.quantum-espresso.org", 
     in publications or presentations arising from this work. More details at
     http://www.quantum-espresso.org/quote

     Parallel version (MPI & OpenMP), running on      32 processor cores
     Number of MPI processes:                 1
     Threads/MPI process:                    32

     MPI processes distributed on     1 nodes
     129186 MiB available memory on the printing compute node when the environment starts
 
     Reading input from espresso_18352.pwi
Warning: card &CELL ignored
Warning: card / ignored

     Current dimensions of program PWSCF are:
     Max number of different atomic species (ntypx) = 10
     Max number of k-points (npk) =  40000
     Max angular momentum in pseudopotentials (lmaxx) =  4

     gamma-point specific algorithms are used
     Message from routine setup:
     using ibrav=0 with symmetry is DISCOURAGED, use correct ibrav instead

     Subspace diagonalization in iterative solution of the eigenvalue problem:
     a serial algorithm will be used

 
     G-vector sticks info
     --------------------
     sticks:   dense  smooth     PW     G-vecs:    dense   smooth      PW
     Sum         649     313     85                15431     5449     709
 
     Using Slab Decomposition
 


     bravais-lattice index     =            0
     lattice parameter (alat)  =       6.2387  a.u.
     unit-cell volume          =     245.4882 (a.u.)^3
     number of atoms/cell      =            3
     number of atomic types    =            2
     number of electrons       =        17.00
     number of Kohn-Sham states=           13
     kinetic-energy cutoff     =      30.0000  Ry
     charge density cutoff     =     240.0000  Ry
     scf convergence threshold =      1.0E-06
     mixing beta               =       0.7000
     number of iterations used =            8  plain     mixing
     Exchange-correlation=  SLA  PW   PBX  PBC
                           (   1   4   3   4   0   0   0)

     celldm(1)=   6.238717  celldm(2)=   0.000000  celldm(3)=   0.000000
     celldm(4)=   0.000000  celldm(5)=   0.000000  celldm(6)=   0.000000

     crystal axes: (cart. coord. in units of alat)
               a(1) = (   1.000000   0.000000   0.000000 )  
               a(2) = (  -0.500000   0.866025   0.000000 )  
               a(3) = (   0.000000   0.000000   1.167385 )  

     reciprocal axes: (cart. coord. in units 2 pi/alat)
               b(1) = (  1.000000  0.577351  0.000000 )  
               b(2) = (  0.000000  1.154701  0.000000 )  
               b(3) = (  0.000000  0.000000  0.856615 )  


     PseudoPot. # 1 for Y  read from file:
     /home/pragov/projects/rrg-bengioy-ad/pragov/crystal_structure_design/SSSP/Y_pbe_v1.uspp.F.UPF
     MD5 check sum: 2cf71db95cafeb975fc457bd7f14888e
     Pseudo is Ultrasoft + core correction, Zval = 11.0
     Generated by new atomic code, or converted to UPF format
     Using radial grid of  885 points,  6 beta functions with: 
                l(1) =   0
                l(2) =   0
                l(3) =   1
                l(4) =   1
                l(5) =   2
                l(6) =   2
     Q(r) pseudized with  6 coefficients,  rinner =    1.200   1.200   1.200
                                                       1.200   1.200

     PseudoPot. # 2 for B  read from file:
     /home/pragov/projects/rrg-bengioy-ad/pragov/crystal_structure_design/SSSP/b_pbe_v1.4.uspp.F.UPF
     MD5 check sum: cc6de2960df11db49a60e589f9ebb39b
     Pseudo is Ultrasoft + core correction, Zval =  3.0
     Generated by new atomic code, or converted to UPF format
     Using radial grid of  781 points,  4 beta functions with: 
                l(1) =   0
                l(2) =   0
                l(3) =   1
                l(4) =   1
     Q(r) pseudized with  8 coefficients,  rinner =    1.100   1.100   1.100


     atomic species   valence    mass     pseudopotential
        Y             11.00    88.90584     Y ( 1.00)
        B              3.00    10.81000     B ( 1.00)

     24 Sym. Ops., with inversion, found


                                    s                        frac. trans.

      isym =  1     identity                                     

 cryst.   s( 1) = (     1          0          0      )
                  (     0          1          0      )
                  (     0          0          1      )

 cart.    s( 1) = (  1.0000000 -0.0000000  0.0000000 )
                  (  0.0000000  1.0000000  0.0000000 )
                  (  0.0000000  0.0000000  1.0000000 )


      isym =  2     180 deg rotation - cart. axis [0,0,1]        

 cryst.   s( 2) = (    -1          0          0      )
                  (     0         -1          0      )
                  (     0          0          1      )

 cart.    s( 2) = ( -1.0000000  0.0000000  0.0000000 )
                  (  0.0000000 -1.0000000  0.0000000 )
                  (  0.0000000  0.0000000  1.0000000 )


      isym =  3     180 deg rotation - cart. axis [0,1,0]        

 cryst.   s( 3) = (    -1          0          0      )
                  (     1          1          0      )
                  (     0          0         -1      )

 cart.    s( 3) = ( -1.0000000 -0.0000005  0.0000000 )
                  (  0.0000000  1.0000000  0.0000000 )
                  (  0.0000000  0.0000000 -1.0000000 )


      isym =  4     180 deg rotation - cart. axis [1,0,0]        

 cryst.   s( 4) = (     1          0          0      )
                  (    -1         -1          0      )
                  (     0          0         -1      )

 cart.    s( 4) = (  1.0000000  0.0000005  0.0000000 )
                  (  0.0000000 -1.0000000  0.0000000 )
                  (  0.0000000  0.0000000 -1.0000000 )


      isym =  5      60 deg rotation - cryst. axis [0,0,1]       

 cryst.   s( 5) = (     1          1          0      )
                  (    -1          0          0      )
                  (     0          0          1      )

 cart.    s( 5) = (  0.4999998 -0.8660255  0.0000000 )
                  (  0.8660253  0.5000002  0.0000000 )
                  (  0.0000000  0.0000000  1.0000000 )


      isym =  6      60 deg rotation - cryst. axis [0,0,-1]      

 cryst.   s( 6) = (     0         -1          0      )
                  (     1          1          0      )
                  (     0          0          1      )

 cart.    s( 6) = (  0.5000002  0.8660255  0.0000000 )
                  ( -0.8660253  0.4999998  0.0000000 )
                  (  0.0000000  0.0000000  1.0000000 )


      isym =  7     120 deg rotation - cryst. axis [0,0,1]       

 cryst.   s( 7) = (     0          1          0      )
                  (    -1         -1          0      )
                  (     0          0          1      )

 cart.    s( 7) = ( -0.5000002 -0.8660255  0.0000000 )
                  (  0.8660253 -0.4999998  0.0000000 )
                  (  0.0000000  0.0000000  1.0000000 )


      isym =  8     120 deg rotation - cryst. axis [0,0,-1]      

 cryst.   s( 8) = (    -1         -1          0      )
                  (     1          0          0      )
                  (     0          0          1      )

 cart.    s( 8) = ( -0.4999998  0.8660255  0.0000000 )
                  ( -0.8660253 -0.5000002  0.0000000 )
                  (  0.0000000  0.0000000  1.0000000 )


      isym =  9     180 deg rotation - cryst. axis [1,-1,0]      

 cryst.   s( 9) = (     0         -1          0      )
                  (    -1          0          0      )
                  (     0          0         -1      )

 cart.    s( 9) = (  0.5000002 -0.8660253  0.0000000 )
                  ( -0.8660253 -0.5000002  0.0000000 )
                  (  0.0000000  0.0000000 -1.0000000 )


      isym = 10     180 deg rotation - cryst. axis [2,1,0]       

 cryst.   s(10) = (     1          1          0      )
                  (     0         -1          0      )
                  (     0          0         -1      )

 cart.    s(10) = (  0.4999998  0.8660258  0.0000000 )
                  (  0.8660253 -0.4999998  0.0000000 )
                  (  0.0000000  0.0000000 -1.0000000 )


      isym = 11     180 deg rotation - cryst. axis [0,1,0]       

 cryst.   s(11) = (    -1         -1          0      )
                  (     0          1          0      )
                  (     0          0         -1      )

 cart.    s(11) = ( -0.4999998 -0.8660258  0.0000000 )
                  ( -0.8660253  0.4999998  0.0000000 )
                  (  0.0000000  0.0000000 -1.0000000 )


      isym = 12     180 deg rotation - cryst. axis [1,1,0]       

 cryst.   s(12) = (     0          1          0      )
                  (     1          0          0      )
                  (     0          0         -1      )

 cart.    s(12) = ( -0.5000002  0.8660253  0.0000000 )
                  (  0.8660253  0.5000002  0.0000000 )
                  (  0.0000000  0.0000000 -1.0000000 )


      isym = 13     inversion                                    

 cryst.   s(13) = (    -1          0          0      )
                  (     0         -1          0      )
                  (     0          0         -1      )

 cart.    s(13) = ( -1.0000000  0.0000000  0.0000000 )
                  (  0.0000000 -1.0000000  0.0000000 )
                  (  0.0000000  0.0000000 -1.0000000 )


      isym = 14     inv. 180 deg rotation - cart. axis [0,0,1]   

 cryst.   s(14) = (     1          0          0      )
                  (     0          1          0      )
                  (     0          0         -1      )

 cart.    s(14) = (  1.0000000 -0.0000000  0.0000000 )
                  (  0.0000000  1.0000000  0.0000000 )
                  (  0.0000000  0.0000000 -1.0000000 )


      isym = 15     inv. 180 deg rotation - cart. axis [0,1,0]   

 cryst.   s(15) = (     1          0          0      )
                  (    -1         -1          0      )
                  (     0          0          1      )

 cart.    s(15) = (  1.0000000  0.0000005  0.0000000 )
                  (  0.0000000 -1.0000000  0.0000000 )
                  (  0.0000000  0.0000000  1.0000000 )


      isym = 16     inv. 180 deg rotation - cart. axis [1,0,0]   

 cryst.   s(16) = (    -1          0          0      )
                  (     1          1          0      )
                  (     0          0          1      )

 cart.    s(16) = ( -1.0000000 -0.0000005  0.0000000 )
                  (  0.0000000  1.0000000  0.0000000 )
                  (  0.0000000  0.0000000  1.0000000 )


      isym = 17     inv.  60 deg rotation - cryst. axis [0,0,1]  

 cryst.   s(17) = (    -1         -1          0      )
                  (     1          0          0      )
                  (     0          0         -1      )

 cart.    s(17) = ( -0.4999998  0.8660255  0.0000000 )
                  ( -0.8660253 -0.5000002  0.0000000 )
                  (  0.0000000  0.0000000 -1.0000000 )


      isym = 18     inv.  60 deg rotation - cryst. axis [0,0,-1] 

 cryst.   s(18) = (     0          1          0      )
                  (    -1         -1          0      )
                  (     0          0         -1      )

 cart.    s(18) = ( -0.5000002 -0.8660255  0.0000000 )
                  (  0.8660253 -0.4999998  0.0000000 )
                  (  0.0000000  0.0000000 -1.0000000 )


      isym = 19     inv. 120 deg rotation - cryst. axis [0,0,1]  

 cryst.   s(19) = (     0         -1          0      )
                  (     1          1          0      )
                  (     0          0         -1      )

 cart.    s(19) = (  0.5000002  0.8660255  0.0000000 )
                  ( -0.8660253  0.4999998  0.0000000 )
                  (  0.0000000  0.0000000 -1.0000000 )


      isym = 20     inv. 120 deg rotation - cryst. axis [0,0,-1] 

 cryst.   s(20) = (     1          1          0      )
                  (    -1          0          0      )
                  (     0          0         -1      )

 cart.    s(20) = (  0.4999998 -0.8660255  0.0000000 )
                  (  0.8660253  0.5000002  0.0000000 )
                  (  0.0000000  0.0000000 -1.0000000 )


      isym = 21     inv. 180 deg rotation - cryst. axis [1,-1,0] 

 cryst.   s(21) = (     0          1          0      )
                  (     1          0          0      )
                  (     0          0          1      )

 cart.    s(21) = ( -0.5000002  0.8660253  0.0000000 )
                  (  0.8660253  0.5000002  0.0000000 )
                  (  0.0000000  0.0000000  1.0000000 )


      isym = 22     inv. 180 deg rotation - cryst. axis [2,1,0]  

 cryst.   s(22) = (    -1         -1          0      )
                  (     0          1          0      )
                  (     0          0          1      )

 cart.    s(22) = ( -0.4999998 -0.8660258  0.0000000 )
                  ( -0.8660253  0.4999998  0.0000000 )
                  (  0.0000000  0.0000000  1.0000000 )


      isym = 23     inv. 180 deg rotation - cryst. axis [0,1,0]  

 cryst.   s(23) = (     1          1          0      )
                  (     0         -1          0      )
                  (     0          0          1      )

 cart.    s(23) = (  0.4999998  0.8660258  0.0000000 )
                  (  0.8660253 -0.4999998  0.0000000 )
                  (  0.0000000  0.0000000  1.0000000 )


      isym = 24     inv. 180 deg rotation - cryst. axis [1,1,0]  

 cryst.   s(24) = (     0         -1          0      )
                  (    -1          0          0      )
                  (     0          0          1      )

 cart.    s(24) = (  0.5000002 -0.8660253  0.0000000 )
                  ( -0.8660253 -0.5000002  0.0000000 )
                  (  0.0000000  0.0000000  1.0000000 )


   Cartesian axes

     site n.     atom                  positions (alat units)
         1           Y   tau(   1) = (   0.0000000   0.0000000   0.0000000  )
         2           B   tau(   2) = (  -0.0000006   0.5773505   0.5836926  )
         3           B   tau(   3) = (   0.5000004   0.2886748   0.5836926  )

   Crystallographic axes

     site n.     atom                  positions (cryst. coord.)
         1           Y   tau(   1) = (  0.0000000  0.0000000  0.0000000  )
         2           B   tau(   2) = (  0.3333330  0.6666670  0.5000000  )
         3           B   tau(   3) = (  0.6666670  0.3333330  0.5000000  )

     number of k points=     1  Methfessel-Paxton smearing, width (Ry)=  0.0010
                       cart. coord. in units 2pi/alat
        k(    1) = (   0.0000000   0.0000000   0.0000000), wk =   2.0000000

                       cryst. coord.
        k(    1) = (   0.0000000   0.0000000   0.0000000), wk =   2.0000000

     Dense  grid:     7716 G-vectors     FFT dimensions: (  32,  32,  36)

     Smooth grid:     2725 G-vectors     FFT dimensions: (  24,  24,  25)

     Dynamical RAM for                 wfc:       0.07 MB

     Dynamical RAM for     wfc (w. buffer):       0.07 MB

     Dynamical RAM for           str. fact:       0.24 MB

     Dynamical RAM for           local pot:       0.00 MB

     Dynamical RAM for          nlocal pot:       0.18 MB

     Dynamical RAM for                qrad:       2.49 MB

     Dynamical RAM for          rho,v,vnew:       1.20 MB

     Dynamical RAM for               rhoin:       0.40 MB

     Dynamical RAM for            rho*nmix:       1.88 MB

     Dynamical RAM for           G-vectors:       0.46 MB

     Dynamical RAM for          h,s,v(r/c):       0.02 MB

     Dynamical RAM for          <psi|beta>:       0.00 MB

     Dynamical RAM for                 psi:       0.14 MB

     Dynamical RAM for                hpsi:       0.14 MB

     Dynamical RAM for                spsi:       0.14 MB

     Dynamical RAM for      wfcinit/wfcrot:       0.23 MB

     Dynamical RAM for           addusdens:      22.13 MB

     Dynamical RAM for          addusforce:      22.44 MB

     Dynamical RAM for         addusstress:      23.67 MB

     Estimated static dynamical RAM per process >       6.79 MB

     Estimated max dynamical RAM per process >      32.33 MB

     Check: negative core charge=   -0.000005

     Initial potential from superposition of free atoms

     starting charge      16.9950, renormalised to      17.0000

     negative rho (up, down):  4.177E-02 0.000E+00
     Starting wfcs are   21 randomized atomic wfcs

     total cpu time spent up to now is        6.5 secs

     Self-consistent Calculation

     iteration #  1     ecut=    30.00 Ry     beta= 0.70
     Davidson diagonalization with overlap

---- Real-time Memory Report at c_bands before calling an iterative solver
           221 MiB given to the printing process from OS
             0 MiB allocation reported by mallinfo(arena+hblkhd)
        129151 MiB available memory on the node where the printing process lives
------------------
     ethr =  1.00E-02,  avg # of iterations =  2.0

     negative rho (up, down):  4.273E-02 0.000E+00

     total cpu time spent up to now is        6.6 secs

     total energy              =     -99.66608191 Ry
     estimated scf accuracy    <       0.19189264 Ry

     iteration #  2     ecut=    30.00 Ry     beta= 0.70
     Davidson diagonalization with overlap

---- Real-time Memory Report at c_bands before calling an iterative solver
           236 MiB given to the printing process from OS
             0 MiB allocation reported by mallinfo(arena+hblkhd)
        129144 MiB available memory on the node where the printing process lives
------------------
     ethr =  1.13E-03,  avg # of iterations =  2.0

     negative rho (up, down):  4.249E-02 0.000E+00

     total cpu time spent up to now is        6.8 secs

     total energy              =     -99.59807887 Ry
     estimated scf accuracy    <       0.59645250 Ry

     iteration #  3     ecut=    30.00 Ry     beta= 0.70
     Davidson diagonalization with overlap

---- Real-time Memory Report at c_bands before calling an iterative solver
           236 MiB given to the printing process from OS
             0 MiB allocation reported by mallinfo(arena+hblkhd)
        129142 MiB available memory on the node where the printing process lives
------------------
     ethr =  1.13E-03,  avg # of iterations =  2.0

     negative rho (up, down):  4.251E-02 0.000E+00

     total cpu time spent up to now is        7.0 secs

     total energy              =     -99.72421883 Ry
     estimated scf accuracy    <       0.04048089 Ry

     iteration #  4     ecut=    30.00 Ry     beta= 0.70
     Davidson diagonalization with overlap

---- Real-time Memory Report at c_bands before calling an iterative solver
           239 MiB given to the printing process from OS
             0 MiB allocation reported by mallinfo(arena+hblkhd)
        129141 MiB available memory on the node where the printing process lives
------------------
     ethr =  2.38E-04,  avg # of iterations =  1.0

     negative rho (up, down):  4.249E-02 0.000E+00

     total cpu time spent up to now is        7.2 secs

     total energy              =     -99.72583627 Ry
     estimated scf accuracy    <       0.00559186 Ry

     iteration #  5     ecut=    30.00 Ry     beta= 0.70
     Davidson diagonalization with overlap

---- Real-time Memory Report at c_bands before calling an iterative solver
           239 MiB given to the printing process from OS
             0 MiB allocation reported by mallinfo(arena+hblkhd)
        129137 MiB available memory on the node where the printing process lives
------------------
     ethr =  3.29E-05,  avg # of iterations =  1.0

     negative rho (up, down):  4.245E-02 0.000E+00

     total cpu time spent up to now is        7.5 secs

     total energy              =     -99.72559521 Ry
     estimated scf accuracy    <       0.00140257 Ry

     iteration #  6     ecut=    30.00 Ry     beta= 0.70
     Davidson diagonalization with overlap

---- Real-time Memory Report at c_bands before calling an iterative solver
           239 MiB given to the printing process from OS
             0 MiB allocation reported by mallinfo(arena+hblkhd)
        129138 MiB available memory on the node where the printing process lives
------------------
     ethr =  8.25E-06,  avg # of iterations =  2.0

     negative rho (up, down):  4.243E-02 0.000E+00

     total cpu time spent up to now is        7.7 secs

     total energy              =     -99.72582568 Ry
     estimated scf accuracy    <       0.00000996 Ry

     iteration #  7     ecut=    30.00 Ry     beta= 0.70
     Davidson diagonalization with overlap

---- Real-time Memory Report at c_bands before calling an iterative solver
           239 MiB given to the printing process from OS
             0 MiB allocation reported by mallinfo(arena+hblkhd)
        129138 MiB available memory on the node where the printing process lives
------------------
     ethr =  5.86E-08,  avg # of iterations =  3.0

     negative rho (up, down):  4.243E-02 0.000E+00

     total cpu time spent up to now is        7.9 secs

     total energy              =     -99.72582900 Ry
     estimated scf accuracy    <       0.00000409 Ry

     iteration #  8     ecut=    30.00 Ry     beta= 0.70
     Davidson diagonalization with overlap

---- Real-time Memory Report at c_bands before calling an iterative solver
           239 MiB given to the printing process from OS
             0 MiB allocation reported by mallinfo(arena+hblkhd)
        129138 MiB available memory on the node where the printing process lives
------------------
     ethr =  2.41E-08,  avg # of iterations =  2.0

     negative rho (up, down):  4.243E-02 0.000E+00

     total cpu time spent up to now is        8.1 secs

     End of self-consistent calculation

          k = 0.0000 0.0000 0.0000 (   355 PWs)   bands (ev):

   -28.2483  -8.5796  -7.8879  -7.8879   1.3191  10.9352  11.3739  11.3739
    11.8292  17.4504  17.8785  17.8791  18.0146

     occupation numbers 
     1.0000   1.0000   1.0000   1.0000   1.0000   1.0000   1.0000   1.0000
     0.5000  -0.0000  -0.0000  -0.0000  -0.0000

     the Fermi energy is    11.8292 ev

!    total energy              =     -99.72582965 Ry
     estimated scf accuracy    <       0.00000008 Ry
     smearing contrib. (-TS)   =      -0.00028209 Ry
     internal energy E=F+TS    =     -99.72554756 Ry

     The total energy is F=E-TS. E is the sum of the following terms:
     one-electron contribution =      -2.86994913 Ry
     hartree contribution      =      10.69689519 Ry
     xc contribution           =     -28.11183466 Ry
     ewald contribution        =     -79.44065896 Ry

     convergence has been achieved in   8 iterations

     negative rho (up, down):  4.243E-02 0.000E+00

     Forces acting on atoms (cartesian axes, Ry/au):

     atom    1 type  1   force =     0.00000000   -0.00000000    0.00000000
     atom    2 type  2   force =     0.00000000    0.00000000   -0.00000000
     atom    3 type  2   force =     0.00000000   -0.00000000    0.00000000
     The non-local contrib.  to forces
     atom    1 type  1   force =     0.00000000    0.00000000   -0.00000000
     atom    2 type  2   force =     0.00000000    0.00000000   -0.00000000
     atom    3 type  2   force =     0.00000000    0.00000000    0.00000000
     The ionic contribution  to forces
     atom    1 type  1   force =     0.00000000    0.00000000    0.00000000
     atom    2 type  2   force =     0.00000715   -0.00000413    0.00000000
     atom    3 type  2   force =    -0.00000715    0.00000413    0.00000000
     The local contribution  to forces
     atom    1 type  1   force =     0.00009673   -0.00032815    0.00046148
     atom    2 type  2   force =    -0.00002189    0.00008288   -0.00006480
     atom    3 type  2   force =     0.00000168    0.00008628   -0.00007066
     The core correction contribution to forces
     atom    1 type  1   force =     0.00000199   -0.00000974    0.00001090
     atom    2 type  2   force =    -0.00000097    0.00000296    0.00000032
     atom    3 type  2   force =    -0.00000084    0.00000264    0.00000000
     The Hubbard contrib.    to forces
     atom    1 type  1   force =     0.00000000    0.00000000    0.00000000
     atom    2 type  2   force =     0.00000000    0.00000000    0.00000000
     atom    3 type  2   force =     0.00000000    0.00000000    0.00000000
     The SCF correction term to forces
     atom    1 type  1   force =    -0.00005907    0.00024172   -0.00032308
     atom    2 type  2   force =     0.00000582   -0.00002837    0.00006168
     atom    3 type  2   force =    -0.00000110   -0.00002677    0.00006199

     Total force =     0.000000     Total SCF correction =     0.000419


     Computing stress (Cartesian axis) and pressure


     negative rho (up, down):  4.243E-02 0.000E+00
          total   stress  (Ry/bohr**3)                   (kbar)     P=      263.99
   0.00239710   0.00000000   0.00000000          352.63        0.00        0.00
   0.00000000   0.00239710   0.00000000            0.00      352.63        0.00
   0.00000000   0.00000000   0.00058952            0.00        0.00       86.72

     kinetic stress (kbar)  12694.81      0.00      0.00
                                0.00  12694.82     -0.00
                                0.00     -0.00  11984.46

     local   stress (kbar)  -3774.73      0.01      0.02
                                0.01  -3774.67      0.00
                                0.02      0.00  -2289.96

     nonloc. stress (kbar)   8479.29      0.00      0.00
                                0.00   8479.29     -0.00
                               -0.00     -0.00   8800.73

     hartree stress (kbar)   2319.80     -0.00     -0.01
                               -0.00   2319.78     -0.00
                               -0.01     -0.00   1770.38

     exc-cor stress (kbar)   4534.81     -0.00     -0.00
                               -0.00   4534.81     -0.00
                               -0.00     -0.00   4525.55

     corecor stress (kbar)  -8296.47     -0.00     -0.00
                               -0.00  -8296.47     -0.00
                               -0.00     -0.00  -8310.64

     ewald   stress (kbar) -15604.91      0.00     -0.00
                                0.00 -15604.91      0.00
                               -0.00      0.00 -16393.79

     hubbard stress (kbar)      0.00      0.00      0.00
                                0.00      0.00      0.00
                                0.00      0.00      0.00

     DFT-D   stress (kbar)      0.00      0.00      0.00
                                0.00      0.00      0.00
                                0.00      0.00      0.00

     XDM     stress (kbar)      0.00      0.00      0.00
                                0.00      0.00      0.00
                                0.00      0.00      0.00

     dft-nl  stress (kbar)      0.00      0.00      0.00
                                0.00      0.00      0.00
                                0.00      0.00      0.00

     TS-vdW  stress (kbar)      0.00      0.00      0.00
                                0.00      0.00      0.00
                                0.00      0.00      0.00


                                0.00      0.00      0.00
                                0.00      0.00      0.00


                                0.00      0.00      0.00


     Writing all to output data dir new_calculations/myprefix.save/
 
     init_run     :    127.08s CPU      6.31s WALL (       1 calls)
     electrons    :     43.39s CPU      1.69s WALL (       1 calls)
     forces       :      2.35s CPU      0.09s WALL (       1 calls)
     stress       :      3.29s CPU      0.13s WALL (       1 calls)

     Called by init_run:
     wfcinit      :     43.22s CPU      1.80s WALL (       1 calls)
     wfcinit:atom :      0.01s CPU      0.00s WALL (       1 calls)
     wfcinit:wfcr :     43.17s CPU      1.79s WALL (       1 calls)
     potinit      :     17.95s CPU      0.78s WALL (       1 calls)
     hinit0       :     64.59s CPU      3.68s WALL (       1 calls)

     Called by electrons:
     c_bands      :     15.39s CPU      0.60s WALL (       8 calls)
     sum_band     :     17.40s CPU      0.68s WALL (       8 calls)
     v_of_rho     :      1.37s CPU      0.06s WALL (       9 calls)
     v_h          :      0.16s CPU      0.01s WALL (       9 calls)
     v_xc         :      1.42s CPU      0.06s WALL (      11 calls)
     newd         :      9.81s CPU      0.39s WALL (       9 calls)
     mix_rho      :      0.29s CPU      0.01s WALL (       8 calls)

     Called by c_bands:
     init_us_2    :      0.09s CPU      0.00s WALL (      17 calls)
     init_us_2:cp :      0.07s CPU      0.00s WALL (      17 calls)
     regterg      :     15.21s CPU      0.59s WALL (       8 calls)

     Called by sum_band:
     sum_band:wei :      0.01s CPU      0.00s WALL (       8 calls)
     sum_band:loo :      4.16s CPU      0.16s WALL (       8 calls)
     sum_band:buf :      0.00s CPU      0.00s WALL (       8 calls)
     sum_band:ini :      0.05s CPU      0.00s WALL (       8 calls)
     sum_band:cal :      2.37s CPU      0.09s WALL (       8 calls)
     sum_band:bec :      0.06s CPU      0.00s WALL (       8 calls)
     addusdens    :     12.98s CPU      0.50s WALL (       8 calls)
     addusd:skk   :      0.07s CPU      0.00s WALL (      16 calls)
     addusd:dgemm :      0.79s CPU      0.04s WALL (      16 calls)
     addusd:qvan2 :     11.50s CPU      0.44s WALL (      16 calls)

     Called by *egterg:
     rdiaghg      :      0.31s CPU      0.01s WALL (      23 calls)
     regterg:over :      1.63s CPU      0.06s WALL (      15 calls)
     regterg:upda :      0.02s CPU      0.00s WALL (      15 calls)
     regterg:last :      0.09s CPU      0.00s WALL (      14 calls)
     h_psi        :     55.53s CPU      2.27s WALL (      24 calls)
     s_psi        :      0.06s CPU      0.00s WALL (      24 calls)
     g_psi        :      0.04s CPU      0.00s WALL (      15 calls)

     Called by h_psi:
     h_psi:calbec :      5.56s CPU      0.22s WALL (      24 calls)
     vloc_psi     :     49.62s CPU      2.04s WALL (      24 calls)
     add_vuspsi   :      0.23s CPU      0.01s WALL (      24 calls)

     General routines
     calbec       :      9.00s CPU      0.35s WALL (      37 calls)
     fft          :     58.39s CPU      3.10s WALL (     117 calls)
     ffts         :     17.74s CPU      0.77s WALL (      17 calls)
     fftw         :     50.53s CPU      2.08s WALL (     332 calls)
     interpolate  :     17.81s CPU      0.77s WALL (       9 calls)
 
     Parallel routines
 
     PWSCF        :   2m59.67s CPU      8.50s WALL

 
   This run was terminated on:  13:40: 4  20May2023            

=------------------------------------------------------------------------------=
   JOB DONE.
=------------------------------------------------------------------------------=
