
     Program PWSCF v.7.0 starts on 20May2023 at 18: 2:54 

     This program is part of the open-source Quantum ESPRESSO suite
     for quantum simulation of materials; please cite
         "P. Giannozzi et al., J. Phys.:Condens. Matter 21 395502 (2009);
         "P. Giannozzi et al., J. Phys.:Condens. Matter 29 465901 (2017);
         "P. Giannozzi et al., J. Chem. Phys. 152 154105 (2020);
          URL http://www.quantum-espresso.org", 
     in publications or presentations arising from this work. More details at
     http://www.quantum-espresso.org/quote

     Parallel version (MPI & OpenMP), running on      32 processor cores
     Number of MPI processes:                 1
     Threads/MPI process:                    32

     MPI processes distributed on     1 nodes
     76437 MiB available memory on the printing compute node when the environment starts
 
     Reading input from espresso_14621.pwi
Warning: card &CELL ignored
Warning: card / ignored

     Current dimensions of program PWSCF are:
     Max number of different atomic species (ntypx) = 10
     Max number of k-points (npk) =  40000
     Max angular momentum in pseudopotentials (lmaxx) =  4

     gamma-point specific algorithms are used
     Message from routine setup:
     using ibrav=0 with symmetry is DISCOURAGED, use correct ibrav instead

     Subspace diagonalization in iterative solution of the eigenvalue problem:
     a serial algorithm will be used

 
     G-vector sticks info
     --------------------
     sticks:   dense  smooth     PW     G-vecs:    dense   smooth      PW
     Sum        1147     571    151                25269     8873    1139
 
     Using Slab Decomposition
 


     bravais-lattice index     =            0
     lattice parameter (alat)  =       8.2908  a.u.
     unit-cell volume          =     402.9722 (a.u.)^3
     number of atoms/cell      =            4
     number of atomic types    =            3
     number of electrons       =        56.00
     number of Kohn-Sham states=           34
     kinetic-energy cutoff     =      30.0000  Ry
     charge density cutoff     =     240.0000  Ry
     scf convergence threshold =      1.0E-06
     mixing beta               =       0.7000
     number of iterations used =            8  plain     mixing
     Exchange-correlation= PBE
                           (   1   4   3   4   0   0   0)

     celldm(1)=   8.290805  celldm(2)=   0.000000  celldm(3)=   0.000000
     celldm(4)=   0.000000  celldm(5)=   0.000000  celldm(6)=   0.000000

     crystal axes: (cart. coord. in units of alat)
               a(1) = (   1.000000   0.000000   0.000000 )  
               a(2) = (   0.500000   0.866025   0.000000 )  
               a(3) = (   0.500000   0.288675   0.816497 )  

     reciprocal axes: (cart. coord. in units 2 pi/alat)
               b(1) = (  1.000000 -0.577350 -0.408248 )  
               b(2) = (  0.000000  1.154701 -0.408248 )  
               b(3) = (  0.000000  0.000000  1.224745 )  


     PseudoPot. # 1 for Sc read from file:
     /home/pragov/projects/rrg-bengioy-ad/pragov/crystal_structure_design/SSSP/Sc_ONCV_PBE-1.0.oncvpsp.upf
     MD5 check sum: e21af8023abb52e52cb7cd3133e4a229
     Pseudo is Norm-conserving, Zval = 11.0
     Generated using ONCVPSP code by D. R. Hamann
     Using radial grid of 1662 points,  6 beta functions with: 
                l(1) =   0
                l(2) =   0
                l(3) =   1
                l(4) =   1
                l(5) =   2
                l(6) =   2

     PseudoPot. # 2 for V  read from file:
     /home/pragov/projects/rrg-bengioy-ad/pragov/crystal_structure_design/SSSP/v_pbe_v1.4.uspp.F.UPF
     MD5 check sum: 22b79981416ebb76fdaf5b1b8640f6fb
     Pseudo is Ultrasoft + core correction, Zval = 13.0
     Generated by new atomic code, or converted to UPF format
     Using radial grid of  853 points,  6 beta functions with: 
                l(1) =   0
                l(2) =   0
                l(3) =   1
                l(4) =   1
                l(5) =   2
                l(6) =   2
     Q(r) pseudized with  8 coefficients,  rinner =    1.100   1.100   1.100
                                                       1.100   1.100

     PseudoPot. # 3 for Ru read from file:
     /home/pragov/projects/rrg-bengioy-ad/pragov/crystal_structure_design/SSSP/Ru_ONCV_PBE-1.0.oncvpsp.upf
     MD5 check sum: be037bb81c227cfb9b1461a9f099f4bd
     Pseudo is Norm-conserving, Zval = 16.0
     Generated using ONCVPSP code by D. R. Hamann
     Using radial grid of 1458 points,  6 beta functions with: 
                l(1) =   0
                l(2) =   0
                l(3) =   1
                l(4) =   1
                l(5) =   2
                l(6) =   2

     atomic species   valence    mass     pseudopotential
        Sc            11.00    44.95591     Sc( 1.00)
        V             13.00    50.94150     V ( 1.00)
        Ru            16.00   101.07000     Ru( 1.00)

     12 Sym. Ops., with inversion, found


                                    s                        frac. trans.

      isym =  1     identity                                     

 cryst.   s( 1) = (     1          0          0      )
                  (     0          1          0      )
                  (     0          0          1      )

 cart.    s( 1) = (  1.0000000  0.0000000 -0.0000000 )
                  (  0.0000000  1.0000000  0.0000000 )
                  (  0.0000000  0.0000000  1.0000000 )


      isym =  2     180 deg rotation - cart. axis [1,0,0]        

 cryst.   s( 2) = (     1          0          0      )
                  (     1         -1          0      )
                  (     1          0         -1      )

 cart.    s( 2) = (  1.0000000  0.0000000  0.0000000 )
                  (  0.0000000 -1.0000000 -0.0000000 )
                  (  0.0000000  0.0000000 -1.0000000 )


      isym =  3     120 deg rotation - cryst. axis [0,0,1]       

 cryst.   s( 3) = (    -1          1          0      )
                  (    -1          0          0      )
                  (    -1          0          1      )

 cart.    s( 3) = ( -0.5000000 -0.8660254 -0.0000000 )
                  (  0.8660254 -0.5000000 -0.0000000 )
                  (  0.0000000  0.0000000  1.0000000 )


      isym =  4     120 deg rotation - cryst. axis [0,0,-1]      

 cryst.   s( 4) = (     0         -1          0      )
                  (     1         -1          0      )
                  (     0         -1          1      )

 cart.    s( 4) = ( -0.5000000  0.8660254  0.0000000 )
                  ( -0.8660254 -0.5000000 -0.0000000 )
                  (  0.0000000  0.0000000  1.0000000 )


      isym =  5     180 deg rotation - cryst. axis [0,1,0]       

 cryst.   s( 5) = (     0         -1          0      )
                  (    -1          0          0      )
                  (     0          0         -1      )

 cart.    s( 5) = ( -0.5000000 -0.8660254 -0.0000000 )
                  ( -0.8660254  0.5000000  0.0000000 )
                  (  0.0000000  0.0000000 -1.0000000 )


      isym =  6     180 deg rotation - cryst. axis [1,1,0]       

 cryst.   s( 6) = (    -1          1          0      )
                  (     0          1          0      )
                  (     0          1         -1      )

 cart.    s( 6) = ( -0.5000000  0.8660254  0.0000000 )
                  (  0.8660254  0.5000000  0.0000000 )
                  (  0.0000000  0.0000000 -1.0000000 )


      isym =  7     inversion                                    

 cryst.   s( 7) = (    -1          0          0      )
                  (     0         -1          0      )
                  (     0          0         -1      )

 cart.    s( 7) = ( -1.0000000  0.0000000  0.0000000 )
                  (  0.0000000 -1.0000000 -0.0000000 )
                  (  0.0000000  0.0000000 -1.0000000 )


      isym =  8     inv. 180 deg rotation - cart. axis [1,0,0]   

 cryst.   s( 8) = (    -1          0          0      )
                  (    -1          1          0      )
                  (    -1          0          1      )

 cart.    s( 8) = ( -1.0000000  0.0000000  0.0000000 )
                  (  0.0000000  1.0000000  0.0000000 )
                  (  0.0000000  0.0000000  1.0000000 )


      isym =  9     inv. 120 deg rotation - cryst. axis [0,0,1]  

 cryst.   s( 9) = (     1         -1          0      )
                  (     1          0          0      )
                  (     1          0         -1      )

 cart.    s( 9) = (  0.5000000  0.8660254  0.0000000 )
                  ( -0.8660254  0.5000000  0.0000000 )
                  (  0.0000000  0.0000000 -1.0000000 )


      isym = 10     inv. 120 deg rotation - cryst. axis [0,0,-1] 

 cryst.   s(10) = (     0          1          0      )
                  (    -1          1          0      )
                  (     0          1         -1      )

 cart.    s(10) = (  0.5000000 -0.8660254 -0.0000000 )
                  (  0.8660254  0.5000000  0.0000000 )
                  (  0.0000000  0.0000000 -1.0000000 )


      isym = 11     inv. 180 deg rotation - cryst. axis [0,1,0]  

 cryst.   s(11) = (     0          1          0      )
                  (     1          0          0      )
                  (     0          0          1      )

 cart.    s(11) = (  0.5000000  0.8660254  0.0000000 )
                  (  0.8660254 -0.5000000 -0.0000000 )
                  (  0.0000000  0.0000000  1.0000000 )


      isym = 12     inv. 180 deg rotation - cryst. axis [1,1,0]  

 cryst.   s(12) = (     1         -1          0      )
                  (     0         -1          0      )
                  (     0         -1          1      )

 cart.    s(12) = (  0.5000000 -0.8660254 -0.0000000 )
                  ( -0.8660254 -0.5000000 -0.0000000 )
                  (  0.0000000  0.0000000  1.0000000 )


   Cartesian axes

     site n.     atom                  positions (alat units)
         1           Sc  tau(   1) = (   0.0000000   0.0000000   0.0000000  )
         2           V   tau(   2) = (   1.0000000   0.5773503   0.4082483  )
         3           Ru  tau(   3) = (   0.5000000   0.2886751   0.2041241  )
         4           Ru  tau(   4) = (   1.5000000   0.8660254   0.6123724  )

   Crystallographic axes

     site n.     atom                  positions (cryst. coord.)
         1           Sc  tau(   1) = (  0.0000000  0.0000000  0.0000000  )
         2           V   tau(   2) = (  0.5000000  0.5000000  0.5000000  )
         3           Ru  tau(   3) = (  0.2500000  0.2500000  0.2500000  )
         4           Ru  tau(   4) = (  0.7500000  0.7500000  0.7500000  )

     number of k points=     1  Methfessel-Paxton smearing, width (Ry)=  0.0010
                       cart. coord. in units 2pi/alat
        k(    1) = (   0.0000000   0.0000000   0.0000000), wk =   2.0000000

                       cryst. coord.
        k(    1) = (   0.0000000   0.0000000   0.0000000), wk =   2.0000000

     Dense  grid:    12635 G-vectors     FFT dimensions: (  45,  45,  45)

     Smooth grid:     4437 G-vectors     FFT dimensions: (  30,  30,  30)

     Dynamical RAM for                 wfc:       0.29 MB

     Dynamical RAM for     wfc (w. buffer):       0.29 MB

     Dynamical RAM for           str. fact:       0.58 MB

     Dynamical RAM for           local pot:       0.00 MB

     Dynamical RAM for          nlocal pot:       0.61 MB

     Dynamical RAM for                qrad:       3.73 MB

     Dynamical RAM for          rho,v,vnew:       2.66 MB

     Dynamical RAM for               rhoin:       0.89 MB

     Dynamical RAM for            rho*nmix:       3.08 MB

     Dynamical RAM for           G-vectors:       0.76 MB

     Dynamical RAM for          h,s,v(r/c):       0.11 MB

     Dynamical RAM for          <psi|beta>:       0.02 MB

     Dynamical RAM for                 psi:       0.58 MB

     Dynamical RAM for                hpsi:       0.58 MB

     Dynamical RAM for                spsi:       0.58 MB

     Dynamical RAM for      wfcinit/wfcrot:       0.72 MB

     Dynamical RAM for           addusdens:      36.05 MB

     Dynamical RAM for          addusforce:      36.15 MB

     Dynamical RAM for         addusstress:      38.75 MB

     Estimated static dynamical RAM per process >      13.77 MB

     Estimated max dynamical RAM per process >      55.61 MB

     Check: negative core charge=   -0.000004

     Initial potential from superposition of free atoms

     starting charge      55.9950, renormalised to      56.0000
     Starting wfcs are   40 randomized atomic wfcs

     total cpu time spent up to now is        2.2 secs

     Self-consistent Calculation

     iteration #  1     ecut=    30.00 Ry     beta= 0.70
     Davidson diagonalization with overlap

---- Real-time Memory Report at c_bands before calling an iterative solver
           260 MiB given to the printing process from OS
             0 MiB allocation reported by mallinfo(arena+hblkhd)
         76368 MiB available memory on the node where the printing process lives
------------------
     ethr =  1.00E-02,  avg # of iterations =  2.0

     Threshold (ethr) on eigenvalues was too large:
     Diagonalizing with lowered threshold

     Davidson diagonalization with overlap

---- Real-time Memory Report at c_bands before calling an iterative solver
           405 MiB given to the printing process from OS
             0 MiB allocation reported by mallinfo(arena+hblkhd)
         76244 MiB available memory on the node where the printing process lives
------------------
     ethr =  4.30E-04,  avg # of iterations =  2.0

     negative rho (up, down):  6.339E-04 0.000E+00

     total cpu time spent up to now is        2.5 secs

     total energy              =    -614.17910801 Ry
     estimated scf accuracy    <       0.26433605 Ry

     iteration #  2     ecut=    30.00 Ry     beta= 0.70
     Davidson diagonalization with overlap

---- Real-time Memory Report at c_bands before calling an iterative solver
           418 MiB given to the printing process from OS
             0 MiB allocation reported by mallinfo(arena+hblkhd)
         76232 MiB available memory on the node where the printing process lives
------------------
     ethr =  4.72E-04,  avg # of iterations =  5.0

     total cpu time spent up to now is        2.7 secs

     total energy              =    -613.96401934 Ry
     estimated scf accuracy    <       2.34599833 Ry

     iteration #  3     ecut=    30.00 Ry     beta= 0.70
     Davidson diagonalization with overlap

---- Real-time Memory Report at c_bands before calling an iterative solver
           422 MiB given to the printing process from OS
             0 MiB allocation reported by mallinfo(arena+hblkhd)
         76228 MiB available memory on the node where the printing process lives
------------------
     ethr =  4.72E-04,  avg # of iterations =  5.0

     total cpu time spent up to now is        3.0 secs

     total energy              =    -614.24462447 Ry
     estimated scf accuracy    <       0.15604235 Ry

     iteration #  4     ecut=    30.00 Ry     beta= 0.70
     Davidson diagonalization with overlap

---- Real-time Memory Report at c_bands before calling an iterative solver
           423 MiB given to the printing process from OS
             0 MiB allocation reported by mallinfo(arena+hblkhd)
         76227 MiB available memory on the node where the printing process lives
------------------
     ethr =  2.79E-04,  avg # of iterations =  4.0

     negative rho (up, down):  3.337E-05 0.000E+00

     total cpu time spent up to now is        3.2 secs

     total energy              =    -614.27019260 Ry
     estimated scf accuracy    <       0.03738444 Ry

     iteration #  5     ecut=    30.00 Ry     beta= 0.70
     Davidson diagonalization with overlap

---- Real-time Memory Report at c_bands before calling an iterative solver
           423 MiB given to the printing process from OS
             0 MiB allocation reported by mallinfo(arena+hblkhd)
         76224 MiB available memory on the node where the printing process lives
------------------
     ethr =  6.68E-05,  avg # of iterations =  2.0

     negative rho (up, down):  3.302E-05 0.000E+00

     total cpu time spent up to now is        3.4 secs

     total energy              =    -614.27548963 Ry
     estimated scf accuracy    <       0.00066159 Ry

     iteration #  6     ecut=    30.00 Ry     beta= 0.70
     Davidson diagonalization with overlap

---- Real-time Memory Report at c_bands before calling an iterative solver
           423 MiB given to the printing process from OS
             0 MiB allocation reported by mallinfo(arena+hblkhd)
         76224 MiB available memory on the node where the printing process lives
------------------
     ethr =  1.18E-06,  avg # of iterations =  8.0

     negative rho (up, down):  5.198E-05 0.000E+00

     total cpu time spent up to now is        3.6 secs

     total energy              =    -614.27623734 Ry
     estimated scf accuracy    <       0.00057460 Ry

     iteration #  7     ecut=    30.00 Ry     beta= 0.70
     Davidson diagonalization with overlap

---- Real-time Memory Report at c_bands before calling an iterative solver
           423 MiB given to the printing process from OS
             0 MiB allocation reported by mallinfo(arena+hblkhd)
         76224 MiB available memory on the node where the printing process lives
------------------
     ethr =  1.03E-06,  avg # of iterations =  2.0

     negative rho (up, down):  5.370E-05 0.000E+00

     total cpu time spent up to now is        3.8 secs

     total energy              =    -614.27624391 Ry
     estimated scf accuracy    <       0.00014471 Ry

     iteration #  8     ecut=    30.00 Ry     beta= 0.70
     Davidson diagonalization with overlap

---- Real-time Memory Report at c_bands before calling an iterative solver
           423 MiB given to the printing process from OS
             0 MiB allocation reported by mallinfo(arena+hblkhd)
         76224 MiB available memory on the node where the printing process lives
------------------
     ethr =  2.58E-07,  avg # of iterations =  4.0

     negative rho (up, down):  5.472E-05 0.000E+00

     total cpu time spent up to now is        4.0 secs

     total energy              =    -614.27624936 Ry
     estimated scf accuracy    <       0.00004207 Ry

     iteration #  9     ecut=    30.00 Ry     beta= 0.70
     Davidson diagonalization with overlap

---- Real-time Memory Report at c_bands before calling an iterative solver
           423 MiB given to the printing process from OS
             0 MiB allocation reported by mallinfo(arena+hblkhd)
         76223 MiB available memory on the node where the printing process lives
------------------
     ethr =  7.51E-08,  avg # of iterations =  4.0

     negative rho (up, down):  5.443E-05 0.000E+00

     total cpu time spent up to now is        4.2 secs

     total energy              =    -614.27625656 Ry
     estimated scf accuracy    <       0.00000324 Ry

     iteration # 10     ecut=    30.00 Ry     beta= 0.70
     Davidson diagonalization with overlap

---- Real-time Memory Report at c_bands before calling an iterative solver
           424 MiB given to the printing process from OS
             0 MiB allocation reported by mallinfo(arena+hblkhd)
         76223 MiB available memory on the node where the printing process lives
------------------
     ethr =  5.78E-09,  avg # of iterations =  4.0

     negative rho (up, down):  5.351E-05 0.000E+00

     total cpu time spent up to now is        4.4 secs

     End of self-consistent calculation

          k = 0.0000 0.0000 0.0000 (   570 PWs)   bands (ev):

   -54.5938 -54.5664 -44.8555 -28.6003 -24.5915 -24.5914 -24.5912 -24.4930
   -24.4929 -24.4928 -18.7248 -18.7245 -18.7244  -7.3997  -7.3993  -7.3991
    11.7581  13.8594  13.8595  15.2093  15.2094  15.2095  17.0428  17.0430
    17.0430  17.9918  17.9919  17.9919  18.6615  18.6616  20.3450  20.3451
    22.9334  22.9335

     occupation numbers 
     1.0000   1.0000   1.0000   1.0000   1.0000   1.0000   1.0000   1.0000
     1.0000   1.0000   1.0000   1.0000   1.0000   1.0000   1.0000   1.0000
     1.0000   1.0000   1.0000   1.0000   1.0000   1.0000   1.0000   1.0000
     1.0000   1.0000   1.0000   1.0000  -0.0000  -0.0000  -0.0000  -0.0000
    -0.0000  -0.0000

     the Fermi energy is    18.2071 ev

!    total energy              =    -614.27625707 Ry
     estimated scf accuracy    <       0.00000020 Ry
     smearing contrib. (-TS)   =       0.00000000 Ry
     internal energy E=F+TS    =    -614.27625707 Ry

     The total energy is F=E-TS. E is the sum of the following terms:
     one-electron contribution =    -158.40808088 Ry
     hartree contribution      =     108.44929307 Ry
     xc contribution           =     -71.48544254 Ry
     ewald contribution        =    -492.83202672 Ry

     convergence has been achieved in  10 iterations

     negative rho (up, down):  5.351E-05 0.000E+00

     Forces acting on atoms (cartesian axes, Ry/au):

     atom    1 type  1   force =    -0.00000000   -0.00000000    0.00000000
     atom    2 type  2   force =     0.00000000    0.00000000   -0.00000000
     atom    3 type  3   force =     0.00000000    0.00000000    0.00002576
     atom    4 type  3   force =     0.00000000    0.00000000   -0.00002576
     The non-local contrib.  to forces
     atom    1 type  1   force =    -0.00000000    0.00000000    0.00000000
     atom    2 type  2   force =     0.00000000    0.00000000   -0.00000000
     atom    3 type  3   force =    -0.00000000   -0.00000000   -0.00000730
     atom    4 type  3   force =     0.00000000    0.00000000    0.00000730
     The ionic contribution  to forces
     atom    1 type  1   force =    -0.00000000    0.00000000   -0.00000000
     atom    2 type  2   force =     0.00000000   -0.00000000   -0.00000000
     atom    3 type  3   force =     0.00000000    0.00000000    0.00000000
     atom    4 type  3   force =    -0.00000000   -0.00000000    0.00000000
     The local contribution  to forces
     atom    1 type  1   force =    -0.00006191   -0.00007976   -0.00000440
     atom    2 type  2   force =     0.00003289    0.00004220   -0.00001812
     atom    3 type  3   force =     0.00000027   -0.00041328    0.00006985
     atom    4 type  3   force =     0.00000085    0.00052817   -0.00004006
     The core correction contribution to forces
     atom    1 type  1   force =     0.00000000    0.00000000    0.00000000
     atom    2 type  2   force =    -0.00000021    0.00000092   -0.00000041
     atom    3 type  3   force =     0.00000000    0.00000000    0.00000000
     atom    4 type  3   force =     0.00000000    0.00000000    0.00000000
     The Hubbard contrib.    to forces
     atom    1 type  1   force =     0.00000000    0.00000000    0.00000000
     atom    2 type  2   force =     0.00000000    0.00000000    0.00000000
     atom    3 type  3   force =     0.00000000    0.00000000    0.00000000
     atom    4 type  3   force =     0.00000000    0.00000000    0.00000000
     The SCF correction term to forces
     atom    1 type  1   force =     0.00007868    0.00008051    0.00000233
     atom    2 type  2   force =    -0.00003837   -0.00003391    0.00001690
     atom    3 type  3   force =    -0.00001677    0.00037366   -0.00003872
     atom    4 type  3   force =     0.00000275   -0.00047382    0.00000508

     Total force =     0.000036     Total SCF correction =     0.000618
     SCF correction compared to forces is large: reduce conv_thr to get better values


     Computing stress (Cartesian axis) and pressure


     negative rho (up, down):  5.351E-05 0.000E+00
          total   stress  (Ry/bohr**3)                   (kbar)     P=     -195.36
  -0.00132812  -0.00000000   0.00000000         -195.37       -0.00        0.00
   0.00000000  -0.00132812  -0.00000000            0.00     -195.37       -0.00
   0.00000000  -0.00000000  -0.00132784            0.00       -0.00     -195.33

     kinetic stress (kbar)  46290.74     -0.00     -0.00
                               -0.00  46290.74      0.00
                               -0.00      0.00  46290.68

     local   stress (kbar)   5615.94     -0.01      0.04
                               -0.01   5616.14      0.29
                                0.04      0.29   5616.23

     nonloc. stress (kbar)   2857.07      0.00      0.00
                                0.00   2857.07      0.00
                                0.00      0.00   2857.01

     hartree stress (kbar)  13196.53      0.00     -0.01
                                0.00  13196.45     -0.09
                               -0.01     -0.09  13196.45

     exc-cor stress (kbar)  -7240.02     -0.00     -0.00
                               -0.00  -7240.02     -0.00
                               -0.00     -0.00  -7240.02

     corecor stress (kbar)   -946.21     -0.00      0.00
                               -0.00   -946.21      0.00
                                0.00      0.00   -946.21

     ewald   stress (kbar) -59969.48     -0.00     -0.00
                               -0.00 -59969.48     -0.00
                               -0.00     -0.00 -59969.48

     hubbard stress (kbar)      0.00      0.00      0.00
                                0.00      0.00      0.00
                                0.00      0.00      0.00

     DFT-D   stress (kbar)      0.00      0.00      0.00
                                0.00      0.00      0.00
                                0.00      0.00      0.00

     XDM     stress (kbar)      0.00      0.00      0.00
                                0.00      0.00      0.00
                                0.00      0.00      0.00

     dft-nl  stress (kbar)      0.00      0.00      0.00
                                0.00      0.00      0.00
                                0.00      0.00      0.00

     TS-vdW  stress (kbar)      0.00      0.00      0.00
                                0.00      0.00      0.00
                                0.00      0.00      0.00


                                0.00      0.00      0.00
                                0.00      0.00      0.00


                                0.00      0.00      0.00


     Writing all to output data dir new_calculations/myprefix.save/
