
     Program PWSCF v.7.0 starts on 21May2023 at  0:25: 7 

     This program is part of the open-source Quantum ESPRESSO suite
     for quantum simulation of materials; please cite
         "P. Giannozzi et al., J. Phys.:Condens. Matter 21 395502 (2009);
         "P. Giannozzi et al., J. Phys.:Condens. Matter 29 465901 (2017);
         "P. Giannozzi et al., J. Chem. Phys. 152 154105 (2020);
          URL http://www.quantum-espresso.org", 
     in publications or presentations arising from this work. More details at
     http://www.quantum-espresso.org/quote

     Parallel version (MPI & OpenMP), running on      32 processor cores
     Number of MPI processes:                 1
     Threads/MPI process:                    32

     MPI processes distributed on     1 nodes
     82934 MiB available memory on the printing compute node when the environment starts
 
     Reading input from espresso_14908.pwi
Warning: card &CELL ignored
Warning: card / ignored

     Current dimensions of program PWSCF are:
     Max number of different atomic species (ntypx) = 10
     Max number of k-points (npk) =  40000
     Max angular momentum in pseudopotentials (lmaxx) =  4

     gamma-point specific algorithms are used
     Message from routine setup:
     using ibrav=0 with symmetry is DISCOURAGED, use correct ibrav instead

     Subspace diagonalization in iterative solution of the eigenvalue problem:
     a serial algorithm will be used

 
     G-vector sticks info
     --------------------
     sticks:   dense  smooth     PW     G-vecs:    dense   smooth      PW
     Sum        1723     859    211                47183    16625    2085
 
     Using Slab Decomposition
 


     bravais-lattice index     =            0
     lattice parameter (alat)  =      10.1993  a.u.
     unit-cell volume          =     750.2412 (a.u.)^3
     number of atoms/cell      =            4
     number of atomic types    =            3
     number of electrons       =        54.00
     number of Kohn-Sham states=           32
     kinetic-energy cutoff     =      30.0000  Ry
     charge density cutoff     =     240.0000  Ry
     scf convergence threshold =      1.0E-06
     mixing beta               =       0.7000
     number of iterations used =            8  plain     mixing
     Exchange-correlation= PBE
                           (   1   4   3   4   0   0   0)

     celldm(1)=  10.199337  celldm(2)=   0.000000  celldm(3)=   0.000000
     celldm(4)=   0.000000  celldm(5)=   0.000000  celldm(6)=   0.000000

     crystal axes: (cart. coord. in units of alat)
               a(1) = (   1.000000   0.000000   0.000000 )  
               a(2) = (   0.500000   0.866025   0.000000 )  
               a(3) = (   0.500000   0.288675   0.816497 )  

     reciprocal axes: (cart. coord. in units 2 pi/alat)
               b(1) = (  1.000000 -0.577350 -0.408248 )  
               b(2) = (  0.000000  1.154701 -0.408248 )  
               b(3) = (  0.000000  0.000000  1.224745 )  


     PseudoPot. # 1 for Ca read from file:
     /home/pragov/projects/rrg-bengioy-ad/pragov/crystal_structure_design/SSSP/Ca_pbe_v1.uspp.F.UPF
     MD5 check sum: 403a4c14b9e4d4dfdc3024c9a3812218
     Pseudo is Ultrasoft + core correction, Zval = 10.0
     Generated by new atomic code, or converted to UPF format
     Using radial grid of  845 points,  6 beta functions with: 
                l(1) =   0
                l(2) =   0
                l(3) =   1
                l(4) =   1
                l(5) =   2
                l(6) =   2
     Q(r) pseudized with  8 coefficients,  rinner =    1.500   1.500   1.500
                                                       1.500   1.500

     PseudoPot. # 2 for Bi read from file:
     /home/pragov/projects/rrg-bengioy-ad/pragov/crystal_structure_design/SSSP/Bi_pbe_v1.uspp.F.UPF
     MD5 check sum: cceb9f28ec65b6d7ff33140f5b0b1758
     Pseudo is Ultrasoft + core correction, Zval = 15.0
     Generated by new atomic code, or converted to UPF format
     Using radial grid of  899 points,  6 beta functions with: 
                l(1) =   0
                l(2) =   0
                l(3) =   1
                l(4) =   1
                l(5) =   2
                l(6) =   2
     Q(r) pseudized with  6 coefficients,  rinner =    1.000   1.000   1.000
                                                       1.000   1.000

     PseudoPot. # 3 for Au read from file:
     /home/pragov/projects/rrg-bengioy-ad/pragov/crystal_structure_design/SSSP/Au_ONCV_PBE-1.0.oncvpsp.upf
     MD5 check sum: d14007822ba0e19f0206237467fc06c2
     Pseudo is Norm-conserving, Zval = 19.0
     Generated using ONCVPSP code by D. R. Hamann
     Using radial grid of 1278 points,  8 beta functions with: 
                l(1) =   0
                l(2) =   0
                l(3) =   1
                l(4) =   1
                l(5) =   2
                l(6) =   2
                l(7) =   3
                l(8) =   3

     atomic species   valence    mass     pseudopotential
        Ca            10.00    40.07800     Ca( 1.00)
        Bi            15.00   208.98040     Bi( 1.00)
        Au            19.00   196.96657     Au( 1.00)

     12 Sym. Ops., with inversion, found


                                    s                        frac. trans.

      isym =  1     identity                                     

 cryst.   s( 1) = (     1          0          0      )
                  (     0          1          0      )
                  (     0          0          1      )

 cart.    s( 1) = (  1.0000000  0.0000000  0.0000000 )
                  (  0.0000000  1.0000000  0.0000000 )
                  (  0.0000000  0.0000000  1.0000000 )


      isym =  2     180 deg rotation - cart. axis [1,0,0]        

 cryst.   s( 2) = (     1          0          0      )
                  (     1         -1          0      )
                  (     1          0         -1      )

 cart.    s( 2) = (  1.0000000  0.0000000  0.0000000 )
                  (  0.0000000 -1.0000000 -0.0000000 )
                  (  0.0000000  0.0000000 -1.0000000 )


      isym =  3     120 deg rotation - cryst. axis [0,0,1]       

 cryst.   s( 3) = (    -1          1          0      )
                  (    -1          0          0      )
                  (    -1          0          1      )

 cart.    s( 3) = ( -0.5000000 -0.8660254 -0.0000000 )
                  (  0.8660254 -0.5000000  0.0000000 )
                  (  0.0000000  0.0000000  1.0000000 )


      isym =  4     120 deg rotation - cryst. axis [0,0,-1]      

 cryst.   s( 4) = (     0         -1          0      )
                  (     1         -1          0      )
                  (     0         -1          1      )

 cart.    s( 4) = ( -0.5000000  0.8660254  0.0000000 )
                  ( -0.8660254 -0.5000000 -0.0000000 )
                  (  0.0000000  0.0000000  1.0000000 )


      isym =  5     180 deg rotation - cryst. axis [0,1,0]       

 cryst.   s( 5) = (     0         -1          0      )
                  (    -1          0          0      )
                  (     0          0         -1      )

 cart.    s( 5) = ( -0.5000000 -0.8660254 -0.0000000 )
                  ( -0.8660254  0.5000000 -0.0000000 )
                  (  0.0000000  0.0000000 -1.0000000 )


      isym =  6     180 deg rotation - cryst. axis [1,1,0]       

 cryst.   s( 6) = (    -1          1          0      )
                  (     0          1          0      )
                  (     0          1         -1      )

 cart.    s( 6) = ( -0.5000000  0.8660254  0.0000000 )
                  (  0.8660254  0.5000000  0.0000000 )
                  (  0.0000000  0.0000000 -1.0000000 )


      isym =  7     inversion                                    

 cryst.   s( 7) = (    -1          0          0      )
                  (     0         -1          0      )
                  (     0          0         -1      )

 cart.    s( 7) = ( -1.0000000  0.0000000 -0.0000000 )
                  (  0.0000000 -1.0000000 -0.0000000 )
                  (  0.0000000  0.0000000 -1.0000000 )


      isym =  8     inv. 180 deg rotation - cart. axis [1,0,0]   

 cryst.   s( 8) = (    -1          0          0      )
                  (    -1          1          0      )
                  (    -1          0          1      )

 cart.    s( 8) = ( -1.0000000  0.0000000 -0.0000000 )
                  (  0.0000000  1.0000000  0.0000000 )
                  (  0.0000000  0.0000000  1.0000000 )


      isym =  9     inv. 120 deg rotation - cryst. axis [0,0,1]  

 cryst.   s( 9) = (     1         -1          0      )
                  (     1          0          0      )
                  (     1          0         -1      )

 cart.    s( 9) = (  0.5000000  0.8660254  0.0000000 )
                  ( -0.8660254  0.5000000 -0.0000000 )
                  (  0.0000000  0.0000000 -1.0000000 )


      isym = 10     inv. 120 deg rotation - cryst. axis [0,0,-1] 

 cryst.   s(10) = (     0          1          0      )
                  (    -1          1          0      )
                  (     0          1         -1      )

 cart.    s(10) = (  0.5000000 -0.8660254  0.0000000 )
                  (  0.8660254  0.5000000  0.0000000 )
                  (  0.0000000  0.0000000 -1.0000000 )


      isym = 11     inv. 180 deg rotation - cryst. axis [0,1,0]  

 cryst.   s(11) = (     0          1          0      )
                  (     1          0          0      )
                  (     0          0          1      )

 cart.    s(11) = (  0.5000000  0.8660254  0.0000000 )
                  (  0.8660254 -0.5000000  0.0000000 )
                  (  0.0000000  0.0000000  1.0000000 )


      isym = 12     inv. 180 deg rotation - cryst. axis [1,1,0]  

 cryst.   s(12) = (     1         -1          0      )
                  (     0         -1          0      )
                  (     0         -1          1      )

 cart.    s(12) = (  0.5000000 -0.8660254  0.0000000 )
                  ( -0.8660254 -0.5000000 -0.0000000 )
                  (  0.0000000  0.0000000  1.0000000 )


   Cartesian axes

     site n.     atom                  positions (alat units)
         1           Ca  tau(   1) = (   1.5000000   0.8660254   0.6123724  )
         2           Ca  tau(   2) = (   0.5000000   0.2886751   0.2041241  )
         3           Bi  tau(   3) = (   0.0000000   0.0000000   0.0000000  )
         4           Au  tau(   4) = (   1.0000000   0.5773503   0.4082483  )

   Crystallographic axes

     site n.     atom                  positions (cryst. coord.)
         1           Ca  tau(   1) = (  0.7500000  0.7500000  0.7500000  )
         2           Ca  tau(   2) = (  0.2500000  0.2500000  0.2500000  )
         3           Bi  tau(   3) = (  0.0000000  0.0000000  0.0000000  )
         4           Au  tau(   4) = (  0.5000000  0.5000000  0.5000000  )

     number of k points=     1  Methfessel-Paxton smearing, width (Ry)=  0.0010
                       cart. coord. in units 2pi/alat
        k(    1) = (   0.0000000   0.0000000   0.0000000), wk =   2.0000000

                       cryst. coord.
        k(    1) = (   0.0000000   0.0000000   0.0000000), wk =   2.0000000

     Dense  grid:    23592 G-vectors     FFT dimensions: (  54,  54,  54)

     Smooth grid:     8313 G-vectors     FFT dimensions: (  36,  36,  36)

     Dynamical RAM for                 wfc:       0.51 MB

     Dynamical RAM for     wfc (w. buffer):       0.51 MB

     Dynamical RAM for           str. fact:       1.08 MB

     Dynamical RAM for           local pot:       0.00 MB

     Dynamical RAM for          nlocal pot:       1.37 MB

     Dynamical RAM for                qrad:       8.96 MB

     Dynamical RAM for          rho,v,vnew:       4.68 MB

     Dynamical RAM for               rhoin:       1.56 MB

     Dynamical RAM for            rho*nmix:       5.76 MB

     Dynamical RAM for           G-vectors:       1.41 MB

     Dynamical RAM for          h,s,v(r/c):       0.09 MB

     Dynamical RAM for          <psi|beta>:       0.02 MB

     Dynamical RAM for                 psi:       1.02 MB

     Dynamical RAM for                hpsi:       1.02 MB

     Dynamical RAM for                spsi:       1.02 MB

     Dynamical RAM for      wfcinit/wfcrot:       1.27 MB

     Dynamical RAM for           addusdens:      72.00 MB

     Dynamical RAM for          addusforce:      72.90 MB

     Dynamical RAM for         addusstress:      81.00 MB

     Estimated static dynamical RAM per process >      27.02 MB

     Estimated max dynamical RAM per process >     113.77 MB

     Check: negative core charge=   -0.000004

     Initial potential from superposition of free atoms

     starting charge      52.9890, renormalised to      54.0000

     negative rho (up, down):  3.885E-02 0.000E+00
     Starting wfcs are   39 randomized atomic wfcs

     total cpu time spent up to now is        2.6 secs

     Self-consistent Calculation

     iteration #  1     ecut=    30.00 Ry     beta= 0.70
     Davidson diagonalization with overlap

---- Real-time Memory Report at c_bands before calling an iterative solver
           331 MiB given to the printing process from OS
             0 MiB allocation reported by mallinfo(arena+hblkhd)
         82853 MiB available memory on the node where the printing process lives
------------------
     ethr =  1.00E-02,  avg # of iterations =  2.0

     negative rho (up, down):  4.087E-02 0.000E+00

     total cpu time spent up to now is        2.9 secs

     total energy              =    -609.35463617 Ry
     estimated scf accuracy    <       1.03676776 Ry

     iteration #  2     ecut=    30.00 Ry     beta= 0.70
     Davidson diagonalization with overlap

---- Real-time Memory Report at c_bands before calling an iterative solver
           382 MiB given to the printing process from OS
             0 MiB allocation reported by mallinfo(arena+hblkhd)
         82752 MiB available memory on the node where the printing process lives
------------------
     ethr =  1.92E-03,  avg # of iterations =  7.0

     negative rho (up, down):  4.019E-02 0.000E+00

     total cpu time spent up to now is        3.3 secs

     total energy              =    -609.63684816 Ry
     estimated scf accuracy    <       2.14985146 Ry

     iteration #  3     ecut=    30.00 Ry     beta= 0.70
     Davidson diagonalization with overlap

---- Real-time Memory Report at c_bands before calling an iterative solver
           390 MiB given to the printing process from OS
             0 MiB allocation reported by mallinfo(arena+hblkhd)
         82736 MiB available memory on the node where the printing process lives
------------------
     ethr =  1.92E-03,  avg # of iterations =  2.0

     negative rho (up, down):  4.108E-02 0.000E+00

     total cpu time spent up to now is        3.6 secs

     total energy              =    -609.95860539 Ry
     estimated scf accuracy    <       0.05166989 Ry

     iteration #  4     ecut=    30.00 Ry     beta= 0.70
     Davidson diagonalization with overlap

---- Real-time Memory Report at c_bands before calling an iterative solver
           391 MiB given to the printing process from OS
             0 MiB allocation reported by mallinfo(arena+hblkhd)
         82735 MiB available memory on the node where the printing process lives
------------------
     ethr =  9.57E-05,  avg # of iterations =  4.0

     negative rho (up, down):  4.113E-02 0.000E+00

     total cpu time spent up to now is        4.0 secs

     total energy              =    -609.97314038 Ry
     estimated scf accuracy    <       0.00393597 Ry

     iteration #  5     ecut=    30.00 Ry     beta= 0.70
     Davidson diagonalization with overlap

---- Real-time Memory Report at c_bands before calling an iterative solver
           392 MiB given to the printing process from OS
             0 MiB allocation reported by mallinfo(arena+hblkhd)
         82734 MiB available memory on the node where the printing process lives
------------------
     ethr =  7.29E-06,  avg # of iterations =  2.0

     negative rho (up, down):  4.124E-02 0.000E+00

     total cpu time spent up to now is        4.3 secs

     total energy              =    -609.97420814 Ry
     estimated scf accuracy    <       0.00042031 Ry

     iteration #  6     ecut=    30.00 Ry     beta= 0.70
     Davidson diagonalization with overlap

---- Real-time Memory Report at c_bands before calling an iterative solver
           392 MiB given to the printing process from OS
             0 MiB allocation reported by mallinfo(arena+hblkhd)
         82734 MiB available memory on the node where the printing process lives
------------------
     ethr =  7.78E-07,  avg # of iterations =  6.0

     negative rho (up, down):  4.128E-02 0.000E+00

     total cpu time spent up to now is        4.6 secs

     total energy              =    -609.97432470 Ry
     estimated scf accuracy    <       0.00000676 Ry

     iteration #  7     ecut=    30.00 Ry     beta= 0.70
     Davidson diagonalization with overlap

---- Real-time Memory Report at c_bands before calling an iterative solver
           392 MiB given to the printing process from OS
             0 MiB allocation reported by mallinfo(arena+hblkhd)
         82734 MiB available memory on the node where the printing process lives
------------------
     ethr =  1.25E-08,  avg # of iterations =  4.0

     negative rho (up, down):  4.128E-02 0.000E+00

     total cpu time spent up to now is        4.9 secs

     End of self-consistent calculation

          k = 0.0000 0.0000 0.0000 (  1043 PWs)   bands (ev):

   -96.3781 -47.3586 -47.3584 -47.3583 -30.8893 -30.8695 -11.9906 -11.9904
   -11.9903 -11.8715 -11.8713 -11.8712 -11.2591 -11.2588 -11.2574 -11.2573
   -11.2573  -0.0900   6.0701   6.0702   6.0704   6.1220   6.1222   6.8404
     8.5331   8.5332   8.5333  12.2150  12.2151  13.5989  13.5989  13.5992

     occupation numbers 
     1.0000   1.0000   1.0000   1.0000   1.0000   1.0000   1.0000   1.0000
     1.0000   1.0000   1.0000   1.0000   1.0000   1.0000   1.0000   1.0000
     1.0000   1.0000   1.0000   1.0000   1.0000   1.0000   1.0000   1.0000
     1.0000   1.0000   1.0000  -0.0000  -0.0000  -0.0000  -0.0000  -0.0000

     the Fermi energy is    10.2900 ev

!    total energy              =    -609.97432877 Ry
     estimated scf accuracy    <       0.00000073 Ry
     smearing contrib. (-TS)   =       0.00000000 Ry
     internal energy E=F+TS    =    -609.97432877 Ry

     The total energy is F=E-TS. E is the sum of the following terms:
     one-electron contribution =    -258.00378969 Ry
     hartree contribution      =     145.46882810 Ry
     xc contribution           =    -113.81395518 Ry
     ewald contribution        =    -383.62541200 Ry

     convergence has been achieved in   7 iterations

     negative rho (up, down):  4.128E-02 0.000E+00

     Forces acting on atoms (cartesian axes, Ry/au):

     atom    1 type  1   force =     0.00000000    0.00000000    0.00002168
     atom    2 type  1   force =     0.00000000    0.00000000   -0.00002168
     atom    3 type  2   force =     0.00000000    0.00000000   -0.00000000
     atom    4 type  3   force =     0.00000000   -0.00000000   -0.00000000
     The non-local contrib.  to forces
     atom    1 type  1   force =     0.00000000    0.00000000    0.00003740
     atom    2 type  1   force =     0.00000000    0.00000000   -0.00003740
     atom    3 type  2   force =     0.00000000    0.00000000    0.00000000
     atom    4 type  3   force =     0.00000000    0.00000000   -0.00000000
     The ionic contribution  to forces
     atom    1 type  1   force =    -0.00000000   -0.00000000   -0.00000000
     atom    2 type  1   force =    -0.00000000   -0.00000000    0.00000000
     atom    3 type  2   force =     0.00000000    0.00000000    0.00000000
     atom    4 type  3   force =    -0.00000000    0.00000000   -0.00000000
     The local contribution  to forces
     atom    1 type  1   force =     0.00025475    0.00005922    0.00000379
     atom    2 type  1   force =    -0.00048930    0.00018683   -0.00029589
     atom    3 type  2   force =     0.00161496   -0.00058867   -0.00094654
     atom    4 type  3   force =    -0.00168675   -0.00047531    0.00267407
     The core correction contribution to forces
     atom    1 type  1   force =     0.00000430   -0.00000093   -0.00000099
     atom    2 type  1   force =    -0.00000326    0.00000103   -0.00000244
     atom    3 type  2   force =     0.00003566   -0.00001505   -0.00002433
     atom    4 type  3   force =     0.00000000    0.00000000    0.00000000
     The Hubbard contrib.    to forces
     atom    1 type  1   force =     0.00000000    0.00000000    0.00000000
     atom    2 type  1   force =     0.00000000    0.00000000    0.00000000
     atom    3 type  2   force =     0.00000000    0.00000000    0.00000000
     atom    4 type  3   force =     0.00000000    0.00000000    0.00000000
     The SCF correction term to forces
     atom    1 type  1   force =    -0.00023252   -0.00006589   -0.00003962
     atom    2 type  1   force =     0.00053148   -0.00020293    0.00029294
     atom    3 type  2   force =    -0.00204555    0.00079028    0.00112078
     atom    4 type  3   force =     0.00179824    0.00054541   -0.00294034

     Total force =     0.000031     Total SCF correction =     0.004326
     SCF correction compared to forces is large: reduce conv_thr to get better values


     Computing stress (Cartesian axis) and pressure


     negative rho (up, down):  4.128E-02 0.000E+00
          total   stress  (Ry/bohr**3)                   (kbar)     P=     -218.19
  -0.00148324  -0.00000000  -0.00000000         -218.19       -0.00       -0.00
   0.00000000  -0.00148324  -0.00000000            0.00     -218.19       -0.00
  -0.00000000   0.00000000  -0.00148316           -0.00        0.00     -218.18

     kinetic stress (kbar)  18120.90      0.00      0.00
                                0.00  18120.90      0.00
                                0.00      0.00  18120.90

     local   stress (kbar)  -5992.04     -0.08      0.08
                               -0.08  -5992.09     -0.01
                                0.08     -0.01  -5992.08

     nonloc. stress (kbar)   8148.64     -0.00      0.00
                               -0.00   8148.64     -0.00
                                0.00     -0.00   8148.65

     hartree stress (kbar)   9507.69      0.02     -0.04
                                0.02   9507.69      0.00
                               -0.04      0.00   9507.71

     exc-cor stress (kbar)   5103.34      0.00     -0.00
                                0.00   5103.34     -0.00
                               -0.00     -0.00   5103.34

     corecor stress (kbar) -10033.32     -0.00      0.00
                               -0.00 -10033.33     -0.00
                                0.00     -0.00 -10033.32

     ewald   stress (kbar) -25073.38      0.00     -0.00
                                0.00 -25073.38      0.00
                               -0.00      0.00 -25073.38

     hubbard stress (kbar)      0.00      0.00      0.00
                                0.00      0.00      0.00
                                0.00      0.00      0.00

     DFT-D   stress (kbar)      0.00      0.00      0.00
                                0.00      0.00      0.00
                                0.00      0.00      0.00

     XDM     stress (kbar)      0.00      0.00      0.00
                                0.00      0.00      0.00
                                0.00      0.00      0.00

     dft-nl  stress (kbar)      0.00      0.00      0.00
                                0.00      0.00      0.00
                                0.00      0.00      0.00

     TS-vdW  stress (kbar)      0.00      0.00      0.00
                                0.00      0.00      0.00
                                0.00      0.00      0.00


                                0.00      0.00      0.00
                                0.00      0.00      0.00


                                0.00      0.00      0.00


     Writing all to output data dir new_calculations/myprefix.save/
 
     init_run     :     62.93s CPU      2.40s WALL (       1 calls)
     electrons    :     72.61s CPU      2.36s WALL (       1 calls)
     forces       :      2.18s CPU      0.07s WALL (       1 calls)
     stress       :      5.31s CPU      0.18s WALL (       1 calls)

     Called by init_run:
     wfcinit      :     20.47s CPU      0.67s WALL (       1 calls)
     wfcinit:atom :      0.03s CPU      0.00s WALL (       1 calls)
     wfcinit:wfcr :     20.31s CPU      0.67s WALL (       1 calls)
     potinit      :     14.19s CPU      0.47s WALL (       1 calls)
     hinit0       :     27.02s CPU      1.19s WALL (       1 calls)

     Called by electrons:
     c_bands      :     40.56s CPU      1.29s WALL (       7 calls)
     sum_band     :     18.05s CPU      0.61s WALL (       7 calls)
     v_of_rho     :      4.07s CPU      0.13s WALL (       8 calls)
     v_h          :      0.31s CPU      0.01s WALL (       8 calls)
     v_xc         :      4.47s CPU      0.15s WALL (      10 calls)
     newd         :      9.90s CPU      0.33s WALL (       8 calls)
     mix_rho      :      0.80s CPU      0.03s WALL (       7 calls)

     Called by c_bands:
     init_us_2    :      0.20s CPU      0.01s WALL (      15 calls)
     init_us_2:cp :      0.17s CPU      0.01s WALL (      15 calls)
     regterg      :     39.90s CPU      1.27s WALL (       7 calls)

     Called by sum_band:
     sum_band:wei :      0.01s CPU      0.00s WALL (       7 calls)
     sum_band:loo :      8.93s CPU      0.29s WALL (       7 calls)
     sum_band:buf :      0.01s CPU      0.00s WALL (       7 calls)
     sum_band:ini :      0.09s CPU      0.00s WALL (       7 calls)
     sum_band:cal :      0.04s CPU      0.00s WALL (       7 calls)
     sum_band:bec :      0.01s CPU      0.00s WALL (       7 calls)
     addusdens    :      8.60s CPU      0.31s WALL (       7 calls)
     addusd:skk   :      0.04s CPU      0.00s WALL (      14 calls)
     addusd:dgemm :      1.04s CPU      0.06s WALL (      14 calls)
     addusd:qvan2 :      7.13s CPU      0.23s WALL (      14 calls)

     Called by *egterg:
     rdiaghg      :      1.31s CPU      0.04s WALL (      34 calls)
     regterg:over :      0.07s CPU      0.00s WALL (      27 calls)
     regterg:upda :      0.13s CPU      0.00s WALL (      27 calls)
     regterg:last :      0.23s CPU      0.01s WALL (      15 calls)
     h_psi        :     57.80s CPU      1.85s WALL (      35 calls)
     s_psi        :      0.04s CPU      0.00s WALL (      35 calls)
     g_psi        :      0.02s CPU      0.00s WALL (      27 calls)

     Called by h_psi:
     h_psi:calbec :      0.17s CPU      0.01s WALL (      35 calls)
     vloc_psi     :     57.39s CPU      1.84s WALL (      35 calls)
     add_vuspsi   :      0.08s CPU      0.00s WALL (      35 calls)

     General routines
     calbec       :      0.17s CPU      0.01s WALL (      47 calls)
     fft          :     15.78s CPU      0.51s WALL (     106 calls)
     ffts         :     13.42s CPU      0.45s WALL (      15 calls)
     fftw         :     62.10s CPU      1.99s WALL (     762 calls)
     interpolate  :     13.69s CPU      0.46s WALL (       8 calls)
 
     Parallel routines
 
     PWSCF        :   2m28.93s CPU      5.40s WALL

 
   This run was terminated on:   0:25:12  21May2023            

=------------------------------------------------------------------------------=
   JOB DONE.
=------------------------------------------------------------------------------=
