
     Program PWSCF v.7.0 starts on 20May2023 at  8:31: 3 

     This program is part of the open-source Quantum ESPRESSO suite
     for quantum simulation of materials; please cite
         "P. Giannozzi et al., J. Phys.:Condens. Matter 21 395502 (2009);
         "P. Giannozzi et al., J. Phys.:Condens. Matter 29 465901 (2017);
         "P. Giannozzi et al., J. Chem. Phys. 152 154105 (2020);
          URL http://www.quantum-espresso.org", 
     in publications or presentations arising from this work. More details at
     http://www.quantum-espresso.org/quote

     Parallel version (MPI & OpenMP), running on      32 processor cores
     Number of MPI processes:                 1
     Threads/MPI process:                    32

     MPI processes distributed on     1 nodes
     120564 MiB available memory on the printing compute node when the environment starts
 
     Reading input from espresso_6201.pwi
Warning: card &CELL ignored
Warning: card / ignored

     Current dimensions of program PWSCF are:
     Max number of different atomic species (ntypx) = 10
     Max number of k-points (npk) =  40000
     Max angular momentum in pseudopotentials (lmaxx) =  4

     gamma-point specific algorithms are used
     Message from routine setup:
     using ibrav=0 with symmetry is DISCOURAGED, use correct ibrav instead

     Subspace diagonalization in iterative solution of the eigenvalue problem:
     a serial algorithm will be used

 
     G-vector sticks info
     --------------------
     sticks:   dense  smooth     PW     G-vecs:    dense   smooth      PW
     Sum        2431    1237    313                79663    28325    3527
 
     Using Slab Decomposition
 


     bravais-lattice index     =            0
     lattice parameter (alat)  =      12.1626  a.u.
     unit-cell volume          =    1272.2386 (a.u.)^3
     number of atoms/cell      =            4
     number of atomic types    =            3
     number of electrons       =        44.00
     number of Kohn-Sham states=           26
     kinetic-energy cutoff     =      30.0000  Ry
     charge density cutoff     =     240.0000  Ry
     scf convergence threshold =      1.0E-06
     mixing beta               =       0.7000
     number of iterations used =            8  plain     mixing
     Exchange-correlation= SLA  PW   PBE  PBE
                           (   1   4   3   4   0   0   0)

     celldm(1)=  12.162640  celldm(2)=   0.000000  celldm(3)=   0.000000
     celldm(4)=   0.000000  celldm(5)=   0.000000  celldm(6)=   0.000000

     crystal axes: (cart. coord. in units of alat)
               a(1) = (   1.000000   0.000000   0.000000 )  
               a(2) = (   0.500000   0.866025   0.000000 )  
               a(3) = (   0.500000   0.288675   0.816497 )  

     reciprocal axes: (cart. coord. in units 2 pi/alat)
               b(1) = (  1.000000 -0.577350 -0.408248 )  
               b(2) = (  0.000000  1.154701 -0.408248 )  
               b(3) = (  0.000000  0.000000  1.224745 )  


     PseudoPot. # 1 for Cs read from file:
     /home/pragov/projects/rrg-bengioy-ad/pragov/crystal_structure_design/SSSP/Cs_pbe_v1.uspp.F.UPF
     MD5 check sum: 3476d69cb178dfad3ffaa59df4e07ca4
     Pseudo is Ultrasoft + core correction, Zval =  9.0
     Generated by new atomic code, or converted to UPF format
     Using radial grid of  905 points,  6 beta functions with: 
                l(1) =   0
                l(2) =   0
                l(3) =   1
                l(4) =   1
                l(5) =   2
                l(6) =   2
     Q(r) pseudized with  6 coefficients,  rinner =    1.500   1.500   1.500
                                                       1.500   1.500

     PseudoPot. # 2 for Hg read from file:
     /home/pragov/projects/rrg-bengioy-ad/pragov/crystal_structure_design/SSSP/Hg_ONCV_PBE-1.0.oncvpsp.upf
     MD5 check sum: dd5a8773074bfcf4280086d4d95875c4
     Pseudo is Norm-conserving, Zval = 20.0
     Generated using ONCVPSP code by D. R. Hamann
     Using radial grid of 1262 points,  8 beta functions with: 
                l(1) =   0
                l(2) =   0
                l(3) =   1
                l(4) =   1
                l(5) =   2
                l(6) =   2
                l(7) =   3
                l(8) =   3

     PseudoPot. # 3 for Te read from file:
     /home/pragov/projects/rrg-bengioy-ad/pragov/crystal_structure_design/SSSP/Te_pbe_v1.uspp.F.UPF
     MD5 check sum: c319670d6894cc26e93307826a071b75
     Pseudo is Ultrasoft + core correction, Zval =  6.0
     Generated by new atomic code, or converted to UPF format
     Using radial grid of  891 points,  5 beta functions with: 
                l(1) =   0
                l(2) =   0
                l(3) =   1
                l(4) =   1
                l(5) =   2
     Q(r) pseudized with  6 coefficients,  rinner =    1.800   1.800   1.800
                                                       1.800   1.800

     atomic species   valence    mass     pseudopotential
        Cs             9.00   132.90545     Cs( 1.00)
        Hg            20.00   200.59200     Hg( 1.00)
        Te             6.00   127.60000     Te( 1.00)

     12 Sym. Ops., with inversion, found


                                    s                        frac. trans.

      isym =  1     identity                                     

 cryst.   s( 1) = (     1          0          0      )
                  (     0          1          0      )
                  (     0          0          1      )

 cart.    s( 1) = (  1.0000000  0.0000000 -0.0000000 )
                  (  0.0000000  1.0000000 -0.0000000 )
                  (  0.0000000  0.0000000  1.0000000 )


      isym =  2     180 deg rotation - cart. axis [1,0,0]        

 cryst.   s( 2) = (     1          0          0      )
                  (     1         -1          0      )
                  (     1          0         -1      )

 cart.    s( 2) = (  1.0000000  0.0000000 -0.0000000 )
                  (  0.0000000 -1.0000000  0.0000000 )
                  (  0.0000000  0.0000000 -1.0000000 )


      isym =  3     120 deg rotation - cryst. axis [0,0,1]       

 cryst.   s( 3) = (    -1          1          0      )
                  (    -1          0          0      )
                  (    -1          0          1      )

 cart.    s( 3) = ( -0.5000000 -0.8660254  0.0000000 )
                  (  0.8660254 -0.5000000  0.0000000 )
                  (  0.0000000  0.0000000  1.0000000 )


      isym =  4     120 deg rotation - cryst. axis [0,0,-1]      

 cryst.   s( 4) = (     0         -1          0      )
                  (     1         -1          0      )
                  (     0         -1          1      )

 cart.    s( 4) = ( -0.5000000  0.8660254 -0.0000000 )
                  ( -0.8660254 -0.5000000  0.0000000 )
                  (  0.0000000  0.0000000  1.0000000 )


      isym =  5     180 deg rotation - cryst. axis [0,1,0]       

 cryst.   s( 5) = (     0         -1          0      )
                  (    -1          0          0      )
                  (     0          0         -1      )

 cart.    s( 5) = ( -0.5000000 -0.8660254  0.0000000 )
                  ( -0.8660254  0.5000000 -0.0000000 )
                  (  0.0000000  0.0000000 -1.0000000 )


      isym =  6     180 deg rotation - cryst. axis [1,1,0]       

 cryst.   s( 6) = (    -1          1          0      )
                  (     0          1          0      )
                  (     0          1         -1      )

 cart.    s( 6) = ( -0.5000000  0.8660254 -0.0000000 )
                  (  0.8660254  0.5000000 -0.0000000 )
                  (  0.0000000  0.0000000 -1.0000000 )


      isym =  7     inversion                                    

 cryst.   s( 7) = (    -1          0          0      )
                  (     0         -1          0      )
                  (     0          0         -1      )

 cart.    s( 7) = ( -1.0000000  0.0000000  0.0000000 )
                  (  0.0000000 -1.0000000  0.0000000 )
                  (  0.0000000  0.0000000 -1.0000000 )


      isym =  8     inv. 180 deg rotation - cart. axis [1,0,0]   

 cryst.   s( 8) = (    -1          0          0      )
                  (    -1          1          0      )
                  (    -1          0          1      )

 cart.    s( 8) = ( -1.0000000  0.0000000  0.0000000 )
                  (  0.0000000  1.0000000 -0.0000000 )
                  (  0.0000000  0.0000000  1.0000000 )


      isym =  9     inv. 120 deg rotation - cryst. axis [0,0,1]  

 cryst.   s( 9) = (     1         -1          0      )
                  (     1          0          0      )
                  (     1          0         -1      )

 cart.    s( 9) = (  0.5000000  0.8660254 -0.0000000 )
                  ( -0.8660254  0.5000000 -0.0000000 )
                  (  0.0000000  0.0000000 -1.0000000 )


      isym = 10     inv. 120 deg rotation - cryst. axis [0,0,-1] 

 cryst.   s(10) = (     0          1          0      )
                  (    -1          1          0      )
                  (     0          1         -1      )

 cart.    s(10) = (  0.5000000 -0.8660254  0.0000000 )
                  (  0.8660254  0.5000000 -0.0000000 )
                  (  0.0000000  0.0000000 -1.0000000 )


      isym = 11     inv. 180 deg rotation - cryst. axis [0,1,0]  

 cryst.   s(11) = (     0          1          0      )
                  (     1          0          0      )
                  (     0          0          1      )

 cart.    s(11) = (  0.5000000  0.8660254 -0.0000000 )
                  (  0.8660254 -0.5000000  0.0000000 )
                  (  0.0000000  0.0000000  1.0000000 )


      isym = 12     inv. 180 deg rotation - cryst. axis [1,1,0]  

 cryst.   s(12) = (     1         -1          0      )
                  (     0         -1          0      )
                  (     0         -1          1      )

 cart.    s(12) = (  0.5000000 -0.8660254  0.0000000 )
                  ( -0.8660254 -0.5000000  0.0000000 )
                  (  0.0000000  0.0000000  1.0000000 )


   Cartesian axes

     site n.     atom                  positions (alat units)
         1           Cs  tau(   1) = (   1.5000000   0.8660254   0.6123724  )
         2           Cs  tau(   2) = (   0.5000000   0.2886751   0.2041241  )
         3           Hg  tau(   3) = (   1.0000000   0.5773503   0.4082483  )
         4           Te  tau(   4) = (   0.0000000   0.0000000   0.0000000  )

   Crystallographic axes

     site n.     atom                  positions (cryst. coord.)
         1           Cs  tau(   1) = (  0.7500000  0.7500000  0.7500000  )
         2           Cs  tau(   2) = (  0.2500000  0.2500000  0.2500000  )
         3           Hg  tau(   3) = (  0.5000000  0.5000000  0.5000000  )
         4           Te  tau(   4) = (  0.0000000  0.0000000  0.0000000  )

     number of k points=     1  Methfessel-Paxton smearing, width (Ry)=  0.0010
                       cart. coord. in units 2pi/alat
        k(    1) = (   0.0000000   0.0000000   0.0000000), wk =   2.0000000

                       cryst. coord.
        k(    1) = (   0.0000000   0.0000000   0.0000000), wk =   2.0000000

     Dense  grid:    39832 G-vectors     FFT dimensions: (  60,  60,  60)

     Smooth grid:    14163 G-vectors     FFT dimensions: (  45,  45,  45)

     Dynamical RAM for                 wfc:       0.70 MB

     Dynamical RAM for     wfc (w. buffer):       0.70 MB

     Dynamical RAM for           str. fact:       1.82 MB

     Dynamical RAM for           local pot:       0.00 MB

     Dynamical RAM for          nlocal pot:       2.18 MB

     Dynamical RAM for                qrad:       8.96 MB

     Dynamical RAM for          rho,v,vnew:       6.77 MB

     Dynamical RAM for               rhoin:       2.26 MB

     Dynamical RAM for            rho*nmix:       9.72 MB

     Dynamical RAM for           G-vectors:       2.39 MB

     Dynamical RAM for          h,s,v(r/c):       0.06 MB

     Dynamical RAM for          <psi|beta>:       0.02 MB

     Dynamical RAM for                 psi:       1.40 MB

     Dynamical RAM for                hpsi:       1.40 MB

     Dynamical RAM for                spsi:       1.40 MB

     Dynamical RAM for      wfcinit/wfcrot:       2.19 MB

     Dynamical RAM for           addusdens:     121.56 MB

     Dynamical RAM for          addusforce:     123.08 MB

     Dynamical RAM for         addusstress:     136.75 MB

     Estimated static dynamical RAM per process >      35.74 MB

     Estimated max dynamical RAM per process >     182.22 MB

     Initial potential from superposition of free atoms

     starting charge      43.9209, renormalised to      44.0000
     Starting wfcs are   40 randomized atomic wfcs

     total cpu time spent up to now is       14.5 secs

     Self-consistent Calculation

     iteration #  1     ecut=    30.00 Ry     beta= 0.70
     Davidson diagonalization with overlap

---- Real-time Memory Report at c_bands before calling an iterative solver
           399 MiB given to the printing process from OS
             0 MiB allocation reported by mallinfo(arena+hblkhd)
        120429 MiB available memory on the node where the printing process lives
------------------
     ethr =  1.00E-02,  avg # of iterations =  3.0

     Threshold (ethr) on eigenvalues was too large:
     Diagonalizing with lowered threshold

     Davidson diagonalization with overlap

---- Real-time Memory Report at c_bands before calling an iterative solver
           426 MiB given to the printing process from OS
             0 MiB allocation reported by mallinfo(arena+hblkhd)
        120436 MiB available memory on the node where the printing process lives
------------------
     ethr =  6.04E-04,  avg # of iterations =  1.0

     total cpu time spent up to now is       21.8 secs

     total energy              =    -462.76412532 Ry
     estimated scf accuracy    <       0.27078003 Ry

     iteration #  2     ecut=    30.00 Ry     beta= 0.70
     Davidson diagonalization with overlap

---- Real-time Memory Report at c_bands before calling an iterative solver
           460 MiB given to the printing process from OS
             0 MiB allocation reported by mallinfo(arena+hblkhd)
        120406 MiB available memory on the node where the printing process lives
------------------
     ethr =  6.15E-04,  avg # of iterations =  7.0

     total cpu time spent up to now is       25.0 secs

     total energy              =    -462.79158423 Ry
     estimated scf accuracy    <       0.50054915 Ry

     iteration #  3     ecut=    30.00 Ry     beta= 0.70
     Davidson diagonalization with overlap

---- Real-time Memory Report at c_bands before calling an iterative solver
           463 MiB given to the printing process from OS
             0 MiB allocation reported by mallinfo(arena+hblkhd)
        120401 MiB available memory on the node where the printing process lives
------------------
     ethr =  6.15E-04,  avg # of iterations =  3.0

     total cpu time spent up to now is       26.9 secs

     total energy              =    -462.90131603 Ry
     estimated scf accuracy    <       0.00716213 Ry

     iteration #  4     ecut=    30.00 Ry     beta= 0.70
     Davidson diagonalization with overlap

---- Real-time Memory Report at c_bands before calling an iterative solver
           464 MiB given to the printing process from OS
             0 MiB allocation reported by mallinfo(arena+hblkhd)
        120376 MiB available memory on the node where the printing process lives
------------------
     ethr =  1.63E-05,  avg # of iterations =  5.0

     total cpu time spent up to now is       28.9 secs

     total energy              =    -462.90261515 Ry
     estimated scf accuracy    <       0.00188466 Ry

     iteration #  5     ecut=    30.00 Ry     beta= 0.70
     Davidson diagonalization with overlap

---- Real-time Memory Report at c_bands before calling an iterative solver
           464 MiB given to the printing process from OS
             0 MiB allocation reported by mallinfo(arena+hblkhd)
        120375 MiB available memory on the node where the printing process lives
------------------
     ethr =  4.28E-06,  avg # of iterations =  4.0

     total cpu time spent up to now is       30.5 secs

     total energy              =    -462.90304462 Ry
     estimated scf accuracy    <       0.00002644 Ry

     iteration #  6     ecut=    30.00 Ry     beta= 0.70
     Davidson diagonalization with overlap

---- Real-time Memory Report at c_bands before calling an iterative solver
           464 MiB given to the printing process from OS
             0 MiB allocation reported by mallinfo(arena+hblkhd)
        120377 MiB available memory on the node where the printing process lives
------------------
     c_bands:  1 eigenvalues not converged
     ethr =  6.01E-08,  avg # of iterations = 20.0

     total cpu time spent up to now is       33.6 secs

     total energy              =    -462.90307002 Ry
     estimated scf accuracy    <       0.00000553 Ry

     iteration #  7     ecut=    30.00 Ry     beta= 0.70
     Davidson diagonalization with overlap

---- Real-time Memory Report at c_bands before calling an iterative solver
           464 MiB given to the printing process from OS
             0 MiB allocation reported by mallinfo(arena+hblkhd)
        120376 MiB available memory on the node where the printing process lives
------------------
     ethr =  1.26E-08,  avg # of iterations =  2.0

     total cpu time spent up to now is       35.2 secs

     End of self-consistent calculation

          k = 0.0000 0.0000 0.0000 (  1764 PWs)   bands (ev):

  -110.7845 -58.6376 -58.6375 -58.6375 -16.7179 -16.6486  -4.3192  -3.6932
    -3.6932  -3.6932  -3.3903  -3.3903  -3.3903  -1.3404  -1.3403  -1.3234
    -1.3233  -1.3233   1.3990   3.9481   3.9483   3.9483   7.8017   7.8018
     7.8025   8.1539

     occupation numbers 
     1.0000   1.0000   1.0000   1.0000   1.0000   1.0000   1.0000   1.0000
     1.0000   1.0000   1.0000   1.0000   1.0000   1.0000   1.0000   1.0000
     1.0000   1.0000   1.0000   1.0000   1.0000   1.0000  -0.0000  -0.0000
    -0.0000  -0.0000

     the Fermi energy is     4.5646 ev

!    total energy              =    -462.90307146 Ry
     estimated scf accuracy    <       0.00000013 Ry
     smearing contrib. (-TS)   =       0.00000000 Ry
     internal energy E=F+TS    =    -462.90307146 Ry

     The total energy is F=E-TS. E is the sum of the following terms:
     one-electron contribution =    -274.47161338 Ry
     hartree contribution      =     142.29006460 Ry
     xc contribution           =    -102.21560339 Ry
     ewald contribution        =    -228.50591929 Ry

     convergence has been achieved in   7 iterations

     Forces acting on atoms (cartesian axes, Ry/au):

     atom    1 type  1   force =     0.00000000    0.00000000    0.00001076
     atom    2 type  1   force =     0.00000000   -0.00000000   -0.00001076
     atom    3 type  2   force =     0.00000000    0.00000000   -0.00000000
     atom    4 type  3   force =     0.00000000    0.00000000    0.00000000
     The non-local contrib.  to forces
     atom    1 type  1   force =    -0.00000000    0.00000000   -0.00003157
     atom    2 type  1   force =     0.00000000    0.00000000    0.00003157
     atom    3 type  2   force =     0.00000000    0.00000000   -0.00000000
     atom    4 type  3   force =     0.00000000   -0.00000000    0.00000000
     The ionic contribution  to forces
     atom    1 type  1   force =    -0.00000000   -0.00000000    0.00000000
     atom    2 type  1   force =    -0.00000000    0.00000000   -0.00000000
     atom    3 type  2   force =    -0.00000000   -0.00000000    0.00000000
     atom    4 type  3   force =    -0.00000000    0.00000000   -0.00000000
     The local contribution  to forces
     atom    1 type  1   force =    -0.00013621    0.00017886   -0.00001623
     atom    2 type  1   force =     0.00003683   -0.00013293   -0.00016781
     atom    3 type  2   force =     0.00194286    0.00013076    0.00122095
     atom    4 type  3   force =     0.00000170    0.00001384   -0.00002449
     The core correction contribution to forces
     atom    1 type  1   force =    -0.00000053    0.00001609    0.00000105
     atom    2 type  1   force =    -0.00000332   -0.00002091   -0.00001811
     atom    3 type  2   force =     0.00000000    0.00000000    0.00000000
     atom    4 type  3   force =    -0.00001414   -0.00000817   -0.00000111
     The Hubbard contrib.    to forces
     atom    1 type  1   force =     0.00000000    0.00000000    0.00000000
     atom    2 type  1   force =     0.00000000    0.00000000    0.00000000
     atom    3 type  2   force =     0.00000000    0.00000000    0.00000000
     atom    4 type  3   force =     0.00000000    0.00000000    0.00000000
     The SCF correction term to forces
     atom    1 type  1   force =     0.00012920   -0.00009541    0.00001292
     atom    2 type  1   force =    -0.00007421    0.00004332    0.00009900
     atom    3 type  2   force =    -0.00224131   -0.00009748   -0.00140900
     atom    4 type  3   force =     0.00017598    0.00008391    0.00003373

     Total force =     0.000015     Total SCF correction =     0.002665
     SCF correction compared to forces is large: reduce conv_thr to get better values


     Computing stress (Cartesian axis) and pressure

          total   stress  (Ry/bohr**3)                   (kbar)     P=     -187.43
  -0.00127418   0.00000000   0.00000000         -187.44        0.00        0.00
   0.00000000  -0.00127418   0.00000000            0.00     -187.44        0.00
   0.00000000   0.00000000  -0.00127408            0.00        0.00     -187.42

     kinetic stress (kbar)   9327.98      0.00     -0.00
                                0.00   9327.98     -0.00
                               -0.00     -0.00   9327.99

     local   stress (kbar)  -7542.92     -0.01     -0.02
                               -0.01  -7542.92      0.01
                               -0.02      0.01  -7542.93

     nonloc. stress (kbar)   3393.13      0.00     -0.00
                                0.00   3393.13     -0.00
                               -0.00     -0.00   3393.13

     hartree stress (kbar)   5484.18      0.01      0.01
                                0.01   5484.19     -0.01
                                0.01     -0.01   5484.20

     exc-cor stress (kbar)   4761.05     -0.00      0.00
                               -0.00   4761.05      0.00
                                0.00      0.00   4761.05

     corecor stress (kbar)  -6803.71      0.00     -0.00
                                0.00  -6803.71      0.00
                               -0.00      0.00  -6803.71

     ewald   stress (kbar)  -8807.15      0.00      0.00
                                0.00  -8807.15     -0.00
                                0.00     -0.00  -8807.15

     hubbard stress (kbar)      0.00      0.00      0.00
                                0.00      0.00      0.00
                                0.00      0.00      0.00

     DFT-D   stress (kbar)      0.00      0.00      0.00
                                0.00      0.00      0.00
                                0.00      0.00      0.00

     XDM     stress (kbar)      0.00      0.00      0.00
                                0.00      0.00      0.00
                                0.00      0.00      0.00

     dft-nl  stress (kbar)      0.00      0.00      0.00
                                0.00      0.00      0.00
                                0.00      0.00      0.00

     TS-vdW  stress (kbar)      0.00      0.00      0.00
                                0.00      0.00      0.00
                                0.00      0.00      0.00


                                0.00      0.00      0.00
                                0.00      0.00      0.00


                                0.00      0.00      0.00


     Writing all to output data dir new_calculations/myprefix.save/

 %%%%%%%%%%%%%%%%%%%%%%%%%%%%%%%%%%%%%%%%%%%%%%%%%%%%%%%%%%%%%%%%%%%%%%%%%%%%%%
     Error in routine write_rhog (1):
     error opening file new_calculations/myprefix.save/charge-density
 %%%%%%%%%%%%%%%%%%%%%%%%%%%%%%%%%%%%%%%%%%%%%%%%%%%%%%%%%%%%%%%%%%%%%%%%%%%%%%

     stopping ...
