
     Program PWSCF v.7.0 starts on 21May2023 at 19:21:16 

     This program is part of the open-source Quantum ESPRESSO suite
     for quantum simulation of materials; please cite
         "P. Giannozzi et al., J. Phys.:Condens. Matter 21 395502 (2009);
         "P. Giannozzi et al., J. Phys.:Condens. Matter 29 465901 (2017);
         "P. Giannozzi et al., J. Chem. Phys. 152 154105 (2020);
          URL http://www.quantum-espresso.org", 
     in publications or presentations arising from this work. More details at
     http://www.quantum-espresso.org/quote

     Parallel version (MPI & OpenMP), running on      32 processor cores
     Number of MPI processes:                 1
     Threads/MPI process:                    32

     MPI processes distributed on     1 nodes
     82149 MiB available memory on the printing compute node when the environment starts
 
     Reading input from espresso_26987.pwi
Warning: card &CELL ignored
Warning: card / ignored

     Current dimensions of program PWSCF are:
     Max number of different atomic species (ntypx) = 10
     Max number of k-points (npk) =  40000
     Max angular momentum in pseudopotentials (lmaxx) =  4

     gamma-point specific algorithms are used
     Message from routine setup:
     using ibrav=0 with symmetry is DISCOURAGED, use correct ibrav instead

     Subspace diagonalization in iterative solution of the eigenvalue problem:
     a serial algorithm will be used

 
     G-vector sticks info
     --------------------
     sticks:   dense  smooth     PW     G-vecs:    dense   smooth      PW
     Sum        1735     859    211                33479    11871    1505
 
     Using Slab Decomposition
 


     bravais-lattice index     =            0
     lattice parameter (alat)  =      10.2117  a.u.
     unit-cell volume          =     532.2506 (a.u.)^3
     number of atoms/cell      =            6
     number of atomic types    =            3
     number of electrons       =        82.00
     number of Kohn-Sham states=           49
     kinetic-energy cutoff     =      30.0000  Ry
     charge density cutoff     =     240.0000  Ry
     scf convergence threshold =      1.0E-06
     mixing beta               =       0.7000
     number of iterations used =            8  plain     mixing
     Exchange-correlation= PBE
                           (   1   4   3   4   0   0   0)

     celldm(1)=  10.211730  celldm(2)=   0.000000  celldm(3)=   0.000000
     celldm(4)=   0.000000  celldm(5)=   0.000000  celldm(6)=   0.000000

     crystal axes: (cart. coord. in units of alat)
               a(1) = (   1.000000   0.000000   0.000000 )  
               a(2) = (  -0.500000   0.866025   0.000000 )  
               a(3) = (   0.000000   0.000000   0.577149 )  

     reciprocal axes: (cart. coord. in units 2 pi/alat)
               b(1) = (  1.000000  0.577350  0.000000 )  
               b(2) = (  0.000000  1.154701  0.000000 )  
               b(3) = (  0.000000  0.000000  1.732656 )  


     PseudoPot. # 1 for Lu read from file:
     /home/pragov/projects/rrg-bengioy-ad/pragov/crystal_structure_design/SSSP/Lu.GGA-PBE-paw-v1.0.UPF
     MD5 check sum: 9ceca61ee0c17e9380a83635bfffa61d
     Pseudo is Projector augmented-wave + core cor, Zval = 25.0
     Generated using ATOMPAW code
     Shape of augmentation charge: BESSEL
     Using radial grid of 1118 points,  8 beta functions with: 
                l(1) =   0
                l(2) =   0
                l(3) =   1
                l(4) =   1
                l(5) =   2
                l(6) =   2
                l(7) =   3
                l(8) =   3
     Q(r) pseudized with 0 coefficients 


     PseudoPot. # 2 for B  read from file:
     /home/pragov/projects/rrg-bengioy-ad/pragov/crystal_structure_design/SSSP/b_pbe_v1.4.uspp.F.UPF
     MD5 check sum: cc6de2960df11db49a60e589f9ebb39b
     Pseudo is Ultrasoft + core correction, Zval =  3.0
     Generated by new atomic code, or converted to UPF format
     Using radial grid of  781 points,  4 beta functions with: 
                l(1) =   0
                l(2) =   0
                l(3) =   1
                l(4) =   1
     Q(r) pseudized with  8 coefficients,  rinner =    1.100   1.100   1.100


     PseudoPot. # 3 for Rh read from file:
     /home/pragov/projects/rrg-bengioy-ad/pragov/crystal_structure_design/SSSP/Rh_ONCV_PBE-1.0.oncvpsp.upf
     MD5 check sum: ba07c69523b14cacd10683cd4c4284c1
     Pseudo is Norm-conserving, Zval = 17.0
     Generated using ONCVPSP code by D. R. Hamann
     Using radial grid of 1442 points,  6 beta functions with: 
                l(1) =   0
                l(2) =   0
                l(3) =   1
                l(4) =   1
                l(5) =   2
                l(6) =   2

     atomic species   valence    mass     pseudopotential
        Lu            25.00   174.96680     Lu( 1.00)
        B              3.00    10.81000     B ( 1.00)
        Rh            17.00   102.90550     Rh( 1.00)

     24 Sym. Ops., with inversion, found


                                    s                        frac. trans.

      isym =  1     identity                                     

 cryst.   s( 1) = (     1          0          0      )
                  (     0          1          0      )
                  (     0          0          1      )

 cart.    s( 1) = (  1.0000000  0.0000000  0.0000000 )
                  (  0.0000000  1.0000000  0.0000000 )
                  (  0.0000000  0.0000000  1.0000000 )


      isym =  2     180 deg rotation - cart. axis [0,0,1]        

 cryst.   s( 2) = (    -1          0          0      )
                  (     0         -1          0      )
                  (     0          0          1      )

 cart.    s( 2) = ( -1.0000000 -0.0000000  0.0000000 )
                  (  0.0000000 -1.0000000  0.0000000 )
                  (  0.0000000  0.0000000  1.0000000 )


      isym =  3     180 deg rotation - cart. axis [0,1,0]        

 cryst.   s( 3) = (    -1          0          0      )
                  (     1          1          0      )
                  (     0          0         -1      )

 cart.    s( 3) = ( -1.0000000 -0.0000003  0.0000000 )
                  (  0.0000000  1.0000000  0.0000000 )
                  (  0.0000000  0.0000000 -1.0000000 )


      isym =  4     180 deg rotation - cart. axis [1,0,0]        

 cryst.   s( 4) = (     1          0          0      )
                  (    -1         -1          0      )
                  (     0          0         -1      )

 cart.    s( 4) = (  1.0000000  0.0000003  0.0000000 )
                  (  0.0000000 -1.0000000  0.0000000 )
                  (  0.0000000  0.0000000 -1.0000000 )


      isym =  5      60 deg rotation - cryst. axis [0,0,1]       

 cryst.   s( 5) = (     1          1          0      )
                  (    -1          0          0      )
                  (     0          0          1      )

 cart.    s( 5) = (  0.4999999 -0.8660255  0.0000000 )
                  (  0.8660253  0.5000001  0.0000000 )
                  (  0.0000000  0.0000000  1.0000000 )


      isym =  6      60 deg rotation - cryst. axis [0,0,-1]      

 cryst.   s( 6) = (     0         -1          0      )
                  (     1          1          0      )
                  (     0          0          1      )

 cart.    s( 6) = (  0.5000001  0.8660255  0.0000000 )
                  ( -0.8660253  0.4999999  0.0000000 )
                  (  0.0000000  0.0000000  1.0000000 )


      isym =  7     120 deg rotation - cryst. axis [0,0,1]       

 cryst.   s( 7) = (     0          1          0      )
                  (    -1         -1          0      )
                  (     0          0          1      )

 cart.    s( 7) = ( -0.5000001 -0.8660255  0.0000000 )
                  (  0.8660253 -0.4999999  0.0000000 )
                  (  0.0000000  0.0000000  1.0000000 )


      isym =  8     120 deg rotation - cryst. axis [0,0,-1]      

 cryst.   s( 8) = (    -1         -1          0      )
                  (     1          0          0      )
                  (     0          0          1      )

 cart.    s( 8) = ( -0.4999999  0.8660255  0.0000000 )
                  ( -0.8660253 -0.5000001  0.0000000 )
                  (  0.0000000  0.0000000  1.0000000 )


      isym =  9     180 deg rotation - cryst. axis [1,-1,0]      

 cryst.   s( 9) = (     0         -1          0      )
                  (    -1          0          0      )
                  (     0          0         -1      )

 cart.    s( 9) = (  0.5000001 -0.8660253  0.0000000 )
                  ( -0.8660253 -0.5000001  0.0000000 )
                  (  0.0000000  0.0000000 -1.0000000 )


      isym = 10     180 deg rotation - cryst. axis [2,1,0]       

 cryst.   s(10) = (     1          1          0      )
                  (     0         -1          0      )
                  (     0          0         -1      )

 cart.    s(10) = (  0.4999999  0.8660256  0.0000000 )
                  (  0.8660253 -0.4999999  0.0000000 )
                  (  0.0000000  0.0000000 -1.0000000 )


      isym = 11     180 deg rotation - cryst. axis [0,1,0]       

 cryst.   s(11) = (    -1         -1          0      )
                  (     0          1          0      )
                  (     0          0         -1      )

 cart.    s(11) = ( -0.4999999 -0.8660256  0.0000000 )
                  ( -0.8660253  0.4999999  0.0000000 )
                  (  0.0000000  0.0000000 -1.0000000 )


      isym = 12     180 deg rotation - cryst. axis [1,1,0]       

 cryst.   s(12) = (     0          1          0      )
                  (     1          0          0      )
                  (     0          0         -1      )

 cart.    s(12) = ( -0.5000001  0.8660253  0.0000000 )
                  (  0.8660253  0.5000001  0.0000000 )
                  (  0.0000000  0.0000000 -1.0000000 )


      isym = 13     inversion                                    

 cryst.   s(13) = (    -1          0          0      )
                  (     0         -1          0      )
                  (     0          0         -1      )

 cart.    s(13) = ( -1.0000000 -0.0000000  0.0000000 )
                  (  0.0000000 -1.0000000  0.0000000 )
                  (  0.0000000  0.0000000 -1.0000000 )


      isym = 14     inv. 180 deg rotation - cart. axis [0,0,1]   

 cryst.   s(14) = (     1          0          0      )
                  (     0          1          0      )
                  (     0          0         -1      )

 cart.    s(14) = (  1.0000000  0.0000000  0.0000000 )
                  (  0.0000000  1.0000000  0.0000000 )
                  (  0.0000000  0.0000000 -1.0000000 )


      isym = 15     inv. 180 deg rotation - cart. axis [0,1,0]   

 cryst.   s(15) = (     1          0          0      )
                  (    -1         -1          0      )
                  (     0          0          1      )

 cart.    s(15) = (  1.0000000  0.0000003  0.0000000 )
                  (  0.0000000 -1.0000000  0.0000000 )
                  (  0.0000000  0.0000000  1.0000000 )


      isym = 16     inv. 180 deg rotation - cart. axis [1,0,0]   

 cryst.   s(16) = (    -1          0          0      )
                  (     1          1          0      )
                  (     0          0          1      )

 cart.    s(16) = ( -1.0000000 -0.0000003  0.0000000 )
                  (  0.0000000  1.0000000  0.0000000 )
                  (  0.0000000  0.0000000  1.0000000 )


      isym = 17     inv.  60 deg rotation - cryst. axis [0,0,1]  

 cryst.   s(17) = (    -1         -1          0      )
                  (     1          0          0      )
                  (     0          0         -1      )

 cart.    s(17) = ( -0.4999999  0.8660255  0.0000000 )
                  ( -0.8660253 -0.5000001  0.0000000 )
                  (  0.0000000  0.0000000 -1.0000000 )


      isym = 18     inv.  60 deg rotation - cryst. axis [0,0,-1] 

 cryst.   s(18) = (     0          1          0      )
                  (    -1         -1          0      )
                  (     0          0         -1      )

 cart.    s(18) = ( -0.5000001 -0.8660255  0.0000000 )
                  (  0.8660253 -0.4999999  0.0000000 )
                  (  0.0000000  0.0000000 -1.0000000 )


      isym = 19     inv. 120 deg rotation - cryst. axis [0,0,1]  

 cryst.   s(19) = (     0         -1          0      )
                  (     1          1          0      )
                  (     0          0         -1      )

 cart.    s(19) = (  0.5000001  0.8660255  0.0000000 )
                  ( -0.8660253  0.4999999  0.0000000 )
                  (  0.0000000  0.0000000 -1.0000000 )


      isym = 20     inv. 120 deg rotation - cryst. axis [0,0,-1] 

 cryst.   s(20) = (     1          1          0      )
                  (    -1          0          0      )
                  (     0          0         -1      )

 cart.    s(20) = (  0.4999999 -0.8660255  0.0000000 )
                  (  0.8660253  0.5000001  0.0000000 )
                  (  0.0000000  0.0000000 -1.0000000 )


      isym = 21     inv. 180 deg rotation - cryst. axis [1,-1,0] 

 cryst.   s(21) = (     0          1          0      )
                  (     1          0          0      )
                  (     0          0          1      )

 cart.    s(21) = ( -0.5000001  0.8660253  0.0000000 )
                  (  0.8660253  0.5000001  0.0000000 )
                  (  0.0000000  0.0000000  1.0000000 )


      isym = 22     inv. 180 deg rotation - cryst. axis [2,1,0]  

 cryst.   s(22) = (    -1         -1          0      )
                  (     0          1          0      )
                  (     0          0          1      )

 cart.    s(22) = ( -0.4999999 -0.8660256  0.0000000 )
                  ( -0.8660253  0.4999999  0.0000000 )
                  (  0.0000000  0.0000000  1.0000000 )


      isym = 23     inv. 180 deg rotation - cryst. axis [0,1,0]  

 cryst.   s(23) = (     1          1          0      )
                  (     0         -1          0      )
                  (     0          0          1      )

 cart.    s(23) = (  0.4999999  0.8660256  0.0000000 )
                  (  0.8660253 -0.4999999  0.0000000 )
                  (  0.0000000  0.0000000  1.0000000 )


      isym = 24     inv. 180 deg rotation - cryst. axis [1,1,0]  

 cryst.   s(24) = (     0         -1          0      )
                  (    -1          0          0      )
                  (     0          0          1      )

 cart.    s(24) = (  0.5000001 -0.8660253  0.0000000 )
                  ( -0.8660253 -0.5000001  0.0000000 )
                  (  0.0000000  0.0000000  1.0000000 )


   Cartesian axes

     site n.     atom                  positions (alat units)
         1           Lu  tau(   1) = (   0.0000000   0.0000000   0.2885743  )
         2           B   tau(   2) = (   0.5000005   0.2886748   0.2885743  )
         3           B   tau(   3) = (  -0.0000006   0.5773505   0.2885743  )
         4           Rh  tau(   4) = (  -0.2500001   0.4330127   0.0000000  )
         5           Rh  tau(   5) = (   0.2499999   0.4330127   0.0000000  )
         6           Rh  tau(   6) = (   0.5000000   0.0000000   0.0000000  )

   Crystallographic axes

     site n.     atom                  positions (cryst. coord.)
         1           Lu  tau(   1) = (  0.0000000  0.0000000  0.5000000  )
         2           B   tau(   2) = (  0.6666670  0.3333330  0.5000000  )
         3           B   tau(   3) = (  0.3333330  0.6666670  0.5000000  )
         4           Rh  tau(   4) = ( -0.0000000  0.5000000  0.0000000  )
         5           Rh  tau(   5) = (  0.5000000  0.5000000  0.0000000  )
         6           Rh  tau(   6) = (  0.5000000  0.0000000  0.0000000  )

     number of k points=     1  Methfessel-Paxton smearing, width (Ry)=  0.0010
                       cart. coord. in units 2pi/alat
        k(    1) = (   0.0000000   0.0000000   0.0000000), wk =   2.0000000

                       cryst. coord.
        k(    1) = (   0.0000000   0.0000000   0.0000000), wk =   2.0000000

     Dense  grid:    16740 G-vectors     FFT dimensions: (  54,  54,  30)

     Smooth grid:     5936 G-vectors     FFT dimensions: (  36,  36,  24)

     Dynamical RAM for                 wfc:       0.55 MB

     Dynamical RAM for     wfc (w. buffer):       0.55 MB

     Dynamical RAM for           str. fact:       0.77 MB

     Dynamical RAM for           local pot:       0.00 MB

     Dynamical RAM for          nlocal pot:       1.15 MB

     Dynamical RAM for                qrad:       8.96 MB

     Dynamical RAM for          rho,v,vnew:       2.77 MB

     Dynamical RAM for               rhoin:       0.92 MB

     Dynamical RAM for            rho*nmix:       4.09 MB

     Dynamical RAM for           G-vectors:       1.00 MB

     Dynamical RAM for          h,s,v(r/c):       0.22 MB

     Dynamical RAM for          <psi|beta>:       0.04 MB

     Dynamical RAM for                 psi:       1.10 MB

     Dynamical RAM for                hpsi:       1.10 MB

     Dynamical RAM for                spsi:       1.10 MB

     Dynamical RAM for      wfcinit/wfcrot:       1.69 MB

     Dynamical RAM for           addusdens:     142.28 MB

     Dynamical RAM for          addusforce:     142.94 MB

     Dynamical RAM for         addusstress:     148.66 MB

     Estimated static dynamical RAM per process >      20.48 MB

     Estimated max dynamical RAM per process >     173.23 MB

     Initial potential from superposition of free atoms

     starting charge      81.9944, renormalised to      82.0000
     Starting wfcs are   70 randomized atomic wfcs
     Checking if some PAW data can be deallocated... 

     total cpu time spent up to now is        4.8 secs

     Self-consistent Calculation

     iteration #  1     ecut=    30.00 Ry     beta= 0.70
     Davidson diagonalization with overlap

---- Real-time Memory Report at c_bands before calling an iterative solver
           448 MiB given to the printing process from OS
             0 MiB allocation reported by mallinfo(arena+hblkhd)
         81889 MiB available memory on the node where the printing process lives
------------------
     ethr =  1.00E-02,  avg # of iterations =  2.0

     Threshold (ethr) on eigenvalues was too large:
     Diagonalizing with lowered threshold

     Davidson diagonalization with overlap

---- Real-time Memory Report at c_bands before calling an iterative solver
           720 MiB given to the printing process from OS
             0 MiB allocation reported by mallinfo(arena+hblkhd)
         81757 MiB available memory on the node where the printing process lives
------------------
     ethr =  8.78E-04,  avg # of iterations =  8.0

     total cpu time spent up to now is        5.9 secs

     total energy              =   -1743.69857346 Ry
     estimated scf accuracy    <       0.56063418 Ry

     iteration #  2     ecut=    30.00 Ry     beta= 0.70
     Davidson diagonalization with overlap

---- Real-time Memory Report at c_bands before calling an iterative solver
           739 MiB given to the printing process from OS
             0 MiB allocation reported by mallinfo(arena+hblkhd)
         81734 MiB available memory on the node where the printing process lives
------------------
     ethr =  6.84E-04,  avg # of iterations =  6.0

     total cpu time spent up to now is        6.6 secs

     total energy              =   -1743.20768736 Ry
     estimated scf accuracy    <       3.58869970 Ry

     iteration #  3     ecut=    30.00 Ry     beta= 0.70
     Davidson diagonalization with overlap

---- Real-time Memory Report at c_bands before calling an iterative solver
           743 MiB given to the printing process from OS
             0 MiB allocation reported by mallinfo(arena+hblkhd)
         81730 MiB available memory on the node where the printing process lives
------------------
     ethr =  6.84E-04,  avg # of iterations =  3.0

     total cpu time spent up to now is        7.3 secs

     total energy              =   -1743.94067694 Ry
     estimated scf accuracy    <       0.18630126 Ry

     iteration #  4     ecut=    30.00 Ry     beta= 0.70
     Davidson diagonalization with overlap

---- Real-time Memory Report at c_bands before calling an iterative solver
           743 MiB given to the printing process from OS
             0 MiB allocation reported by mallinfo(arena+hblkhd)
         81730 MiB available memory on the node where the printing process lives
------------------
     ethr =  2.27E-04,  avg # of iterations =  2.0

     total cpu time spent up to now is        8.0 secs

     total energy              =   -1743.93935703 Ry
     estimated scf accuracy    <       0.07157865 Ry

     iteration #  5     ecut=    30.00 Ry     beta= 0.70
     Davidson diagonalization with overlap

---- Real-time Memory Report at c_bands before calling an iterative solver
           743 MiB given to the printing process from OS
             0 MiB allocation reported by mallinfo(arena+hblkhd)
         81731 MiB available memory on the node where the printing process lives
------------------
     ethr =  8.73E-05,  avg # of iterations =  2.0

     total cpu time spent up to now is        8.6 secs

     total energy              =   -1743.93651092 Ry
     estimated scf accuracy    <       0.05258299 Ry

     iteration #  6     ecut=    30.00 Ry     beta= 0.70
     Davidson diagonalization with overlap

---- Real-time Memory Report at c_bands before calling an iterative solver
           743 MiB given to the printing process from OS
             0 MiB allocation reported by mallinfo(arena+hblkhd)
         81730 MiB available memory on the node where the printing process lives
------------------
     ethr =  6.41E-05,  avg # of iterations =  2.0

     total cpu time spent up to now is        9.2 secs

     total energy              =   -1743.93771334 Ry
     estimated scf accuracy    <       0.01227306 Ry

     iteration #  7     ecut=    30.00 Ry     beta= 0.70
     Davidson diagonalization with overlap

---- Real-time Memory Report at c_bands before calling an iterative solver
           743 MiB given to the printing process from OS
             0 MiB allocation reported by mallinfo(arena+hblkhd)
         81730 MiB available memory on the node where the printing process lives
------------------
     ethr =  1.50E-05,  avg # of iterations =  2.0

     total cpu time spent up to now is        9.9 secs

     total energy              =   -1743.93786486 Ry
     estimated scf accuracy    <       0.00264444 Ry

     iteration #  8     ecut=    30.00 Ry     beta= 0.70
     Davidson diagonalization with overlap

---- Real-time Memory Report at c_bands before calling an iterative solver
           743 MiB given to the printing process from OS
             0 MiB allocation reported by mallinfo(arena+hblkhd)
         81729 MiB available memory on the node where the printing process lives
------------------
     ethr =  3.22E-06,  avg # of iterations =  3.0

     total cpu time spent up to now is       10.6 secs

     total energy              =   -1743.93811510 Ry
     estimated scf accuracy    <       0.00058335 Ry

     iteration #  9     ecut=    30.00 Ry     beta= 0.70
     Davidson diagonalization with overlap

---- Real-time Memory Report at c_bands before calling an iterative solver
           743 MiB given to the printing process from OS
             0 MiB allocation reported by mallinfo(arena+hblkhd)
         81730 MiB available memory on the node where the printing process lives
------------------
     ethr =  7.11E-07,  avg # of iterations =  2.0

     total cpu time spent up to now is       11.2 secs

     total energy              =   -1743.93819489 Ry
     estimated scf accuracy    <       0.00013453 Ry

     iteration # 10     ecut=    30.00 Ry     beta= 0.70
     Davidson diagonalization with overlap

---- Real-time Memory Report at c_bands before calling an iterative solver
           743 MiB given to the printing process from OS
             0 MiB allocation reported by mallinfo(arena+hblkhd)
         81731 MiB available memory on the node where the printing process lives
------------------
     ethr =  1.64E-07,  avg # of iterations =  3.0

     total cpu time spent up to now is       11.9 secs

     total energy              =   -1743.93820121 Ry
     estimated scf accuracy    <       0.00015374 Ry

     iteration # 11     ecut=    30.00 Ry     beta= 0.70
     Davidson diagonalization with overlap

---- Real-time Memory Report at c_bands before calling an iterative solver
           743 MiB given to the printing process from OS
             0 MiB allocation reported by mallinfo(arena+hblkhd)
         81732 MiB available memory on the node where the printing process lives
------------------
     ethr =  1.64E-07,  avg # of iterations =  2.0

     total cpu time spent up to now is       12.6 secs

     total energy              =   -1743.93819791 Ry
     estimated scf accuracy    <       0.00003551 Ry

     iteration # 12     ecut=    30.00 Ry     beta= 0.70
     Davidson diagonalization with overlap

---- Real-time Memory Report at c_bands before calling an iterative solver
           743 MiB given to the printing process from OS
             0 MiB allocation reported by mallinfo(arena+hblkhd)
         81731 MiB available memory on the node where the printing process lives
------------------
     ethr =  4.33E-08,  avg # of iterations =  2.0

     total cpu time spent up to now is       13.2 secs

     End of self-consistent calculation

          k = 0.0000 0.0000 0.0000 (   753 PWs)   bands (ev):

   -59.4995 -59.4433 -59.4424 -36.9011 -28.0829 -27.6883 -27.6878 -27.3756
   -27.3754 -27.2597 -26.9490 -26.8858 -26.8851  -7.4719  -7.4321  -7.4320
     8.7528  13.2349  13.2349  13.2969  13.3486  13.5691  14.3484  14.4483
    14.4483  14.5096  14.5964  14.5964  14.7208  14.7753  15.2600  15.2601
    16.7533  16.7534  17.4143  17.4146  18.3560  18.3563  18.4316  18.4317
    18.6646  19.5158  20.1227  20.5341  21.5374  21.5375  25.2504  25.2518
    25.5699

     occupation numbers 
     1.0000   1.0000   1.0000   1.0000   1.0000   1.0000   1.0000   1.0000
     1.0000   1.0000   1.0000   1.0000   1.0000   1.0000   1.0000   1.0000
     1.0000   1.0000   1.0000   1.0000   1.0000   1.0000   1.0000   1.0000
     1.0000   1.0000   1.0000   1.0000   1.0000   1.0000   1.0000   1.0000
     1.0000   1.0000   1.0000   1.0000   1.0000   1.0000   1.0000   1.0000
     1.0000  -0.0000  -0.0000  -0.0000  -0.0000  -0.0000  -0.0000  -0.0000
    -0.0000

     the Fermi energy is    19.0387 ev

!    total energy              =   -1743.93820433 Ry
     estimated scf accuracy    <       0.00000016 Ry
     smearing contrib. (-TS)   =       0.00000000 Ry
     internal energy E=F+TS    =   -1743.93820433 Ry

     The total energy is F=E-TS. E is the sum of the following terms:
     one-electron contribution =    -561.57252917 Ry
     hartree contribution      =     292.96635784 Ry
     xc contribution           =    -113.39473235 Ry
     ewald contribution        =    -870.93669531 Ry
     one-center paw contrib.   =    -491.00060534 Ry
      -> PAW hartree energy AE =     489.33627107 Ry
      -> PAW hartree energy PS =    -421.02326298 Ry
      -> PAW xc energy AE      =    -599.28335588 Ry
      -> PAW xc energy PS      =      39.96974245 Ry
      -> total E_H with PAW    =     361.27936594 Ry
      -> total E_XC with PAW   =    -672.70834578 Ry

     convergence has been achieved in  12 iterations

     Forces acting on atoms (cartesian axes, Ry/au):

     atom    1 type  1   force =     0.00000000    0.00000000    0.00000000
     atom    2 type  2   force =     0.00000000   -0.00000000    0.00000000
     atom    3 type  2   force =    -0.00000000    0.00000000   -0.00000000
     atom    4 type  3   force =     0.00000000    0.00000000   -0.00000000
     atom    5 type  3   force =     0.00000000   -0.00000000   -0.00000000
     atom    6 type  3   force =    -0.00000000   -0.00000000   -0.00000000
     The non-local contrib.  to forces
     atom    1 type  1   force =     0.00000000    0.00000000   -0.00000000
     atom    2 type  2   force =     0.00000000   -0.00000000    0.00000000
     atom    3 type  2   force =    -0.00000000   -0.00000000   -0.00000000
     atom    4 type  3   force =     0.00000000    0.00000000   -0.00000000
     atom    5 type  3   force =     0.00000000    0.00000000   -0.00000000
     atom    6 type  3   force =     0.00000000    0.00000000   -0.00000000
     The ionic contribution  to forces
     atom    1 type  1   force =     0.00000000   -0.00000000   -0.00000000
     atom    2 type  2   force =    -0.00001522    0.00000879   -0.00000000
     atom    3 type  2   force =     0.00001522   -0.00000879   -0.00000000
     atom    4 type  3   force =     0.00000000    0.00000000   -0.00000000
     atom    5 type  3   force =    -0.00000000    0.00000000   -0.00000000
     atom    6 type  3   force =    -0.00000000   -0.00000000   -0.00000000
     The local contribution  to forces
     atom    1 type  1   force =    -0.00012270    0.00147238    0.00048783
     atom    2 type  2   force =     0.00001336   -0.00009789    0.00000620
     atom    3 type  2   force =    -0.00000705    0.00001891    0.00001187
     atom    4 type  3   force =     0.00095983   -0.00024334   -0.00000363
     atom    5 type  3   force =    -0.00095670   -0.00004524   -0.00004858
     atom    6 type  3   force =     0.00014473   -0.00040621   -0.00006471
     The core correction contribution to forces
     atom    1 type  1   force =    -0.00000000    0.00000001    0.00000001
     atom    2 type  2   force =     0.00000023    0.00000058   -0.00000002
     atom    3 type  2   force =    -0.00000066   -0.00000079    0.00000005
     atom    4 type  3   force =     0.00000000    0.00000000    0.00000000
     atom    5 type  3   force =     0.00000000    0.00000000    0.00000000
     atom    6 type  3   force =     0.00000000    0.00000000    0.00000000
     The Hubbard contrib.    to forces
     atom    1 type  1   force =     0.00000000    0.00000000    0.00000000
     atom    2 type  2   force =     0.00000000    0.00000000    0.00000000
     atom    3 type  2   force =     0.00000000    0.00000000    0.00000000
     atom    4 type  3   force =     0.00000000    0.00000000    0.00000000
     atom    5 type  3   force =     0.00000000    0.00000000    0.00000000
     atom    6 type  3   force =     0.00000000    0.00000000    0.00000000
     The SCF correction term to forces
     atom    1 type  1   force =     0.00017053   -0.00163979   -0.00057356
     atom    2 type  2   force =     0.00000557    0.00011434   -0.00000641
     atom    3 type  2   force =    -0.00001834   -0.00003122   -0.00000737
     atom    4 type  3   force =    -0.00112637    0.00018358    0.00004347
     atom    5 type  3   force =     0.00107194   -0.00000654    0.00006999
     atom    6 type  3   force =    -0.00013694    0.00058027    0.00006555

     Total force =     0.000000     Total SCF correction =     0.002425


     Computing stress (Cartesian axis) and pressure

          total   stress  (Ry/bohr**3)                   (kbar)     P=       25.00
   0.00021410   0.00000000   0.00000000           31.49        0.00        0.00
   0.00000000   0.00021410  -0.00000000            0.00       31.49       -0.00
   0.00000000   0.00000000   0.00008164            0.00        0.00       12.01

     kinetic stress (kbar)  44022.96      0.01      0.00
                                0.01  44022.97      0.00
                                0.00      0.00  45485.04

     local   stress (kbar)    988.95      0.05     -0.00
                                0.05    988.93      0.01
                               -0.00      0.01  10100.93

     nonloc. stress (kbar)  14661.25      0.00      0.00
                                0.00  14661.26      0.00
                                0.00      0.00  14247.48

     hartree stress (kbar)  28273.91     -0.02     -0.00
                               -0.02  28273.88     -0.00
                               -0.00     -0.00  24423.16

     exc-cor stress (kbar)  -9370.48     -0.00     -0.00
                               -0.00  -9370.48     -0.00
                               -0.00     -0.00  -9356.37

     corecor stress (kbar)   -425.53      0.00      0.00
                                0.00   -425.53     -0.00
                                0.00     -0.00   -415.16

     ewald   stress (kbar) -78119.56      0.01      0.00
                                0.01 -78119.55     -0.00
                                0.00     -0.00 -84473.08

     hubbard stress (kbar)      0.00      0.00      0.00
                                0.00      0.00      0.00
                                0.00      0.00      0.00

     DFT-D   stress (kbar)      0.00      0.00      0.00
                                0.00      0.00      0.00
                                0.00      0.00      0.00

     XDM     stress (kbar)      0.00      0.00      0.00
                                0.00      0.00      0.00
                                0.00      0.00      0.00

     dft-nl  stress (kbar)      0.00      0.00      0.00
                                0.00      0.00      0.00
                                0.00      0.00      0.00

     TS-vdW  stress (kbar)      0.00      0.00      0.00
                                0.00      0.00      0.00
                                0.00      0.00      0.00


                                0.00      0.00      0.00
                                0.00      0.00      0.00


                                0.00      0.00      0.00


     Writing all to output data dir new_calculations/myprefix.save/
 
     init_run     :    114.45s CPU      4.53s WALL (       1 calls)
     electrons    :    259.44s CPU      8.48s WALL (       1 calls)
     forces       :      2.85s CPU      0.09s WALL (       1 calls)
     stress       :      7.88s CPU      0.26s WALL (       1 calls)

     Called by init_run:
     wfcinit      :     20.92s CPU      0.68s WALL (       1 calls)
     wfcinit:atom :      0.03s CPU      0.00s WALL (       1 calls)
     wfcinit:wfcr :     20.80s CPU      0.68s WALL (       1 calls)
     potinit      :     25.00s CPU      0.83s WALL (       1 calls)
     hinit0       :     64.60s CPU      2.84s WALL (       1 calls)

     Called by electrons:
     c_bands      :     97.79s CPU      3.10s WALL (      13 calls)
     sum_band     :     40.85s CPU      1.33s WALL (      13 calls)
     v_of_rho     :      3.52s CPU      0.12s WALL (      13 calls)
     v_h          :      0.34s CPU      0.01s WALL (      13 calls)
     v_xc         :      3.57s CPU      0.12s WALL (      15 calls)
     newd         :     22.87s CPU      0.75s WALL (      13 calls)
     PAW_pot      :     99.22s CPU      3.34s WALL (      13 calls)
     mix_rho      :      0.96s CPU      0.03s WALL (      13 calls)

     Called by c_bands:
     init_us_2    :      0.29s CPU      0.01s WALL (      27 calls)
     init_us_2:cp :      0.25s CPU      0.01s WALL (      27 calls)
     regterg      :     96.83s CPU      3.06s WALL (      13 calls)

     Called by sum_band:
     sum_band:wei :      0.03s CPU      0.00s WALL (      13 calls)
     sum_band:loo :     18.87s CPU      0.59s WALL (      13 calls)
     sum_band:buf :      0.01s CPU      0.00s WALL (      13 calls)
     sum_band:ini :      0.15s CPU      0.01s WALL (      13 calls)
     sum_band:cal :      0.07s CPU      0.00s WALL (      13 calls)
     sum_band:bec :      0.03s CPU      0.00s WALL (      13 calls)
     addusdens    :     20.95s CPU      0.70s WALL (      13 calls)
     addusd:skk   :      0.06s CPU      0.00s WALL (      26 calls)
     addusd:dgemm :      1.25s CPU      0.07s WALL (      26 calls)
     addusd:qvan2 :     18.95s CPU      0.60s WALL (      26 calls)

     Called by *egterg:
     rdiaghg      :      3.98s CPU      0.14s WALL (      51 calls)
     regterg:over :      0.13s CPU      0.00s WALL (      39 calls)
     regterg:upda :      0.20s CPU      0.01s WALL (      39 calls)
     regterg:last :      0.42s CPU      0.01s WALL (      27 calls)
     h_psi        :    111.82s CPU      3.54s WALL (      53 calls)
     s_psi        :      0.08s CPU      0.00s WALL (      53 calls)
     g_psi        :      0.03s CPU      0.00s WALL (      39 calls)

     Called by h_psi:
     h_psi:calbec :      0.25s CPU      0.01s WALL (      53 calls)
     vloc_psi     :    111.17s CPU      3.52s WALL (      53 calls)
     add_vuspsi   :      0.14s CPU      0.00s WALL (      53 calls)

     General routines
     calbec       :      0.25s CPU      0.01s WALL (      71 calls)
     fft          :     47.93s CPU      1.62s WALL (     162 calls)
     ffts         :     16.34s CPU      0.54s WALL (      26 calls)
     fftw         :    122.82s CPU      3.88s WALL (    1901 calls)
     interpolate  :     16.61s CPU      0.55s WALL (      13 calls)
 
     Parallel routines

     PAW routines
     PAW_pot      :     99.22s CPU      3.34s WALL (      13 calls)
     PAW_symme    :      0.71s CPU      0.02s WALL (      26 calls)
 
     PWSCF        :   6m31.36s CPU     13.92s WALL

 
   This run was terminated on:  19:21:30  21May2023            

=------------------------------------------------------------------------------=
   JOB DONE.
=------------------------------------------------------------------------------=
