
     Program PWSCF v.7.0 starts on 20May2023 at 16:42:26 

     This program is part of the open-source Quantum ESPRESSO suite
     for quantum simulation of materials; please cite
         "P. Giannozzi et al., J. Phys.:Condens. Matter 21 395502 (2009);
         "P. Giannozzi et al., J. Phys.:Condens. Matter 29 465901 (2017);
         "P. Giannozzi et al., J. Chem. Phys. 152 154105 (2020);
          URL http://www.quantum-espresso.org", 
     in publications or presentations arising from this work. More details at
     http://www.quantum-espresso.org/quote

     Parallel version (MPI & OpenMP), running on      32 processor cores
     Number of MPI processes:                 1
     Threads/MPI process:                    32

     MPI processes distributed on     1 nodes
     137728 MiB available memory on the printing compute node when the environment starts
 
     Reading input from espresso_11472.pwi
Warning: card &CELL ignored
Warning: card / ignored

     Current dimensions of program PWSCF are:
     Max number of different atomic species (ntypx) = 10
     Max number of k-points (npk) =  40000
     Max angular momentum in pseudopotentials (lmaxx) =  4

     gamma-point specific algorithms are used
     Message from routine setup:
     using ibrav=0 with symmetry is DISCOURAGED, use correct ibrav instead

     Subspace diagonalization in iterative solution of the eigenvalue problem:
     a serial algorithm will be used

 
     G-vector sticks info
     --------------------
     sticks:   dense  smooth     PW     G-vecs:    dense   smooth      PW
     Sum        1417     703    169                95993    33917    4187
 
     Using Slab Decomposition
 


     bravais-lattice index     =            0
     lattice parameter (alat)  =       9.2717  a.u.
     unit-cell volume          =    1528.6008 (a.u.)^3
     number of atoms/cell      =           18
     number of atomic types    =            3
     number of electrons       =       303.00
     number of Kohn-Sham states=          182
     kinetic-energy cutoff     =      30.0000  Ry
     charge density cutoff     =     240.0000  Ry
     scf convergence threshold =      1.0E-06
     mixing beta               =       0.7000
     number of iterations used =            8  plain     mixing
     Exchange-correlation=  SLA  PW   PBX  PBC
                           (   1   4   3   4   0   0   0)

     celldm(1)=   9.271713  celldm(2)=   0.000000  celldm(3)=   0.000000
     celldm(4)=   0.000000  celldm(5)=   0.000000  celldm(6)=   0.000000

     crystal axes: (cart. coord. in units of alat)
               a(1) = (   1.000000   0.000000   0.000000 )  
               a(2) = (  -0.500000   0.866025   0.000000 )  
               a(3) = (   0.000000   0.000000   2.214540 )  

     reciprocal axes: (cart. coord. in units 2 pi/alat)
               b(1) = (  1.000000  0.577350  0.000000 )  
               b(2) = (  0.000000  1.154700  0.000000 )  
               b(3) = (  0.000000  0.000000  0.451561 )  


     PseudoPot. # 1 for Ho read from file:
     /home/pragov/projects/rrg-bengioy-ad/pragov/crystal_structure_design/SSSP/Ho.GGA-PBE-paw-v1.0.UPF
     MD5 check sum: 3d93cae5f38e6cc822e0e70538981326
     Pseudo is Projector augmented-wave + core cor, Zval = 21.0
     Generated using ATOMPAW code
     Shape of augmentation charge: BESSEL
     Using radial grid of 1114 points,  8 beta functions with: 
                l(1) =   0
                l(2) =   0
                l(3) =   1
                l(4) =   1
                l(5) =   2
                l(6) =   2
                l(7) =   3
                l(8) =   3
     Q(r) pseudized with 0 coefficients 


     PseudoPot. # 2 for Ni read from file:
     /home/pragov/projects/rrg-bengioy-ad/pragov/crystal_structure_design/SSSP/ni_pbe_v1.4.uspp.F.UPF
     MD5 check sum: 1ee80287db30b12d2bc1f57a5b5d6409
     Pseudo is Ultrasoft + core correction, Zval = 18.0
     Generated by new atomic code, or converted to UPF format
     Using radial grid of  865 points,  6 beta functions with: 
                l(1) =   0
                l(2) =   0
                l(3) =   1
                l(4) =   1
                l(5) =   2
                l(6) =   2
     Q(r) pseudized with 10 coefficients,  rinner =    0.980   0.980   0.980
                                                       0.980   0.980

     PseudoPot. # 3 for B  read from file:
     /home/pragov/projects/rrg-bengioy-ad/pragov/crystal_structure_design/SSSP/b_pbe_v1.4.uspp.F.UPF
     MD5 check sum: cc6de2960df11db49a60e589f9ebb39b
     Pseudo is Ultrasoft + core correction, Zval =  3.0
     Generated by new atomic code, or converted to UPF format
     Using radial grid of  781 points,  4 beta functions with: 
                l(1) =   0
                l(2) =   0
                l(3) =   1
                l(4) =   1
     Q(r) pseudized with  8 coefficients,  rinner =    1.100   1.100   1.100


     atomic species   valence    mass     pseudopotential
        Ho            21.00   164.93033     Ho( 1.00)
        Ni            18.00    58.69340     Ni( 1.00)
        B              3.00    10.81000     B ( 1.00)

     24 Sym. Ops., with inversion, found


                                    s                        frac. trans.

      isym =  1     identity                                     

 cryst.   s( 1) = (     1          0          0      )
                  (     0          1          0      )
                  (     0          0          1      )

 cart.    s( 1) = (  1.0000000  0.0000000  0.0000000 )
                  (  0.0000000  1.0000000  0.0000000 )
                  (  0.0000000  0.0000000  1.0000000 )


      isym =  2     180 deg rotation - cart. axis [0,0,1]        

 cryst.   s( 2) = (    -1          0          0      )
                  (     0         -1          0      )
                  (     0          0          1      )

 cart.    s( 2) = ( -1.0000000 -0.0000000  0.0000000 )
                  (  0.0000000 -1.0000000  0.0000000 )
                  (  0.0000000  0.0000000  1.0000000 )


      isym =  3     180 deg rotation - cart. axis [0,1,0]        

 cryst.   s( 3) = (    -1          0          0      )
                  (     1          1          0      )
                  (     0          0         -1      )

 cart.    s( 3) = ( -1.0000000 -0.0000002  0.0000000 )
                  (  0.0000000  1.0000000  0.0000000 )
                  (  0.0000000  0.0000000 -1.0000000 )


      isym =  4     180 deg rotation - cart. axis [1,0,0]        

 cryst.   s( 4) = (     1          0          0      )
                  (    -1         -1          0      )
                  (     0          0         -1      )

 cart.    s( 4) = (  1.0000000  0.0000002  0.0000000 )
                  (  0.0000000 -1.0000000  0.0000000 )
                  (  0.0000000  0.0000000 -1.0000000 )


      isym =  5      60 deg rotation - cryst. axis [0,0,1]       

 cryst.   s( 5) = (     1          1          0      )
                  (    -1          0          0      )
                  (     0          0          1      )

 cart.    s( 5) = (  0.4999999 -0.8660254  0.0000000 )
                  (  0.8660254  0.5000001  0.0000000 )
                  (  0.0000000  0.0000000  1.0000000 )


      isym =  6      60 deg rotation - cryst. axis [0,0,-1]      

 cryst.   s( 6) = (     0         -1          0      )
                  (     1          1          0      )
                  (     0          0          1      )

 cart.    s( 6) = (  0.5000001  0.8660254  0.0000000 )
                  ( -0.8660254  0.4999999  0.0000000 )
                  (  0.0000000  0.0000000  1.0000000 )


      isym =  7     120 deg rotation - cryst. axis [0,0,1]       

 cryst.   s( 7) = (     0          1          0      )
                  (    -1         -1          0      )
                  (     0          0          1      )

 cart.    s( 7) = ( -0.5000001 -0.8660254  0.0000000 )
                  (  0.8660254 -0.4999999  0.0000000 )
                  (  0.0000000  0.0000000  1.0000000 )


      isym =  8     120 deg rotation - cryst. axis [0,0,-1]      

 cryst.   s( 8) = (    -1         -1          0      )
                  (     1          0          0      )
                  (     0          0          1      )

 cart.    s( 8) = ( -0.4999999  0.8660254  0.0000000 )
                  ( -0.8660254 -0.5000001  0.0000000 )
                  (  0.0000000  0.0000000  1.0000000 )


      isym =  9     180 deg rotation - cryst. axis [1,-1,0]      

 cryst.   s( 9) = (     0         -1          0      )
                  (    -1          0          0      )
                  (     0          0         -1      )

 cart.    s( 9) = (  0.5000001 -0.8660253  0.0000000 )
                  ( -0.8660254 -0.5000001  0.0000000 )
                  (  0.0000000  0.0000000 -1.0000000 )


      isym = 10     180 deg rotation - cryst. axis [2,1,0]       

 cryst.   s(10) = (     1          1          0      )
                  (     0         -1          0      )
                  (     0          0         -1      )

 cart.    s(10) = (  0.4999999  0.8660255  0.0000000 )
                  (  0.8660254 -0.4999999  0.0000000 )
                  (  0.0000000  0.0000000 -1.0000000 )


      isym = 11     180 deg rotation - cryst. axis [0,1,0]       

 cryst.   s(11) = (    -1         -1          0      )
                  (     0          1          0      )
                  (     0          0         -1      )

 cart.    s(11) = ( -0.4999999 -0.8660255  0.0000000 )
                  ( -0.8660254  0.4999999  0.0000000 )
                  (  0.0000000  0.0000000 -1.0000000 )


      isym = 12     180 deg rotation - cryst. axis [1,1,0]       

 cryst.   s(12) = (     0          1          0      )
                  (     1          0          0      )
                  (     0          0         -1      )

 cart.    s(12) = ( -0.5000001  0.8660253  0.0000000 )
                  (  0.8660254  0.5000001  0.0000000 )
                  (  0.0000000  0.0000000 -1.0000000 )


      isym = 13     inversion                                    

 cryst.   s(13) = (    -1          0          0      )
                  (     0         -1          0      )
                  (     0          0         -1      )

 cart.    s(13) = ( -1.0000000 -0.0000000  0.0000000 )
                  (  0.0000000 -1.0000000  0.0000000 )
                  (  0.0000000  0.0000000 -1.0000000 )


      isym = 14     inv. 180 deg rotation - cart. axis [0,0,1]   

 cryst.   s(14) = (     1          0          0      )
                  (     0          1          0      )
                  (     0          0         -1      )

 cart.    s(14) = (  1.0000000  0.0000000  0.0000000 )
                  (  0.0000000  1.0000000  0.0000000 )
                  (  0.0000000  0.0000000 -1.0000000 )


      isym = 15     inv. 180 deg rotation - cart. axis [0,1,0]   

 cryst.   s(15) = (     1          0          0      )
                  (    -1         -1          0      )
                  (     0          0          1      )

 cart.    s(15) = (  1.0000000  0.0000002  0.0000000 )
                  (  0.0000000 -1.0000000  0.0000000 )
                  (  0.0000000  0.0000000  1.0000000 )


      isym = 16     inv. 180 deg rotation - cart. axis [1,0,0]   

 cryst.   s(16) = (    -1          0          0      )
                  (     1          1          0      )
                  (     0          0          1      )

 cart.    s(16) = ( -1.0000000 -0.0000002  0.0000000 )
                  (  0.0000000  1.0000000  0.0000000 )
                  (  0.0000000  0.0000000  1.0000000 )


      isym = 17     inv.  60 deg rotation - cryst. axis [0,0,1]  

 cryst.   s(17) = (    -1         -1          0      )
                  (     1          0          0      )
                  (     0          0         -1      )

 cart.    s(17) = ( -0.4999999  0.8660254  0.0000000 )
                  ( -0.8660254 -0.5000001  0.0000000 )
                  (  0.0000000  0.0000000 -1.0000000 )


      isym = 18     inv.  60 deg rotation - cryst. axis [0,0,-1] 

 cryst.   s(18) = (     0          1          0      )
                  (    -1         -1          0      )
                  (     0          0         -1      )

 cart.    s(18) = ( -0.5000001 -0.8660254  0.0000000 )
                  (  0.8660254 -0.4999999  0.0000000 )
                  (  0.0000000  0.0000000 -1.0000000 )


      isym = 19     inv. 120 deg rotation - cryst. axis [0,0,1]  

 cryst.   s(19) = (     0         -1          0      )
                  (     1          1          0      )
                  (     0          0         -1      )

 cart.    s(19) = (  0.5000001  0.8660254  0.0000000 )
                  ( -0.8660254  0.4999999  0.0000000 )
                  (  0.0000000  0.0000000 -1.0000000 )


      isym = 20     inv. 120 deg rotation - cryst. axis [0,0,-1] 

 cryst.   s(20) = (     1          1          0      )
                  (    -1          0          0      )
                  (     0          0         -1      )

 cart.    s(20) = (  0.4999999 -0.8660254  0.0000000 )
                  (  0.8660254  0.5000001  0.0000000 )
                  (  0.0000000  0.0000000 -1.0000000 )


      isym = 21     inv. 180 deg rotation - cryst. axis [1,-1,0] 

 cryst.   s(21) = (     0          1          0      )
                  (     1          0          0      )
                  (     0          0          1      )

 cart.    s(21) = ( -0.5000001  0.8660253  0.0000000 )
                  (  0.8660254  0.5000001  0.0000000 )
                  (  0.0000000  0.0000000  1.0000000 )


      isym = 22     inv. 180 deg rotation - cryst. axis [2,1,0]  

 cryst.   s(22) = (    -1         -1          0      )
                  (     0          1          0      )
                  (     0          0          1      )

 cart.    s(22) = ( -0.4999999 -0.8660255  0.0000000 )
                  ( -0.8660254  0.4999999  0.0000000 )
                  (  0.0000000  0.0000000  1.0000000 )


      isym = 23     inv. 180 deg rotation - cryst. axis [0,1,0]  

 cryst.   s(23) = (     1          1          0      )
                  (     0         -1          0      )
                  (     0          0          1      )

 cart.    s(23) = (  0.4999999  0.8660255  0.0000000 )
                  (  0.8660254 -0.4999999  0.0000000 )
                  (  0.0000000  0.0000000  1.0000000 )


      isym = 24     inv. 180 deg rotation - cryst. axis [1,1,0]  

 cryst.   s(24) = (     0         -1          0      )
                  (    -1          0          0      )
                  (     0          0          1      )

 cart.    s(24) = (  0.5000001 -0.8660253  0.0000000 )
                  ( -0.8660254 -0.5000001  0.0000000 )
                  (  0.0000000  0.0000000  1.0000000 )


   Cartesian axes

     site n.     atom                  positions (alat units)
         1           Ho  tau(   1) = (   0.0000000   0.0000000   0.0000000  )
         2           Ho  tau(   2) = (   0.0000000   0.0000000   1.4849421  )
         3           Ho  tau(   3) = (   0.0000000   0.0000000   0.7295979  )
         4           Ni  tau(   4) = (   0.2499999   0.4330127   1.1072700  )
         5           Ni  tau(   5) = (   0.5000000   0.0000000   1.1072700  )
         6           Ni  tau(   6) = (  -0.2500001   0.4330127   1.1072700  )
         7           Ni  tau(   7) = (   0.5000005   0.2886749   1.5077785  )
         8           Ni  tau(   8) = (  -0.0000006   0.5773506   1.5077785  )
         9           Ni  tau(   9) = (  -0.0000006   0.5773506   0.7067616  )
        10           Ni  tau(  10) = (   0.5000005   0.2886749   0.7067616  )
        11           Ni  tau(  11) = (   0.2499999   0.4330127   1.9174352  )
        12           Ni  tau(  12) = (   0.5000000   0.0000000   1.9174352  )
        13           Ni  tau(  13) = (  -0.2500001   0.4330127   1.9174352  )
        14           Ni  tau(  14) = (   0.2499999   0.4330127   0.2971049  )
        15           Ni  tau(  15) = (   0.5000000   0.0000000   0.2971049  )
        16           Ni  tau(  16) = (  -0.2500001   0.4330127   0.2971049  )
        17           B   tau(  17) = (   0.5000005   0.2886749   0.0000000  )
        18           B   tau(  18) = (  -0.0000006   0.5773506   0.0000000  )

   Crystallographic axes

     site n.     atom                  positions (cryst. coord.)
         1           Ho  tau(   1) = (  0.0000000  0.0000000  0.0000000  )
         2           Ho  tau(   2) = (  0.0000000  0.0000000  0.6705420  )
         3           Ho  tau(   3) = (  0.0000000  0.0000000  0.3294580  )
         4           Ni  tau(   4) = (  0.5000000  0.5000000  0.5000000  )
         5           Ni  tau(   5) = (  0.5000000  0.0000000  0.5000000  )
         6           Ni  tau(   6) = ( -0.0000000  0.5000000  0.5000000  )
         7           Ni  tau(   7) = (  0.6666670  0.3333330  0.6808540  )
         8           Ni  tau(   8) = (  0.3333330  0.6666670  0.6808540  )
         9           Ni  tau(   9) = (  0.3333330  0.6666670  0.3191460  )
        10           Ni  tau(  10) = (  0.6666670  0.3333330  0.3191460  )
        11           Ni  tau(  11) = (  0.5000000  0.5000000  0.8658390  )
        12           Ni  tau(  12) = (  0.5000000  0.0000000  0.8658390  )
        13           Ni  tau(  13) = ( -0.0000000  0.5000000  0.8658390  )
        14           Ni  tau(  14) = (  0.5000000  0.5000000  0.1341610  )
        15           Ni  tau(  15) = (  0.5000000  0.0000000  0.1341610  )
        16           Ni  tau(  16) = ( -0.0000000  0.5000000  0.1341610  )
        17           B   tau(  17) = (  0.6666670  0.3333330  0.0000000  )
        18           B   tau(  18) = (  0.3333330  0.6666670  0.0000000  )

     number of k points=     1  Methfessel-Paxton smearing, width (Ry)=  0.0010
                       cart. coord. in units 2pi/alat
        k(    1) = (   0.0000000   0.0000000   0.0000000), wk =   2.0000000

                       cryst. coord.
        k(    1) = (   0.0000000   0.0000000   0.0000000), wk =   2.0000000

     Dense  grid:    47997 G-vectors     FFT dimensions: (  45,  45, 108)

     Smooth grid:    16959 G-vectors     FFT dimensions: (  36,  36,  72)

     Dynamical RAM for                 wfc:       5.89 MB

     Dynamical RAM for     wfc (w. buffer):       5.89 MB

     Dynamical RAM for           str. fact:       2.20 MB

     Dynamical RAM for           local pot:       0.00 MB

     Dynamical RAM for          nlocal pot:      11.20 MB

     Dynamical RAM for                qrad:       8.96 MB

     Dynamical RAM for          rho,v,vnew:       7.20 MB

     Dynamical RAM for               rhoin:       2.40 MB

     Dynamical RAM for            rho*nmix:      11.72 MB

     Dynamical RAM for           G-vectors:       2.88 MB

     Dynamical RAM for          h,s,v(r/c):       3.03 MB

     Dynamical RAM for          <psi|beta>:       0.48 MB

     Dynamical RAM for                 psi:      11.78 MB

     Dynamical RAM for                hpsi:      11.78 MB

     Dynamical RAM for                spsi:      11.78 MB

     Dynamical RAM for      wfcinit/wfcrot:      19.38 MB

     Dynamical RAM for           addusdens:     415.99 MB

     Dynamical RAM for          addusforce:     434.09 MB

     Dynamical RAM for         addusstress:     426.24 MB

     Estimated static dynamical RAM per process >      51.99 MB

     Estimated max dynamical RAM per process >     497.80 MB

     Check: negative core charge=   -0.000010

     Initial potential from superposition of free atoms

     starting charge     276.9866, renormalised to     303.0000
     Starting wfcs are  273 randomized atomic wfcs
     Checking if some PAW data can be deallocated... 

     total cpu time spent up to now is        6.9 secs

     Self-consistent Calculation

     iteration #  1     ecut=    30.00 Ry     beta= 0.70
     Davidson diagonalization with overlap

---- Real-time Memory Report at c_bands before calling an iterative solver
           734 MiB given to the printing process from OS
             0 MiB allocation reported by mallinfo(arena+hblkhd)
        137336 MiB available memory on the node where the printing process lives
------------------
     ethr =  1.00E-02,  avg # of iterations =  5.0

     total cpu time spent up to now is       13.4 secs

     total energy              =   -6541.14580202 Ry
     estimated scf accuracy    <     538.65281650 Ry

     iteration #  2     ecut=    30.00 Ry     beta= 0.70
     Davidson diagonalization with overlap

---- Real-time Memory Report at c_bands before calling an iterative solver
          1065 MiB given to the printing process from OS
             0 MiB allocation reported by mallinfo(arena+hblkhd)
        137261 MiB available memory on the node where the printing process lives
------------------
     ethr =  1.00E-02,  avg # of iterations = 13.0

     total cpu time spent up to now is       17.8 secs

     total energy              =   -6467.66863855 Ry
     estimated scf accuracy    <    5252.34941079 Ry

     iteration #  3     ecut=    30.00 Ry     beta= 0.70
     Davidson diagonalization with overlap

---- Real-time Memory Report at c_bands before calling an iterative solver
          1065 MiB given to the printing process from OS
             0 MiB allocation reported by mallinfo(arena+hblkhd)
        137264 MiB available memory on the node where the printing process lives
------------------
     ethr =  1.00E-02,  avg # of iterations =  8.0

     total cpu time spent up to now is       21.7 secs

     total energy              =   -6867.45359167 Ry
     estimated scf accuracy    <    1311.34102215 Ry

     iteration #  4     ecut=    30.00 Ry     beta= 0.70
     Davidson diagonalization with overlap

---- Real-time Memory Report at c_bands before calling an iterative solver
          1065 MiB given to the printing process from OS
             0 MiB allocation reported by mallinfo(arena+hblkhd)
        137251 MiB available memory on the node where the printing process lives
------------------
     ethr =  1.00E-02,  avg # of iterations =  6.0

     total cpu time spent up to now is       25.1 secs

     total energy              =   -6939.01191920 Ry
     estimated scf accuracy    <     694.13390533 Ry

     iteration #  5     ecut=    30.00 Ry     beta= 0.70
     Davidson diagonalization with overlap

---- Real-time Memory Report at c_bands before calling an iterative solver
          1065 MiB given to the printing process from OS
             0 MiB allocation reported by mallinfo(arena+hblkhd)
        137242 MiB available memory on the node where the printing process lives
------------------
     ethr =  1.00E-02,  avg # of iterations =  4.0

     total cpu time spent up to now is       29.2 secs

     total energy              =   -6988.16315435 Ry
     estimated scf accuracy    <     284.10991957 Ry

     iteration #  6     ecut=    30.00 Ry     beta= 0.70
     Davidson diagonalization with overlap

---- Real-time Memory Report at c_bands before calling an iterative solver
          1065 MiB given to the printing process from OS
             0 MiB allocation reported by mallinfo(arena+hblkhd)
        137245 MiB available memory on the node where the printing process lives
------------------
     ethr =  1.00E-02,  avg # of iterations =  2.0

     total cpu time spent up to now is       31.5 secs

     total energy              =   -6989.22910497 Ry
     estimated scf accuracy    <     133.50469142 Ry

     iteration #  7     ecut=    30.00 Ry     beta= 0.70
     Davidson diagonalization with overlap

---- Real-time Memory Report at c_bands before calling an iterative solver
          1065 MiB given to the printing process from OS
             0 MiB allocation reported by mallinfo(arena+hblkhd)
        137249 MiB available memory on the node where the printing process lives
------------------
     ethr =  1.00E-02,  avg # of iterations =  1.0

     total cpu time spent up to now is       33.7 secs

     total energy              =   -6991.11191582 Ry
     estimated scf accuracy    <     155.48019113 Ry

     iteration #  8     ecut=    30.00 Ry     beta= 0.70
     Davidson diagonalization with overlap

---- Real-time Memory Report at c_bands before calling an iterative solver
          1065 MiB given to the printing process from OS
             0 MiB allocation reported by mallinfo(arena+hblkhd)
        137250 MiB available memory on the node where the printing process lives
------------------
     ethr =  1.00E-02,  avg # of iterations =  1.0

     total cpu time spent up to now is       36.2 secs

     total energy              =   -6991.68429031 Ry
     estimated scf accuracy    <     161.36159381 Ry

     iteration #  9     ecut=    30.00 Ry     beta= 0.70
     Davidson diagonalization with overlap

---- Real-time Memory Report at c_bands before calling an iterative solver
          1065 MiB given to the printing process from OS
             0 MiB allocation reported by mallinfo(arena+hblkhd)
        137267 MiB available memory on the node where the printing process lives
------------------
     ethr =  1.00E-02,  avg # of iterations =  1.0

     total cpu time spent up to now is       38.5 secs

     total energy              =   -6991.60890896 Ry
     estimated scf accuracy    <     169.16659922 Ry

     iteration # 10     ecut=    30.00 Ry     beta= 0.70
     Davidson diagonalization with overlap

---- Real-time Memory Report at c_bands before calling an iterative solver
          1065 MiB given to the printing process from OS
             0 MiB allocation reported by mallinfo(arena+hblkhd)
        137265 MiB available memory on the node where the printing process lives
------------------
     ethr =  1.00E-02,  avg # of iterations =  1.0

     negative rho (up, down):  2.377E-01 0.000E+00

     total cpu time spent up to now is       40.7 secs

     total energy              =   -6888.48714108 Ry
     estimated scf accuracy    <     184.39070505 Ry

     iteration # 11     ecut=    30.00 Ry     beta= 0.70
     Davidson diagonalization with overlap

---- Real-time Memory Report at c_bands before calling an iterative solver
          1069 MiB given to the printing process from OS
             0 MiB allocation reported by mallinfo(arena+hblkhd)
        137266 MiB available memory on the node where the printing process lives
------------------
     ethr =  1.00E-02,  avg # of iterations =  6.0

     total cpu time spent up to now is       44.0 secs

     total energy              =   -6905.92535688 Ry
     estimated scf accuracy    <     840.97002348 Ry

     iteration # 12     ecut=    30.00 Ry     beta= 0.70
     Davidson diagonalization with overlap

---- Real-time Memory Report at c_bands before calling an iterative solver
          1071 MiB given to the printing process from OS
             0 MiB allocation reported by mallinfo(arena+hblkhd)
        137268 MiB available memory on the node where the printing process lives
------------------
     ethr =  1.00E-02,  avg # of iterations =  6.0

     total cpu time spent up to now is       47.2 secs

     total energy              =   -6968.03638745 Ry
     estimated scf accuracy    <     298.52102776 Ry

     iteration # 13     ecut=    30.00 Ry     beta= 0.70
     Davidson diagonalization with overlap

---- Real-time Memory Report at c_bands before calling an iterative solver
          1071 MiB given to the printing process from OS
             0 MiB allocation reported by mallinfo(arena+hblkhd)
        137269 MiB available memory on the node where the printing process lives
------------------
     ethr =  1.00E-02,  avg # of iterations =  4.0

     total cpu time spent up to now is       49.6 secs

     total energy              =   -6971.17925507 Ry
     estimated scf accuracy    <     220.32018337 Ry

     iteration # 14     ecut=    30.00 Ry     beta= 0.70
     Davidson diagonalization with overlap

---- Real-time Memory Report at c_bands before calling an iterative solver
          1071 MiB given to the printing process from OS
             0 MiB allocation reported by mallinfo(arena+hblkhd)
        137254 MiB available memory on the node where the printing process lives
------------------
     ethr =  1.00E-02,  avg # of iterations =  2.0

     total cpu time spent up to now is       51.9 secs

     total energy              =   -6969.77691993 Ry
     estimated scf accuracy    <     201.58711269 Ry

     iteration # 15     ecut=    30.00 Ry     beta= 0.70
     Davidson diagonalization with overlap

---- Real-time Memory Report at c_bands before calling an iterative solver
          1071 MiB given to the printing process from OS
             0 MiB allocation reported by mallinfo(arena+hblkhd)
        137255 MiB available memory on the node where the printing process lives
------------------
     ethr =  1.00E-02,  avg # of iterations =  1.0

     total cpu time spent up to now is       54.1 secs

     total energy              =   -6956.64108638 Ry
     estimated scf accuracy    <     136.44482610 Ry

     iteration # 16     ecut=    30.00 Ry     beta= 0.70
     Davidson diagonalization with overlap

---- Real-time Memory Report at c_bands before calling an iterative solver
          1071 MiB given to the printing process from OS
             0 MiB allocation reported by mallinfo(arena+hblkhd)
        137256 MiB available memory on the node where the printing process lives
------------------
     ethr =  1.00E-02,  avg # of iterations =  3.0

     total cpu time spent up to now is       56.7 secs

     total energy              =   -6957.64292378 Ry
     estimated scf accuracy    <     173.77814331 Ry

     iteration # 17     ecut=    30.00 Ry     beta= 0.70
     Davidson diagonalization with overlap

---- Real-time Memory Report at c_bands before calling an iterative solver
          1071 MiB given to the printing process from OS
             0 MiB allocation reported by mallinfo(arena+hblkhd)
        137256 MiB available memory on the node where the printing process lives
------------------
     ethr =  1.00E-02,  avg # of iterations =  2.0

     negative rho (up, down):  1.441E-04 0.000E+00

     total cpu time spent up to now is       59.2 secs

     total energy              =   -6952.92172968 Ry
     estimated scf accuracy    <     269.79146943 Ry

     iteration # 18     ecut=    30.00 Ry     beta= 0.70
     Davidson diagonalization with overlap

---- Real-time Memory Report at c_bands before calling an iterative solver
          1071 MiB given to the printing process from OS
             0 MiB allocation reported by mallinfo(arena+hblkhd)
        137256 MiB available memory on the node where the printing process lives
------------------
     ethr =  1.00E-02,  avg # of iterations =  3.0

     total cpu time spent up to now is       61.7 secs

     total energy              =   -6963.26998617 Ry
     estimated scf accuracy    <     329.96322050 Ry

     iteration # 19     ecut=    30.00 Ry     beta= 0.70
     Davidson diagonalization with overlap

---- Real-time Memory Report at c_bands before calling an iterative solver
          1073 MiB given to the printing process from OS
             0 MiB allocation reported by mallinfo(arena+hblkhd)
        137270 MiB available memory on the node where the printing process lives
------------------
     ethr =  1.00E-02,  avg # of iterations =  2.0

     total cpu time spent up to now is       64.0 secs

     total energy              =   -6974.48840222 Ry
     estimated scf accuracy    <     225.66080715 Ry

     iteration # 20     ecut=    30.00 Ry     beta= 0.70
     Davidson diagonalization with overlap

---- Real-time Memory Report at c_bands before calling an iterative solver
          1073 MiB given to the printing process from OS
             0 MiB allocation reported by mallinfo(arena+hblkhd)
        137272 MiB available memory on the node where the printing process lives
------------------
     ethr =  1.00E-02,  avg # of iterations =  3.0

     total cpu time spent up to now is       67.1 secs

     total energy              =   -6957.62094674 Ry
     estimated scf accuracy    <     344.09711478 Ry

     iteration # 21     ecut=    30.00 Ry     beta= 0.70
     Davidson diagonalization with overlap

---- Real-time Memory Report at c_bands before calling an iterative solver
          1073 MiB given to the printing process from OS
             0 MiB allocation reported by mallinfo(arena+hblkhd)
        137272 MiB available memory on the node where the printing process lives
------------------
     ethr =  1.00E-02,  avg # of iterations =  6.0

     total cpu time spent up to now is       69.9 secs

     total energy              =   -6959.56700722 Ry
     estimated scf accuracy    <     129.31182143 Ry

     iteration # 22     ecut=    30.00 Ry     beta= 0.70
     Davidson diagonalization with overlap

---- Real-time Memory Report at c_bands before calling an iterative solver
          1073 MiB given to the printing process from OS
             0 MiB allocation reported by mallinfo(arena+hblkhd)
        137273 MiB available memory on the node where the printing process lives
------------------
     ethr =  1.00E-02,  avg # of iterations =  2.0

     total cpu time spent up to now is       72.2 secs

     total energy              =   -6959.19154913 Ry
     estimated scf accuracy    <     359.77480649 Ry

     iteration # 23     ecut=    30.00 Ry     beta= 0.70
     Davidson diagonalization with overlap

---- Real-time Memory Report at c_bands before calling an iterative solver
          1073 MiB given to the printing process from OS
             0 MiB allocation reported by mallinfo(arena+hblkhd)
        137273 MiB available memory on the node where the printing process lives
------------------
     ethr =  1.00E-02,  avg # of iterations =  3.0

     total cpu time spent up to now is       74.6 secs

     total energy              =   -6957.28157493 Ry
     estimated scf accuracy    <     226.78575568 Ry

     iteration # 24     ecut=    30.00 Ry     beta= 0.70
     Davidson diagonalization with overlap

---- Real-time Memory Report at c_bands before calling an iterative solver
          1073 MiB given to the printing process from OS
             0 MiB allocation reported by mallinfo(arena+hblkhd)
        137273 MiB available memory on the node where the printing process lives
------------------
     ethr =  1.00E-02,  avg # of iterations =  3.0

     total cpu time spent up to now is       77.2 secs

     total energy              =   -6942.32763886 Ry
     estimated scf accuracy    <     321.41366473 Ry

     iteration # 25     ecut=    30.00 Ry     beta= 0.70
     Davidson diagonalization with overlap

---- Real-time Memory Report at c_bands before calling an iterative solver
          1073 MiB given to the printing process from OS
             0 MiB allocation reported by mallinfo(arena+hblkhd)
        137257 MiB available memory on the node where the printing process lives
------------------
     ethr =  1.00E-02,  avg # of iterations =  4.0

     total cpu time spent up to now is       79.8 secs

     total energy              =   -6953.20616892 Ry
     estimated scf accuracy    <     405.85524397 Ry

     iteration # 26     ecut=    30.00 Ry     beta= 0.70
     Davidson diagonalization with overlap

---- Real-time Memory Report at c_bands before calling an iterative solver
          1073 MiB given to the printing process from OS
             0 MiB allocation reported by mallinfo(arena+hblkhd)
        137258 MiB available memory on the node where the printing process lives
------------------
     ethr =  1.00E-02,  avg # of iterations =  4.0

     total cpu time spent up to now is       82.4 secs

     total energy              =   -6968.16387631 Ry
     estimated scf accuracy    <     201.08984530 Ry

     iteration # 27     ecut=    30.00 Ry     beta= 0.70
     Davidson diagonalization with overlap

---- Real-time Memory Report at c_bands before calling an iterative solver
          1073 MiB given to the printing process from OS
             0 MiB allocation reported by mallinfo(arena+hblkhd)
        137259 MiB available memory on the node where the printing process lives
------------------
     ethr =  1.00E-02,  avg # of iterations =  2.0

     total cpu time spent up to now is       84.8 secs

     total energy              =   -6952.42985442 Ry
     estimated scf accuracy    <     371.27126215 Ry

     iteration # 28     ecut=    30.00 Ry     beta= 0.70
     Davidson diagonalization with overlap

---- Real-time Memory Report at c_bands before calling an iterative solver
          1075 MiB given to the printing process from OS
             0 MiB allocation reported by mallinfo(arena+hblkhd)
        137252 MiB available memory on the node where the printing process lives
------------------
     ethr =  1.00E-02,  avg # of iterations =  3.0

     total cpu time spent up to now is       87.2 secs

     total energy              =   -6961.20586813 Ry
     estimated scf accuracy    <     148.36518535 Ry

     iteration # 29     ecut=    30.00 Ry     beta= 0.70
     Davidson diagonalization with overlap

---- Real-time Memory Report at c_bands before calling an iterative solver
          1075 MiB given to the printing process from OS
             0 MiB allocation reported by mallinfo(arena+hblkhd)
        137255 MiB available memory on the node where the printing process lives
------------------
     ethr =  1.00E-02,  avg # of iterations =  3.0

     total cpu time spent up to now is       89.5 secs

     total energy              =   -6959.81539178 Ry
     estimated scf accuracy    <      52.39637333 Ry

     iteration # 30     ecut=    30.00 Ry     beta= 0.70
     Davidson diagonalization with overlap

---- Real-time Memory Report at c_bands before calling an iterative solver
          1075 MiB given to the printing process from OS
             0 MiB allocation reported by mallinfo(arena+hblkhd)
        137272 MiB available memory on the node where the printing process lives
------------------
     ethr =  1.00E-02,  avg # of iterations =  3.0

     total cpu time spent up to now is       91.9 secs

     total energy              =   -6954.10779909 Ry
     estimated scf accuracy    <     350.73762606 Ry

     iteration # 31     ecut=    30.00 Ry     beta= 0.70
     Davidson diagonalization with overlap

---- Real-time Memory Report at c_bands before calling an iterative solver
          1075 MiB given to the printing process from OS
             0 MiB allocation reported by mallinfo(arena+hblkhd)
        137272 MiB available memory on the node where the printing process lives
------------------
     ethr =  1.00E-02,  avg # of iterations =  7.0

     total cpu time spent up to now is       94.6 secs

     total energy              =   -6953.63924709 Ry
     estimated scf accuracy    <     254.13684788 Ry

     iteration # 32     ecut=    30.00 Ry     beta= 0.70
     Davidson diagonalization with overlap

---- Real-time Memory Report at c_bands before calling an iterative solver
          1075 MiB given to the printing process from OS
             0 MiB allocation reported by mallinfo(arena+hblkhd)
        137272 MiB available memory on the node where the printing process lives
------------------
     ethr =  1.00E-02,  avg # of iterations =  5.0

     total cpu time spent up to now is       97.3 secs

     total energy              =   -6955.26506997 Ry
     estimated scf accuracy    <     385.69854639 Ry

     iteration # 33     ecut=    30.00 Ry     beta= 0.70
     Davidson diagonalization with overlap

---- Real-time Memory Report at c_bands before calling an iterative solver
          1075 MiB given to the printing process from OS
             0 MiB allocation reported by mallinfo(arena+hblkhd)
        137272 MiB available memory on the node where the printing process lives
------------------
