
     Program PWSCF v.7.0 starts on 20May2023 at  9:32:15 

     This program is part of the open-source Quantum ESPRESSO suite
     for quantum simulation of materials; please cite
         "P. Giannozzi et al., J. Phys.:Condens. Matter 21 395502 (2009);
         "P. Giannozzi et al., J. Phys.:Condens. Matter 29 465901 (2017);
         "P. Giannozzi et al., J. Chem. Phys. 152 154105 (2020);
          URL http://www.quantum-espresso.org", 
     in publications or presentations arising from this work. More details at
     http://www.quantum-espresso.org/quote

     Parallel version (MPI & OpenMP), running on      32 processor cores
     Number of MPI processes:                 1
     Threads/MPI process:                    32

     MPI processes distributed on     1 nodes
     155571 MiB available memory on the printing compute node when the environment starts
 
     Reading input from espresso_4292.pwi
Warning: card &CELL ignored
Warning: card / ignored

     Current dimensions of program PWSCF are:
     Max number of different atomic species (ntypx) = 10
     Max number of k-points (npk) =  40000
     Max angular momentum in pseudopotentials (lmaxx) =  4
     file K.pbe-spn-kjpaw_psl.1.0.0.UPF: wavefunction(s)  3S renormalized

     gamma-point specific algorithms are used
     Message from routine setup:
     using ibrav=0 with symmetry is DISCOURAGED, use correct ibrav instead

     Subspace diagonalization in iterative solution of the eigenvalue problem:
     a serial algorithm will be used

 
     G-vector sticks info
     --------------------
     sticks:   dense  smooth     PW     G-vecs:    dense   smooth      PW
     Sum        2257    1135    283                70985    25125    3143
 
     Using Slab Decomposition
 


     bravais-lattice index     =            0
     lattice parameter (alat)  =      11.7037  a.u.
     unit-cell volume          =    1133.5966 (a.u.)^3
     number of atoms/cell      =            4
     number of atomic types    =            3
     number of electrons       =        42.00
     number of Kohn-Sham states=           25
     kinetic-energy cutoff     =      30.0000  Ry
     charge density cutoff     =     240.0000  Ry
     scf convergence threshold =      1.0E-06
     mixing beta               =       0.7000
     number of iterations used =            8  plain     mixing
     Exchange-correlation=  SLA  PW   PBX  PBC
                           (   1   4   3   4   0   0   0)

     celldm(1)=  11.703736  celldm(2)=   0.000000  celldm(3)=   0.000000
     celldm(4)=   0.000000  celldm(5)=   0.000000  celldm(6)=   0.000000

     crystal axes: (cart. coord. in units of alat)
               a(1) = (   1.000000   0.000000   0.000000 )  
               a(2) = (   0.500000   0.866025   0.000000 )  
               a(3) = (   0.500000   0.288675   0.816497 )  

     reciprocal axes: (cart. coord. in units 2 pi/alat)
               b(1) = (  1.000000 -0.577350 -0.408248 )  
               b(2) = (  0.000000  1.154701 -0.408248 )  
               b(3) = (  0.000000  0.000000  1.224745 )  


     PseudoPot. # 1 for Cs read from file:
     /home/pragov/projects/rrg-bengioy-ad/pragov/crystal_structure_design/SSSP/Cs_pbe_v1.uspp.F.UPF
     MD5 check sum: 3476d69cb178dfad3ffaa59df4e07ca4
     Pseudo is Ultrasoft + core correction, Zval =  9.0
     Generated by new atomic code, or converted to UPF format
     Using radial grid of  905 points,  6 beta functions with: 
                l(1) =   0
                l(2) =   0
                l(3) =   1
                l(4) =   1
                l(5) =   2
                l(6) =   2
     Q(r) pseudized with  6 coefficients,  rinner =    1.500   1.500   1.500
                                                       1.500   1.500

     PseudoPot. # 2 for K  read from file:
     /home/pragov/projects/rrg-bengioy-ad/pragov/crystal_structure_design/SSSP/K.pbe-spn-kjpaw_psl.1.0.0.UPF
     MD5 check sum: 7d58810084cac21f60fbe77ea2b688fd
     Pseudo is Projector augmented-wave + core cor, Zval =  9.0
     Generated using "atomic" code by A. Dal Corso  v.5.1
     Shape of augmentation charge: PSQ
     Using radial grid of 1165 points,  6 beta functions with: 
                l(1) =   0
                l(2) =   0
                l(3) =   1
                l(4) =   1
                l(5) =   2
                l(6) =   2
     Q(r) pseudized with 0 coefficients 


     PseudoPot. # 3 for Sb read from file:
     /home/pragov/projects/rrg-bengioy-ad/pragov/crystal_structure_design/SSSP/sb_pbe_v1.4.uspp.F.UPF
     MD5 check sum: 9bc50dfb53373b713f5709b9110fe27f
     Pseudo is Ultrasoft + core correction, Zval = 15.0
     Generated by new atomic code, or converted to UPF format
     Using radial grid of  891 points,  6 beta functions with: 
                l(1) =   0
                l(2) =   0
                l(3) =   1
                l(4) =   1
                l(5) =   2
                l(6) =   2
     Q(r) pseudized with  8 coefficients,  rinner =    1.350   1.350   1.350
                                                       1.350   1.350

     atomic species   valence    mass     pseudopotential
        Cs             9.00   132.90545     Cs( 1.00)
        K              9.00    39.09830     K ( 1.00)
        Sb            15.00   121.76000     Sb( 1.00)

     12 Sym. Ops., with inversion, found


                                    s                        frac. trans.

      isym =  1     identity                                     

 cryst.   s( 1) = (     1          0          0      )
                  (     0          1          0      )
                  (     0          0          1      )

 cart.    s( 1) = (  1.0000000  0.0000000  0.0000000 )
                  (  0.0000000  1.0000000 -0.0000000 )
                  (  0.0000000  0.0000000  1.0000000 )


      isym =  2     180 deg rotation - cart. axis [1,0,0]        

 cryst.   s( 2) = (     1          0          0      )
                  (     1         -1          0      )
                  (     1          0         -1      )

 cart.    s( 2) = (  1.0000000  0.0000000  0.0000000 )
                  (  0.0000000 -1.0000000  0.0000000 )
                  (  0.0000000  0.0000000 -1.0000000 )


      isym =  3     120 deg rotation - cryst. axis [0,0,1]       

 cryst.   s( 3) = (    -1          1          0      )
                  (    -1          0          0      )
                  (    -1          0          1      )

 cart.    s( 3) = ( -0.5000000 -0.8660254  0.0000000 )
                  (  0.8660254 -0.5000000  0.0000000 )
                  (  0.0000000  0.0000000  1.0000000 )


      isym =  4     120 deg rotation - cryst. axis [0,0,-1]      

 cryst.   s( 4) = (     0         -1          0      )
                  (     1         -1          0      )
                  (     0         -1          1      )

 cart.    s( 4) = ( -0.5000000  0.8660254 -0.0000000 )
                  ( -0.8660254 -0.5000000  0.0000000 )
                  (  0.0000000  0.0000000  1.0000000 )


      isym =  5     180 deg rotation - cryst. axis [0,1,0]       

 cryst.   s( 5) = (     0         -1          0      )
                  (    -1          0          0      )
                  (     0          0         -1      )

 cart.    s( 5) = ( -0.5000000 -0.8660254  0.0000000 )
                  ( -0.8660254  0.5000000 -0.0000000 )
                  (  0.0000000  0.0000000 -1.0000000 )


      isym =  6     180 deg rotation - cryst. axis [1,1,0]       

 cryst.   s( 6) = (    -1          1          0      )
                  (     0          1          0      )
                  (     0          1         -1      )

 cart.    s( 6) = ( -0.5000000  0.8660254 -0.0000000 )
                  (  0.8660254  0.5000000 -0.0000000 )
                  (  0.0000000  0.0000000 -1.0000000 )


      isym =  7     inversion                                    

 cryst.   s( 7) = (    -1          0          0      )
                  (     0         -1          0      )
                  (     0          0         -1      )

 cart.    s( 7) = ( -1.0000000  0.0000000  0.0000000 )
                  (  0.0000000 -1.0000000  0.0000000 )
                  (  0.0000000  0.0000000 -1.0000000 )


      isym =  8     inv. 180 deg rotation - cart. axis [1,0,0]   

 cryst.   s( 8) = (    -1          0          0      )
                  (    -1          1          0      )
                  (    -1          0          1      )

 cart.    s( 8) = ( -1.0000000  0.0000000  0.0000000 )
                  (  0.0000000  1.0000000 -0.0000000 )
                  (  0.0000000  0.0000000  1.0000000 )


      isym =  9     inv. 120 deg rotation - cryst. axis [0,0,1]  

 cryst.   s( 9) = (     1         -1          0      )
                  (     1          0          0      )
                  (     1          0         -1      )

 cart.    s( 9) = (  0.5000000  0.8660254 -0.0000000 )
                  ( -0.8660254  0.5000000 -0.0000000 )
                  (  0.0000000  0.0000000 -1.0000000 )


      isym = 10     inv. 120 deg rotation - cryst. axis [0,0,-1] 

 cryst.   s(10) = (     0          1          0      )
                  (    -1          1          0      )
                  (     0          1         -1      )

 cart.    s(10) = (  0.5000000 -0.8660254  0.0000000 )
                  (  0.8660254  0.5000000 -0.0000000 )
                  (  0.0000000  0.0000000 -1.0000000 )


      isym = 11     inv. 180 deg rotation - cryst. axis [0,1,0]  

 cryst.   s(11) = (     0          1          0      )
                  (     1          0          0      )
                  (     0          0          1      )

 cart.    s(11) = (  0.5000000  0.8660254 -0.0000000 )
                  (  0.8660254 -0.5000000  0.0000000 )
                  (  0.0000000  0.0000000  1.0000000 )


      isym = 12     inv. 180 deg rotation - cryst. axis [1,1,0]  

 cryst.   s(12) = (     1         -1          0      )
                  (     0         -1          0      )
                  (     0         -1          1      )

 cart.    s(12) = (  0.5000000 -0.8660254  0.0000000 )
                  ( -0.8660254 -0.5000000  0.0000000 )
                  (  0.0000000  0.0000000  1.0000000 )


   Cartesian axes

     site n.     atom                  positions (alat units)
         1           Cs  tau(   1) = (   1.0000000   0.5773503   0.4082483  )
         2           K   tau(   2) = (   0.5000000   0.2886751   0.2041241  )
         3           K   tau(   3) = (   1.5000000   0.8660254   0.6123724  )
         4           Sb  tau(   4) = (   0.0000000   0.0000000   0.0000000  )

   Crystallographic axes

     site n.     atom                  positions (cryst. coord.)
         1           Cs  tau(   1) = (  0.5000000  0.5000000  0.5000000  )
         2           K   tau(   2) = (  0.2500000  0.2500000  0.2500000  )
         3           K   tau(   3) = (  0.7500000  0.7500000  0.7500000  )
         4           Sb  tau(   4) = (  0.0000000  0.0000000  0.0000000  )

     number of k points=     1  Methfessel-Paxton smearing, width (Ry)=  0.0010
                       cart. coord. in units 2pi/alat
        k(    1) = (   0.0000000   0.0000000   0.0000000), wk =   2.0000000

                       cryst. coord.
        k(    1) = (   0.0000000   0.0000000   0.0000000), wk =   2.0000000

     Dense  grid:    35493 G-vectors     FFT dimensions: (  60,  60,  60)

     Smooth grid:    12563 G-vectors     FFT dimensions: (  45,  45,  45)

     Dynamical RAM for                 wfc:       0.60 MB

     Dynamical RAM for     wfc (w. buffer):       0.60 MB

     Dynamical RAM for           str. fact:       1.62 MB

     Dynamical RAM for           local pot:       0.00 MB

     Dynamical RAM for          nlocal pot:       1.73 MB

     Dynamical RAM for                qrad:       3.73 MB

     Dynamical RAM for          rho,v,vnew:       6.57 MB

     Dynamical RAM for               rhoin:       2.19 MB

     Dynamical RAM for            rho*nmix:       8.67 MB

     Dynamical RAM for           G-vectors:       2.13 MB

     Dynamical RAM for          h,s,v(r/c):       0.06 MB

     Dynamical RAM for          <psi|beta>:       0.01 MB

     Dynamical RAM for                 psi:       1.20 MB

     Dynamical RAM for                hpsi:       1.20 MB

     Dynamical RAM for                spsi:       1.20 MB

     Dynamical RAM for      wfcinit/wfcrot:       1.86 MB

     Dynamical RAM for           addusdens:     101.82 MB

     Dynamical RAM for          addusforce:     103.18 MB

     Dynamical RAM for         addusstress:     108.86 MB

     Estimated static dynamical RAM per process >      28.98 MB

     Estimated max dynamical RAM per process >     146.50 MB

     Check: negative core charge=   -0.000004

     Initial potential from superposition of free atoms

     starting charge      40.9229, renormalised to      42.0000
     Starting wfcs are   38 randomized atomic wfcs
     Checking if some PAW data can be deallocated... 

     total cpu time spent up to now is        6.7 secs

     Self-consistent Calculation

     iteration #  1     ecut=    30.00 Ry     beta= 0.70
     Davidson diagonalization with overlap

---- Real-time Memory Report at c_bands before calling an iterative solver
           360 MiB given to the printing process from OS
             0 MiB allocation reported by mallinfo(arena+hblkhd)
        155476 MiB available memory on the node where the printing process lives
------------------
     ethr =  1.00E-02,  avg # of iterations =  2.0

     total cpu time spent up to now is        7.3 secs

     total energy              =    -473.62296904 Ry
     estimated scf accuracy    <       0.88862039 Ry

     iteration #  2     ecut=    30.00 Ry     beta= 0.70
     Davidson diagonalization with overlap

---- Real-time Memory Report at c_bands before calling an iterative solver
           409 MiB given to the printing process from OS
             0 MiB allocation reported by mallinfo(arena+hblkhd)
        155441 MiB available memory on the node where the printing process lives
------------------
     ethr =  2.12E-03,  avg # of iterations =  4.0

     total cpu time spent up to now is        7.9 secs

     total energy              =    -473.70378607 Ry
     estimated scf accuracy    <       0.62057844 Ry

     iteration #  3     ecut=    30.00 Ry     beta= 0.70
     Davidson diagonalization with overlap

---- Real-time Memory Report at c_bands before calling an iterative solver
           427 MiB given to the printing process from OS
             0 MiB allocation reported by mallinfo(arena+hblkhd)
        155421 MiB available memory on the node where the printing process lives
------------------
     ethr =  1.48E-03,  avg # of iterations =  3.0

     total cpu time spent up to now is        8.5 secs

     total energy              =    -473.90574911 Ry
     estimated scf accuracy    <       0.08989349 Ry

     iteration #  4     ecut=    30.00 Ry     beta= 0.70
     Davidson diagonalization with overlap

---- Real-time Memory Report at c_bands before calling an iterative solver
           430 MiB given to the printing process from OS
             0 MiB allocation reported by mallinfo(arena+hblkhd)
        155416 MiB available memory on the node where the printing process lives
------------------
     ethr =  2.14E-04,  avg # of iterations =  2.0

     total cpu time spent up to now is        9.1 secs

     total energy              =    -473.89910822 Ry
     estimated scf accuracy    <       0.02946433 Ry

     iteration #  5     ecut=    30.00 Ry     beta= 0.70
     Davidson diagonalization with overlap

---- Real-time Memory Report at c_bands before calling an iterative solver
           430 MiB given to the printing process from OS
             0 MiB allocation reported by mallinfo(arena+hblkhd)
        155420 MiB available memory on the node where the printing process lives
------------------
     ethr =  7.02E-05,  avg # of iterations =  4.0

     total cpu time spent up to now is        9.7 secs

     total energy              =    -473.90603042 Ry
     estimated scf accuracy    <       0.00136002 Ry

     iteration #  6     ecut=    30.00 Ry     beta= 0.70
     Davidson diagonalization with overlap

---- Real-time Memory Report at c_bands before calling an iterative solver
           430 MiB given to the printing process from OS
             0 MiB allocation reported by mallinfo(arena+hblkhd)
        155424 MiB available memory on the node where the printing process lives
------------------
     ethr =  3.24E-06,  avg # of iterations =  4.0

     total cpu time spent up to now is       10.3 secs

     total energy              =    -473.90596828 Ry
     estimated scf accuracy    <       0.00041849 Ry

     iteration #  7     ecut=    30.00 Ry     beta= 0.70
     Davidson diagonalization with overlap

---- Real-time Memory Report at c_bands before calling an iterative solver
           430 MiB given to the printing process from OS
             0 MiB allocation reported by mallinfo(arena+hblkhd)
        155416 MiB available memory on the node where the printing process lives
------------------
     ethr =  9.96E-07,  avg # of iterations = 10.0

     total cpu time spent up to now is       10.9 secs

     total energy              =    -473.90604027 Ry
     estimated scf accuracy    <       0.00000499 Ry

     iteration #  8     ecut=    30.00 Ry     beta= 0.70
     Davidson diagonalization with overlap

---- Real-time Memory Report at c_bands before calling an iterative solver
           430 MiB given to the printing process from OS
             0 MiB allocation reported by mallinfo(arena+hblkhd)
        155419 MiB available memory on the node where the printing process lives
------------------
     ethr =  1.19E-08,  avg # of iterations =  4.0

     total cpu time spent up to now is       11.5 secs

     End of self-consistent calculation

          k = 0.0000 0.0000 0.0000 (  1572 PWs)   bands (ev):

   -25.9272 -25.9166 -20.6125 -20.6124 -20.6108 -20.6106 -20.6103 -18.2556
    -9.4563  -9.4562  -9.4560  -9.4057  -9.4056  -9.4054  -5.0693  -5.0690
    -5.0690  -1.1171   5.7760   5.7760   5.7767   6.3070   7.4543   7.8984
     7.8985

     occupation numbers 
     1.0000   1.0000   1.0000   1.0000   1.0000   1.0000   1.0000   1.0000
     1.0000   1.0000   1.0000   1.0000   1.0000   1.0000   1.0000   1.0000
     1.0000   1.0000   1.0000   1.0000   1.0000  -0.0000  -0.0000  -0.0000
    -0.0000

     the Fermi energy is     5.9035 ev

!    total energy              =    -473.90604402 Ry
     estimated scf accuracy    <       0.00000037 Ry
     smearing contrib. (-TS)   =       0.00000000 Ry
     internal energy E=F+TS    =    -473.90604402 Ry

     The total energy is F=E-TS. E is the sum of the following terms:
     one-electron contribution =    -163.13997769 Ry
     hartree contribution      =      96.91176638 Ry
     xc contribution           =     -96.91727570 Ry
     ewald contribution        =    -199.94177796 Ry
     one-center paw contrib.   =    -110.81877905 Ry
      -> PAW hartree energy AE =      75.48220154 Ry
      -> PAW hartree energy PS =     -75.06692726 Ry
      -> PAW xc energy AE      =    -132.41318865 Ry
      -> PAW xc energy PS      =      21.17913532 Ry
      -> total E_H with PAW    =      97.32704066 Ry
      -> total E_XC with PAW   =    -208.15132903 Ry

     convergence has been achieved in   8 iterations

     Forces acting on atoms (cartesian axes, Ry/au):

     atom    1 type  1   force =     0.00000000    0.00000000    0.00000000
     atom    2 type  2   force =    -0.00000000    0.00000000   -0.00016962
     atom    3 type  2   force =     0.00000000   -0.00000000    0.00016962
     atom    4 type  3   force =    -0.00000000   -0.00000000   -0.00000000
     The non-local contrib.  to forces
     atom    1 type  1   force =     0.00000000    0.00000000   -0.00000000
     atom    2 type  2   force =    -0.00000000    0.00000000   -0.00003166
     atom    3 type  2   force =     0.00000000    0.00000000    0.00003166
     atom    4 type  3   force =    -0.00000000   -0.00000000   -0.00000000
     The ionic contribution  to forces
     atom    1 type  1   force =    -0.00000000   -0.00000000    0.00000000
     atom    2 type  2   force =    -0.00000000    0.00000000   -0.00000000
     atom    3 type  2   force =    -0.00000000   -0.00000000   -0.00000000
     atom    4 type  3   force =     0.00000000    0.00000000    0.00000000
     The local contribution  to forces
     atom    1 type  1   force =    -0.00016424   -0.00001446    0.00003492
     atom    2 type  2   force =     0.00010808   -0.00031726   -0.00053955
     atom    3 type  2   force =    -0.00011731    0.00029595    0.00067239
     atom    4 type  3   force =    -0.00039905    0.00061408   -0.00110604
     The core correction contribution to forces
     atom    1 type  1   force =    -0.00001202    0.00000235   -0.00000249
     atom    2 type  2   force =     0.00000076   -0.00000323   -0.00000322
     atom    3 type  2   force =    -0.00000307    0.00000443    0.00000245
     atom    4 type  3   force =    -0.00001066    0.00000622   -0.00003248
     The Hubbard contrib.    to forces
     atom    1 type  1   force =     0.00000000    0.00000000    0.00000000
     atom    2 type  2   force =     0.00000000    0.00000000    0.00000000
     atom    3 type  2   force =     0.00000000    0.00000000    0.00000000
     atom    4 type  3   force =     0.00000000    0.00000000    0.00000000
     The SCF correction term to forces
     atom    1 type  1   force =     0.00008422    0.00004032   -0.00004103
     atom    2 type  2   force =    -0.00011130    0.00024393    0.00040366
     atom    3 type  2   force =     0.00005424   -0.00020144   -0.00053800
     atom    4 type  3   force =     0.00043999   -0.00072903    0.00125017

     Total force =     0.000240     Total SCF correction =     0.001693
     SCF correction compared to forces is large: reduce conv_thr to get better values


     Computing stress (Cartesian axis) and pressure

          total   stress  (Ry/bohr**3)                   (kbar)     P=      -47.43
  -0.00032244  -0.00000000  -0.00000000          -47.43       -0.00       -0.00
  -0.00000000  -0.00032244   0.00000000           -0.00      -47.43        0.00
  -0.00000000   0.00000000  -0.00032229           -0.00        0.00      -47.41

     kinetic stress (kbar)   8018.65     -0.00     -0.00
                                0.00   8018.65     -0.00
                               -0.00     -0.00   8018.66

     local   stress (kbar)  -4274.39     -0.01      0.01
                               -0.01  -4274.37     -0.02
                                0.01     -0.02  -4274.19

     nonloc. stress (kbar)   3065.02      0.00      0.00
                                0.00   3065.02     -0.00
                                0.00     -0.00   3065.00

     hartree stress (kbar)   4192.10      0.00     -0.00
                                0.00   4192.07      0.02
                               -0.00      0.02   4191.93

     exc-cor stress (kbar)   4390.28      0.00     -0.00
                                0.00   4390.28      0.00
                               -0.00      0.00   4390.28

     corecor stress (kbar)  -6790.37     -0.00      0.00
                               -0.00  -6790.37      0.00
                                0.00      0.00  -6790.37

     ewald   stress (kbar)  -8648.71      0.00     -0.00
                                0.00  -8648.71      0.00
                               -0.00      0.00  -8648.71

     hubbard stress (kbar)      0.00      0.00      0.00
                                0.00      0.00      0.00
                                0.00      0.00      0.00

     DFT-D   stress (kbar)      0.00      0.00      0.00
                                0.00      0.00      0.00
                                0.00      0.00      0.00

     XDM     stress (kbar)      0.00      0.00      0.00
                                0.00      0.00      0.00
                                0.00      0.00      0.00

     dft-nl  stress (kbar)      0.00      0.00      0.00
                                0.00      0.00      0.00
                                0.00      0.00      0.00

     TS-vdW  stress (kbar)      0.00      0.00      0.00
                                0.00      0.00      0.00
                                0.00      0.00      0.00


                                0.00      0.00      0.00
                                0.00      0.00      0.00


                                0.00      0.00      0.00


     Writing all to output data dir new_calculations/myprefix.save/
 
     init_run     :    162.72s CPU      6.42s WALL (       1 calls)
     electrons    :    148.04s CPU      4.88s WALL (       1 calls)
     forces       :      4.14s CPU      0.14s WALL (       1 calls)
     stress       :     12.21s CPU      0.41s WALL (       1 calls)

     Called by init_run:
     wfcinit      :     17.24s CPU      0.55s WALL (       1 calls)
     wfcinit:atom :      0.02s CPU      0.00s WALL (       1 calls)
     wfcinit:wfcr :     17.09s CPU      0.55s WALL (       1 calls)
     potinit      :     42.91s CPU      1.50s WALL (       1 calls)
     hinit0       :     93.02s CPU      4.00s WALL (       1 calls)

     Called by electrons:
     c_bands      :     53.11s CPU      1.69s WALL (       8 calls)
     sum_band     :     32.79s CPU      1.12s WALL (       8 calls)
     v_of_rho     :      6.24s CPU      0.21s WALL (       9 calls)
     v_h          :      0.50s CPU      0.02s WALL (       9 calls)
     v_xc         :      6.75s CPU      0.23s WALL (      11 calls)
     newd         :     28.43s CPU      0.96s WALL (       9 calls)
     PAW_pot      :     32.89s CPU      1.10s WALL (       9 calls)
     mix_rho      :      1.22s CPU      0.04s WALL (       8 calls)

     Called by c_bands:
     init_us_2    :      0.18s CPU      0.01s WALL (      17 calls)
     init_us_2:cp :      0.16s CPU      0.01s WALL (      17 calls)
     regterg      :     51.46s CPU      1.63s WALL (       8 calls)

     Called by sum_band:
     sum_band:wei :      0.01s CPU      0.00s WALL (       8 calls)
     sum_band:loo :      9.16s CPU      0.29s WALL (       8 calls)
     sum_band:buf :      0.01s CPU      0.00s WALL (       8 calls)
     sum_band:ini :      0.08s CPU      0.00s WALL (       8 calls)
     sum_band:cal :      0.04s CPU      0.00s WALL (       8 calls)
     sum_band:bec :      0.02s CPU      0.00s WALL (       8 calls)
     addusdens    :     22.52s CPU      0.80s WALL (       8 calls)
     addusd:skk   :      0.10s CPU      0.00s WALL (      24 calls)
     addusd:dgemm :      3.32s CPU      0.17s WALL (      24 calls)
     addusd:qvan2 :     15.72s CPU      0.50s WALL (      24 calls)

     Called by *egterg:
     rdiaghg      :      1.04s CPU      0.03s WALL (      41 calls)
     regterg:over :      0.09s CPU      0.00s WALL (      33 calls)
     regterg:upda :      0.16s CPU      0.01s WALL (      33 calls)
     regterg:last :      0.33s CPU      0.01s WALL (      17 calls)
     h_psi        :     66.11s CPU      2.10s WALL (      42 calls)
     s_psi        :      0.05s CPU      0.00s WALL (      42 calls)
     g_psi        :      0.03s CPU      0.00s WALL (      33 calls)

     Called by h_psi:
     h_psi:calbec :      0.24s CPU      0.01s WALL (      42 calls)
     vloc_psi     :     65.56s CPU      2.08s WALL (      42 calls)
     add_vuspsi   :      0.11s CPU      0.00s WALL (      42 calls)

     General routines
     calbec       :      0.23s CPU      0.01s WALL (      55 calls)
     fft          :     81.16s CPU      2.97s WALL (     117 calls)
     ffts         :     38.02s CPU      1.32s WALL (      17 calls)
     fftw         :     68.82s CPU      2.18s WALL (     678 calls)
     interpolate  :     38.55s CPU      1.34s WALL (       9 calls)
 
     Parallel routines

     PAW routines
     PAW_pot      :     32.89s CPU      1.10s WALL (       9 calls)
     PAW_symme    :      0.11s CPU      0.00s WALL (      17 calls)
 
     PWSCF        :   5m34.99s CPU     12.38s WALL

 
   This run was terminated on:   9:32:28  20May2023            

=------------------------------------------------------------------------------=
   JOB DONE.
=------------------------------------------------------------------------------=
