
     Program PWSCF v.7.0 starts on 21May2023 at  8: 6:43 

     This program is part of the open-source Quantum ESPRESSO suite
     for quantum simulation of materials; please cite
         "P. Giannozzi et al., J. Phys.:Condens. Matter 21 395502 (2009);
         "P. Giannozzi et al., J. Phys.:Condens. Matter 29 465901 (2017);
         "P. Giannozzi et al., J. Chem. Phys. 152 154105 (2020);
          URL http://www.quantum-espresso.org", 
     in publications or presentations arising from this work. More details at
     http://www.quantum-espresso.org/quote

     Parallel version (MPI & OpenMP), running on      32 processor cores
     Number of MPI processes:                 1
     Threads/MPI process:                    32

     MPI processes distributed on     1 nodes
     31684 MiB available memory on the printing compute node when the environment starts
 
     Reading input from espresso_17969.pwi
Warning: card &CELL ignored
Warning: card / ignored

     Current dimensions of program PWSCF are:
     Max number of different atomic species (ntypx) = 10
     Max number of k-points (npk) =  40000
     Max angular momentum in pseudopotentials (lmaxx) =  4

     gamma-point specific algorithms are used
     Message from routine setup:
     using ibrav=0 with symmetry is DISCOURAGED, use correct ibrav instead

     Subspace diagonalization in iterative solution of the eigenvalue problem:
     a serial algorithm will be used

 
     G-vector sticks info
     --------------------
     sticks:   dense  smooth     PW     G-vecs:    dense   smooth      PW
     Sum        1459     733    187                36661    12939    1639
 
     Using Slab Decomposition
 


     bravais-lattice index     =            0
     lattice parameter (alat)  =       9.3876  a.u.
     unit-cell volume          =     584.9818 (a.u.)^3
     number of atoms/cell      =            4
     number of atomic types    =            3
     number of electrons       =        89.00
     number of Kohn-Sham states=           54
     kinetic-energy cutoff     =      30.0000  Ry
     charge density cutoff     =     240.0000  Ry
     scf convergence threshold =      1.0E-06
     mixing beta               =       0.7000
     number of iterations used =            8  plain     mixing
     Exchange-correlation= PBE
                           (   1   4   3   4   0   0   0)

     celldm(1)=   9.387554  celldm(2)=   0.000000  celldm(3)=   0.000000
     celldm(4)=   0.000000  celldm(5)=   0.000000  celldm(6)=   0.000000

     crystal axes: (cart. coord. in units of alat)
               a(1) = (   1.000000   0.000000   0.000000 )  
               a(2) = (   0.500000   0.866025   0.000000 )  
               a(3) = (   0.500000   0.288675   0.816497 )  

     reciprocal axes: (cart. coord. in units 2 pi/alat)
               b(1) = (  1.000000 -0.577350 -0.408248 )  
               b(2) = (  0.000000  1.154701 -0.408248 )  
               b(3) = (  0.000000  0.000000  1.224745 )  


     PseudoPot. # 1 for Lu read from file:
     /home/pragov/projects/rrg-bengioy-ad/pragov/crystal_structure_design/SSSP/Lu.GGA-PBE-paw-v1.0.UPF
     MD5 check sum: 9ceca61ee0c17e9380a83635bfffa61d
     Pseudo is Projector augmented-wave + core cor, Zval = 25.0
     Generated using ATOMPAW code
     Shape of augmentation charge: BESSEL
     Using radial grid of 1118 points,  8 beta functions with: 
                l(1) =   0
                l(2) =   0
                l(3) =   1
                l(4) =   1
                l(5) =   2
                l(6) =   2
                l(7) =   3
                l(8) =   3
     Q(r) pseudized with 0 coefficients 


     PseudoPot. # 2 for Zn read from file:
     /home/pragov/projects/rrg-bengioy-ad/pragov/crystal_structure_design/SSSP/Zn_pbe_v1.uspp.F.UPF
     MD5 check sum: df62231357ef9e81f77b2b3087fa5675
     Pseudo is Ultrasoft, Zval = 20.0
     Generated by new atomic code, or converted to UPF format
     Using radial grid of  943 points,  6 beta functions with: 
                l(1) =   0
                l(2) =   0
                l(3) =   1
                l(4) =   1
                l(5) =   2
                l(6) =   2
     Q(r) pseudized with  8 coefficients,  rinner =    1.100   1.100   1.100
                                                       1.100   1.100

     PseudoPot. # 3 for Au read from file:
     /home/pragov/projects/rrg-bengioy-ad/pragov/crystal_structure_design/SSSP/Au_ONCV_PBE-1.0.oncvpsp.upf
     MD5 check sum: d14007822ba0e19f0206237467fc06c2
     Pseudo is Norm-conserving, Zval = 19.0
     Generated using ONCVPSP code by D. R. Hamann
     Using radial grid of 1278 points,  8 beta functions with: 
                l(1) =   0
                l(2) =   0
                l(3) =   1
                l(4) =   1
                l(5) =   2
                l(6) =   2
                l(7) =   3
                l(8) =   3

     atomic species   valence    mass     pseudopotential
        Lu            25.00   174.96680     Lu( 1.00)
        Zn            20.00    65.38000     Zn( 1.00)
        Au            19.00   196.96657     Au( 1.00)

     12 Sym. Ops., with inversion, found


                                    s                        frac. trans.

      isym =  1     identity                                     

 cryst.   s( 1) = (     1          0          0      )
                  (     0          1          0      )
                  (     0          0          1      )

 cart.    s( 1) = (  1.0000000  0.0000000  0.0000000 )
                  (  0.0000000  1.0000000  0.0000000 )
                  (  0.0000000  0.0000000  1.0000000 )


      isym =  2     180 deg rotation - cart. axis [1,0,0]        

 cryst.   s( 2) = (     1          0          0      )
                  (     1         -1          0      )
                  (     1          0         -1      )

 cart.    s( 2) = (  1.0000000  0.0000000 -0.0000000 )
                  (  0.0000000 -1.0000000 -0.0000000 )
                  (  0.0000000  0.0000000 -1.0000000 )


      isym =  3     120 deg rotation - cryst. axis [0,0,1]       

 cryst.   s( 3) = (    -1          1          0      )
                  (    -1          0          0      )
                  (    -1          0          1      )

 cart.    s( 3) = ( -0.5000000 -0.8660254  0.0000000 )
                  (  0.8660254 -0.5000000  0.0000000 )
                  (  0.0000000  0.0000000  1.0000000 )


      isym =  4     120 deg rotation - cryst. axis [0,0,-1]      

 cryst.   s( 4) = (     0         -1          0      )
                  (     1         -1          0      )
                  (     0         -1          1      )

 cart.    s( 4) = ( -0.5000000  0.8660254  0.0000000 )
                  ( -0.8660254 -0.5000000  0.0000000 )
                  (  0.0000000  0.0000000  1.0000000 )


      isym =  5     180 deg rotation - cryst. axis [0,1,0]       

 cryst.   s( 5) = (     0         -1          0      )
                  (    -1          0          0      )
                  (     0          0         -1      )

 cart.    s( 5) = ( -0.5000000 -0.8660254  0.0000000 )
                  ( -0.8660254  0.5000000 -0.0000000 )
                  (  0.0000000  0.0000000 -1.0000000 )


      isym =  6     180 deg rotation - cryst. axis [1,1,0]       

 cryst.   s( 6) = (    -1          1          0      )
                  (     0          1          0      )
                  (     0          1         -1      )

 cart.    s( 6) = ( -0.5000000  0.8660254 -0.0000000 )
                  (  0.8660254  0.5000000 -0.0000000 )
                  (  0.0000000  0.0000000 -1.0000000 )


      isym =  7     inversion                                    

 cryst.   s( 7) = (    -1          0          0      )
                  (     0         -1          0      )
                  (     0          0         -1      )

 cart.    s( 7) = ( -1.0000000  0.0000000  0.0000000 )
                  (  0.0000000 -1.0000000 -0.0000000 )
                  (  0.0000000  0.0000000 -1.0000000 )


      isym =  8     inv. 180 deg rotation - cart. axis [1,0,0]   

 cryst.   s( 8) = (    -1          0          0      )
                  (    -1          1          0      )
                  (    -1          0          1      )

 cart.    s( 8) = ( -1.0000000  0.0000000  0.0000000 )
                  (  0.0000000  1.0000000  0.0000000 )
                  (  0.0000000  0.0000000  1.0000000 )


      isym =  9     inv. 120 deg rotation - cryst. axis [0,0,1]  

 cryst.   s( 9) = (     1         -1          0      )
                  (     1          0          0      )
                  (     1          0         -1      )

 cart.    s( 9) = (  0.5000000  0.8660254 -0.0000000 )
                  ( -0.8660254  0.5000000 -0.0000000 )
                  (  0.0000000  0.0000000 -1.0000000 )


      isym = 10     inv. 120 deg rotation - cryst. axis [0,0,-1] 

 cryst.   s(10) = (     0          1          0      )
                  (    -1          1          0      )
                  (     0          1         -1      )

 cart.    s(10) = (  0.5000000 -0.8660254  0.0000000 )
                  (  0.8660254  0.5000000 -0.0000000 )
                  (  0.0000000  0.0000000 -1.0000000 )


      isym = 11     inv. 180 deg rotation - cryst. axis [0,1,0]  

 cryst.   s(11) = (     0          1          0      )
                  (     1          0          0      )
                  (     0          0          1      )

 cart.    s(11) = (  0.5000000  0.8660254  0.0000000 )
                  (  0.8660254 -0.5000000  0.0000000 )
                  (  0.0000000  0.0000000  1.0000000 )


      isym = 12     inv. 180 deg rotation - cryst. axis [1,1,0]  

 cryst.   s(12) = (     1         -1          0      )
                  (     0         -1          0      )
                  (     0         -1          1      )

 cart.    s(12) = (  0.5000000 -0.8660254  0.0000000 )
                  ( -0.8660254 -0.5000000  0.0000000 )
                  (  0.0000000  0.0000000  1.0000000 )


   Cartesian axes

     site n.     atom                  positions (alat units)
         1           Lu  tau(   1) = (   0.5000000   0.2886751   0.2041241  )
         2           Lu  tau(   2) = (   1.5000000   0.8660254   0.6123724  )
         3           Zn  tau(   3) = (   0.0000000   0.0000000   0.0000000  )
         4           Au  tau(   4) = (   1.0000000   0.5773503   0.4082483  )

   Crystallographic axes

     site n.     atom                  positions (cryst. coord.)
         1           Lu  tau(   1) = (  0.2500000  0.2500000  0.2500000  )
         2           Lu  tau(   2) = (  0.7500000  0.7500000  0.7500000  )
         3           Zn  tau(   3) = (  0.0000000  0.0000000  0.0000000  )
         4           Au  tau(   4) = (  0.5000000  0.5000000  0.5000000  )

     number of k points=     1  Methfessel-Paxton smearing, width (Ry)=  0.0010
                       cart. coord. in units 2pi/alat
        k(    1) = (   0.0000000   0.0000000   0.0000000), wk =   2.0000000

                       cryst. coord.
        k(    1) = (   0.0000000   0.0000000   0.0000000), wk =   2.0000000

     Dense  grid:    18331 G-vectors     FFT dimensions: (  48,  48,  48)

     Smooth grid:     6470 G-vectors     FFT dimensions: (  36,  36,  36)

     Dynamical RAM for                 wfc:       0.67 MB

     Dynamical RAM for     wfc (w. buffer):       0.67 MB

     Dynamical RAM for           str. fact:       0.84 MB

     Dynamical RAM for           local pot:       0.00 MB

     Dynamical RAM for          nlocal pot:       1.41 MB

     Dynamical RAM for                qrad:       8.96 MB

     Dynamical RAM for          rho,v,vnew:       3.37 MB

     Dynamical RAM for               rhoin:       1.12 MB

     Dynamical RAM for            rho*nmix:       4.48 MB

     Dynamical RAM for           G-vectors:       1.10 MB

     Dynamical RAM for          h,s,v(r/c):       0.27 MB

     Dynamical RAM for          <psi|beta>:       0.05 MB

     Dynamical RAM for                 psi:       1.34 MB

     Dynamical RAM for                hpsi:       1.34 MB

     Dynamical RAM for                spsi:       1.34 MB

     Dynamical RAM for      wfcinit/wfcrot:       2.33 MB

     Dynamical RAM for           addusdens:     155.80 MB

     Dynamical RAM for          addusforce:     156.52 MB

     Dynamical RAM for         addusstress:     162.79 MB

     Estimated static dynamical RAM per process >      22.81 MB

     Estimated max dynamical RAM per process >     190.07 MB

     Initial potential from superposition of free atoms

     starting charge      88.9922, renormalised to      89.0000
     Starting wfcs are   87 randomized atomic wfcs
     Checking if some PAW data can be deallocated... 

     total cpu time spent up to now is        5.2 secs

     Self-consistent Calculation

     iteration #  1     ecut=    30.00 Ry     beta= 0.70
     Davidson diagonalization with overlap

---- Real-time Memory Report at c_bands before calling an iterative solver
           417 MiB given to the printing process from OS
             0 MiB allocation reported by mallinfo(arena+hblkhd)
         31518 MiB available memory on the node where the printing process lives
------------------
     ethr =  1.00E-02,  avg # of iterations =  3.0

     Threshold (ethr) on eigenvalues was too large:
     Diagonalizing with lowered threshold

     Davidson diagonalization with overlap

---- Real-time Memory Report at c_bands before calling an iterative solver
           516 MiB given to the printing process from OS
             0 MiB allocation reported by mallinfo(arena+hblkhd)
         31481 MiB available memory on the node where the printing process lives
------------------
     ethr =  1.56E-04,  avg # of iterations =  6.0

     total cpu time spent up to now is       10.0 secs

     total energy              =   -2896.48989894 Ry
     estimated scf accuracy    <       0.16526622 Ry

     iteration #  2     ecut=    30.00 Ry     beta= 0.70
     Davidson diagonalization with overlap

---- Real-time Memory Report at c_bands before calling an iterative solver
           538 MiB given to the printing process from OS
             0 MiB allocation reported by mallinfo(arena+hblkhd)
         31462 MiB available memory on the node where the printing process lives
------------------
     ethr =  1.86E-04,  avg # of iterations =  3.0

     total cpu time spent up to now is       11.1 secs

     total energy              =   -2896.51595428 Ry
     estimated scf accuracy    <       0.22911234 Ry

     iteration #  3     ecut=    30.00 Ry     beta= 0.70
     Davidson diagonalization with overlap

---- Real-time Memory Report at c_bands before calling an iterative solver
           548 MiB given to the printing process from OS
             0 MiB allocation reported by mallinfo(arena+hblkhd)
         31455 MiB available memory on the node where the printing process lives
------------------
     ethr =  1.86E-04,  avg # of iterations =  2.0

     total cpu time spent up to now is       12.1 secs

     total energy              =   -2896.56442716 Ry
     estimated scf accuracy    <       0.00476015 Ry

     iteration #  4     ecut=    30.00 Ry     beta= 0.70
     Davidson diagonalization with overlap

---- Real-time Memory Report at c_bands before calling an iterative solver
           548 MiB given to the printing process from OS
             0 MiB allocation reported by mallinfo(arena+hblkhd)
         31449 MiB available memory on the node where the printing process lives
------------------
     ethr =  5.35E-06,  avg # of iterations = 15.0

     total cpu time spent up to now is       13.3 secs

     total energy              =   -2896.56537612 Ry
     estimated scf accuracy    <       0.00373573 Ry

     iteration #  5     ecut=    30.00 Ry     beta= 0.70
     Davidson diagonalization with overlap

---- Real-time Memory Report at c_bands before calling an iterative solver
           548 MiB given to the printing process from OS
             0 MiB allocation reported by mallinfo(arena+hblkhd)
         31450 MiB available memory on the node where the printing process lives
------------------
     ethr =  4.20E-06,  avg # of iterations =  2.0

     total cpu time spent up to now is       14.3 secs

     total energy              =   -2896.56638829 Ry
     estimated scf accuracy    <       0.00045828 Ry

     iteration #  6     ecut=    30.00 Ry     beta= 0.70
     Davidson diagonalization with overlap

---- Real-time Memory Report at c_bands before calling an iterative solver
           548 MiB given to the printing process from OS
             0 MiB allocation reported by mallinfo(arena+hblkhd)
         31450 MiB available memory on the node where the printing process lives
------------------
     ethr =  5.15E-07,  avg # of iterations =  2.0

     total cpu time spent up to now is       15.3 secs

     total energy              =   -2896.56648075 Ry
     estimated scf accuracy    <       0.00009017 Ry

     iteration #  7     ecut=    30.00 Ry     beta= 0.70
     Davidson diagonalization with overlap

---- Real-time Memory Report at c_bands before calling an iterative solver
           548 MiB given to the printing process from OS
             0 MiB allocation reported by mallinfo(arena+hblkhd)
         31449 MiB available memory on the node where the printing process lives
------------------
     ethr =  1.01E-07,  avg # of iterations =  2.0

     total cpu time spent up to now is       16.4 secs

     total energy              =   -2896.56649997 Ry
     estimated scf accuracy    <       0.00000204 Ry

     iteration #  8     ecut=    30.00 Ry     beta= 0.70
     Davidson diagonalization with overlap

---- Real-time Memory Report at c_bands before calling an iterative solver
           548 MiB given to the printing process from OS
             0 MiB allocation reported by mallinfo(arena+hblkhd)
         31449 MiB available memory on the node where the printing process lives
------------------
     ethr =  2.29E-09,  avg # of iterations =  3.0

     total cpu time spent up to now is       17.4 secs

     End of self-consistent calculation

          k = 0.0000 0.0000 0.0000 (   820 PWs)   bands (ev):

  -110.0338 -91.3605 -64.1101 -64.1100 -64.1100 -42.3333 -42.3333 -42.3332
   -40.0856 -40.0624 -10.8241 -10.8241 -10.8241 -10.6450 -10.6450 -10.6450
     8.1976   9.1291   9.1291   9.1718   9.1718   9.1718  11.1242  11.1242
    11.1243  11.1366  11.1366  11.1635  11.1872  11.1872  11.1872  11.1952
    11.1952  11.1952  11.2021  11.2022  11.2022  11.2355  11.2355  11.2355
    11.2524  14.5150  14.5150  14.5150  16.2944  17.2531  17.2531  21.1369
    21.1369  21.1369  21.5373  21.5373  21.5373  22.5466

     occupation numbers 
     1.0000   1.0000   1.0000   1.0000   1.0000   1.0000   1.0000   1.0000
     1.0000   1.0000   1.0000   1.0000   1.0000   1.0000   1.0000   1.0000
     1.0000   1.0000   1.0000   1.0000   1.0000   1.0000   1.0000   1.0000
     1.0000   1.0000   1.0000   1.0000   1.0000   1.0000   1.0000   1.0000
     1.0000   1.0000   1.0000   1.0000   1.0000   1.0000   1.0000   1.0000
     1.0000   1.0000   1.0000   1.0000   0.5000  -0.0000  -0.0000  -0.0000
    -0.0000  -0.0000  -0.0000  -0.0000  -0.0000  -0.0000

     the Fermi energy is    16.2944 ev

!    total energy              =   -2896.56650118 Ry
     estimated scf accuracy    <       0.00000020 Ry
     smearing contrib. (-TS)   =      -0.00028209 Ry
     internal energy E=F+TS    =   -2896.56621909 Ry

     The total energy is F=E-TS. E is the sum of the following terms:
     one-electron contribution =   -1269.97529784 Ry
     hartree contribution      =     600.35488690 Ry
     xc contribution           =    -150.13333164 Ry
     ewald contribution        =   -1095.06357891 Ry
     one-center paw contrib.   =    -981.74889759 Ry
      -> PAW hartree energy AE =     984.71283629 Ry
      -> PAW hartree energy PS =    -847.84618483 Ry
      -> PAW xc energy AE      =   -1198.68954452 Ry
      -> PAW xc energy PS      =      80.07399546 Ry
      -> total E_H with PAW    =     737.22153836 Ry
      -> total E_XC with PAW   =   -1268.74888069 Ry

     convergence has been achieved in   8 iterations

     Forces acting on atoms (cartesian axes, Ry/au):

     atom    1 type  1   force =     0.00000000    0.00000000    0.00044323
     atom    2 type  1   force =     0.00000000    0.00000000   -0.00044323
     atom    3 type  2   force =     0.00000000    0.00000000    0.00000000
     atom    4 type  3   force =     0.00000000    0.00000000    0.00000000
     The non-local contrib.  to forces
     atom    1 type  1   force =     0.00000000    0.00000000    0.00038326
     atom    2 type  1   force =     0.00000000    0.00000000   -0.00038326
     atom    3 type  2   force =     0.00000000    0.00000000    0.00000000
     atom    4 type  3   force =     0.00000000    0.00000000    0.00000000
     The ionic contribution  to forces
     atom    1 type  1   force =    -0.00000000    0.00000000    0.00000000
     atom    2 type  1   force =     0.00000000   -0.00000000    0.00000000
     atom    3 type  2   force =    -0.00000000   -0.00000000   -0.00000000
     atom    4 type  3   force =    -0.00000000    0.00000000   -0.00000000
     The local contribution  to forces
     atom    1 type  1   force =     0.00012432    0.00149811   -0.00052804
     atom    2 type  1   force =    -0.00011802   -0.00151860    0.00056124
     atom    3 type  2   force =     0.00000646    0.00000095    0.00000634
     atom    4 type  3   force =    -0.00001639    0.00005075   -0.00004765
     The core correction contribution to forces
     atom    1 type  1   force =     0.00000000    0.00000001   -0.00000000
     atom    2 type  1   force =    -0.00000000   -0.00000001    0.00000000
     atom    3 type  2   force =     0.00000000    0.00000000    0.00000000
     atom    4 type  3   force =     0.00000000    0.00000000    0.00000000
     The Hubbard contrib.    to forces
     atom    1 type  1   force =     0.00000000    0.00000000    0.00000000
     atom    2 type  1   force =     0.00000000    0.00000000    0.00000000
     atom    3 type  2   force =     0.00000000    0.00000000    0.00000000
     atom    4 type  3   force =     0.00000000    0.00000000    0.00000000
     The SCF correction term to forces
     atom    1 type  1   force =    -0.00016563   -0.00194898    0.00059350
     atom    2 type  1   force =     0.00015655    0.00194772   -0.00061573
     atom    3 type  2   force =    -0.00001260    0.00001071   -0.00001551
     atom    4 type  3   force =     0.00001624   -0.00005401    0.00005895

     Total force =     0.000627     Total SCF correction =     0.002895
     SCF correction compared to forces is large: reduce conv_thr to get better values


     Computing stress (Cartesian axis) and pressure

          total   stress  (Ry/bohr**3)                   (kbar)     P=     -510.79
  -0.00347219   0.00000000  -0.00000000         -510.78        0.00       -0.00
   0.00000000  -0.00347219   0.00000000            0.00     -510.78        0.00
   0.00000000   0.00000000  -0.00347239            0.00        0.00     -510.81

     kinetic stress (kbar)  29384.46     -0.00     -0.00
                               -0.00  29384.46      0.00
                                0.00     -0.00  29384.46

     local   stress (kbar)   7328.58     -0.01     -0.00
                               -0.01   7328.55      0.01
                               -0.00      0.01   7328.58

     nonloc. stress (kbar)  16245.41      0.00      0.00
                                0.00  16245.41     -0.00
                                0.00     -0.00  16245.39

     hartree stress (kbar)  50323.63      0.00     -0.00
                                0.00  50323.68     -0.02
                               -0.00     -0.02  50323.63

     exc-cor stress (kbar) -11999.32      0.00      0.00
                                0.00 -11999.32      0.00
                                0.00      0.00 -11999.32

     corecor stress (kbar)     -1.86     -0.00      0.00
                               -0.00     -1.86      0.00
                                0.00      0.00     -1.86

     ewald   stress (kbar) -91791.69      0.00     -0.00
                                0.00 -91791.69      0.00
                               -0.00      0.00 -91791.69

     hubbard stress (kbar)      0.00      0.00      0.00
                                0.00      0.00      0.00
                                0.00      0.00      0.00

     DFT-D   stress (kbar)      0.00      0.00      0.00
                                0.00      0.00      0.00
                                0.00      0.00      0.00

     XDM     stress (kbar)      0.00      0.00      0.00
                                0.00      0.00      0.00
                                0.00      0.00      0.00

     dft-nl  stress (kbar)      0.00      0.00      0.00
                                0.00      0.00      0.00
                                0.00      0.00      0.00

     TS-vdW  stress (kbar)      0.00      0.00      0.00
                                0.00      0.00      0.00
                                0.00      0.00      0.00


                                0.00      0.00      0.00
                                0.00      0.00      0.00


                                0.00      0.00      0.00


     Writing all to output data dir new_calculations/myprefix.save/
 
     init_run     :    114.98s CPU      4.86s WALL (       1 calls)
     electrons    :    363.80s CPU     12.20s WALL (       1 calls)
     forces       :      3.02s CPU      0.10s WALL (       1 calls)
     stress       :      9.52s CPU      0.31s WALL (       1 calls)

     Called by init_run:
     wfcinit      :     21.70s CPU      0.71s WALL (       1 calls)
     wfcinit:atom :      0.03s CPU      0.00s WALL (       1 calls)
     wfcinit:wfcr :     21.56s CPU      0.70s WALL (       1 calls)
     potinit      :     34.34s CPU      1.17s WALL (       1 calls)
     hinit0       :     50.80s CPU      2.69s WALL (       1 calls)

     Called by electrons:
     c_bands      :    154.85s CPU      5.05s WALL (       9 calls)
     sum_band     :     62.48s CPU      2.19s WALL (       9 calls)
     v_of_rho     :      3.51s CPU      0.12s WALL (       9 calls)
     v_h          :      0.26s CPU      0.01s WALL (       9 calls)
     v_xc         :      3.72s CPU      0.13s WALL (      11 calls)
     newd         :     23.05s CPU      0.77s WALL (       9 calls)
     PAW_pot      :    137.78s CPU      4.69s WALL (       9 calls)
     mix_rho      :      0.80s CPU      0.03s WALL (       9 calls)

     Called by c_bands:
     init_us_2    :      0.24s CPU      0.01s WALL (      19 calls)
     init_us_2:cp :      0.21s CPU      0.01s WALL (      19 calls)
     regterg      :    153.82s CPU      5.01s WALL (       9 calls)

     Called by sum_band:
     sum_band:wei :      0.02s CPU      0.00s WALL (       9 calls)
     sum_band:loo :     26.84s CPU      0.88s WALL (       9 calls)
     sum_band:buf :      0.01s CPU      0.00s WALL (       9 calls)
     sum_band:ini :      0.12s CPU      0.00s WALL (       9 calls)
     sum_band:cal :      0.41s CPU      0.02s WALL (       9 calls)
     sum_band:bec :      0.04s CPU      0.00s WALL (       9 calls)
     addusdens    :     34.78s CPU      1.28s WALL (       9 calls)
     addusd:skk   :      0.05s CPU      0.00s WALL (      18 calls)
     addusd:dgemm :      3.09s CPU      0.21s WALL (      18 calls)
     addusd:qvan2 :     25.09s CPU      0.84s WALL (      18 calls)

     Called by *egterg:
     rdiaghg      :      4.53s CPU      0.15s WALL (      46 calls)
     regterg:over :      1.41s CPU      0.05s WALL (      38 calls)
     regterg:upda :      0.22s CPU      0.01s WALL (      38 calls)
     regterg:last :      0.41s CPU      0.01s WALL (      19 calls)
     h_psi        :    165.63s CPU      5.38s WALL (      48 calls)
     s_psi        :      0.10s CPU      0.00s WALL (      48 calls)
     g_psi        :      0.05s CPU      0.00s WALL (      38 calls)

     Called by h_psi:
     h_psi:calbec :      2.23s CPU      0.08s WALL (      48 calls)
     vloc_psi     :    163.01s CPU      5.29s WALL (      48 calls)
     add_vuspsi   :      0.14s CPU      0.01s WALL (      48 calls)

     General routines
     calbec       :      2.57s CPU      0.09s WALL (      62 calls)
     fft          :     38.35s CPU      1.37s WALL (     118 calls)
     ffts         :     18.06s CPU      0.61s WALL (      18 calls)
     fftw         :    181.51s CPU      5.90s WALL (    1621 calls)
     interpolate  :     18.40s CPU      0.62s WALL (       9 calls)
 
     Parallel routines

     PAW routines
     PAW_pot      :    137.78s CPU      4.69s WALL (       9 calls)
     PAW_symme    :      0.50s CPU      0.02s WALL (      18 calls)
 
     PWSCF        :   8m20.33s CPU     18.19s WALL

 
   This run was terminated on:   8: 7: 2  21May2023            

=------------------------------------------------------------------------------=
   JOB DONE.
=------------------------------------------------------------------------------=
