
     Program PWSCF v.7.0 starts on 21May2023 at  9:59:45 

     This program is part of the open-source Quantum ESPRESSO suite
     for quantum simulation of materials; please cite
         "P. Giannozzi et al., J. Phys.:Condens. Matter 21 395502 (2009);
         "P. Giannozzi et al., J. Phys.:Condens. Matter 29 465901 (2017);
         "P. Giannozzi et al., J. Chem. Phys. 152 154105 (2020);
          URL http://www.quantum-espresso.org", 
     in publications or presentations arising from this work. More details at
     http://www.quantum-espresso.org/quote

     Parallel version (MPI & OpenMP), running on      32 processor cores
     Number of MPI processes:                 1
     Threads/MPI process:                    32

     MPI processes distributed on     1 nodes
     170763 MiB available memory on the printing compute node when the environment starts
 
     Reading input from espresso_22686.pwi
Warning: card &CELL ignored
Warning: card / ignored

     Current dimensions of program PWSCF are:
     Max number of different atomic species (ntypx) = 10
     Max number of k-points (npk) =  40000
     Max angular momentum in pseudopotentials (lmaxx) =  4

     gamma-point specific algorithms are used
     Message from routine setup:
     using ibrav=0 with symmetry is DISCOURAGED, use correct ibrav instead

     Subspace diagonalization in iterative solution of the eigenvalue problem:
     a serial algorithm will be used

 
     G-vector sticks info
     --------------------
     sticks:   dense  smooth     PW     G-vecs:    dense   smooth      PW
     Sum        1735     859    211                47831    16865    2085
 
     Using Slab Decomposition
 


     bravais-lattice index     =            0
     lattice parameter (alat)  =      10.2537  a.u.
     unit-cell volume          =     762.3066 (a.u.)^3
     number of atoms/cell      =            4
     number of atomic types    =            3
     number of electrons       =        44.00
     number of Kohn-Sham states=           26
     kinetic-energy cutoff     =      30.0000  Ry
     charge density cutoff     =     240.0000  Ry
     scf convergence threshold =      1.0E-06
     mixing beta               =       0.7000
     number of iterations used =            8  plain     mixing
     Exchange-correlation= PBE
                           (   1   4   3   4   0   0   0)

     celldm(1)=  10.253722  celldm(2)=   0.000000  celldm(3)=   0.000000
     celldm(4)=   0.000000  celldm(5)=   0.000000  celldm(6)=   0.000000

     crystal axes: (cart. coord. in units of alat)
               a(1) = (   1.000000   0.000000   0.000000 )  
               a(2) = (   0.500000   0.866025   0.000000 )  
               a(3) = (   0.500000   0.288675   0.816497 )  

     reciprocal axes: (cart. coord. in units 2 pi/alat)
               b(1) = (  1.000000 -0.577350 -0.408248 )  
               b(2) = (  0.000000  1.154701 -0.408248 )  
               b(3) = (  0.000000  0.000000  1.224745 )  


     PseudoPot. # 1 for Sr read from file:
     /home/pragov/projects/rrg-bengioy-ad/pragov/crystal_structure_design/SSSP/Sr_pbe_v1.uspp.F.UPF
     MD5 check sum: 6b418c05fbe9db5448babca5e47b7a5b
     Pseudo is Ultrasoft + core correction, Zval = 10.0
     Generated by new atomic code, or converted to UPF format
     Using radial grid of  883 points,  6 beta functions with: 
                l(1) =   0
                l(2) =   0
                l(3) =   1
                l(4) =   1
                l(5) =   2
                l(6) =   2
     Q(r) pseudized with  6 coefficients,  rinner =    1.400   1.400   1.400
                                                       1.400   1.400

     PseudoPot. # 2 for As read from file:
     /home/pragov/projects/rrg-bengioy-ad/pragov/crystal_structure_design/SSSP/As.pbe-n-rrkjus_psl.0.2.UPF
     MD5 check sum: 767315de957beeeb34f87d97bf945c8f
     Pseudo is Ultrasoft + core correction, Zval =  5.0
     Generated using "atomic" code by A. Dal Corso  v.5.0.99 svn rev. 10869
     Using radial grid of 1209 points,  4 beta functions with: 
                l(1) =   0
                l(2) =   0
                l(3) =   1
                l(4) =   1
     Q(r) pseudized with 0 coefficients 


     PseudoPot. # 3 for Au read from file:
     /home/pragov/projects/rrg-bengioy-ad/pragov/crystal_structure_design/SSSP/Au_ONCV_PBE-1.0.oncvpsp.upf
     MD5 check sum: d14007822ba0e19f0206237467fc06c2
     Pseudo is Norm-conserving, Zval = 19.0
     Generated using ONCVPSP code by D. R. Hamann
     Using radial grid of 1278 points,  8 beta functions with: 
                l(1) =   0
                l(2) =   0
                l(3) =   1
                l(4) =   1
                l(5) =   2
                l(6) =   2
                l(7) =   3
                l(8) =   3

     atomic species   valence    mass     pseudopotential
        Sr            10.00    87.62000     Sr( 1.00)
        As             5.00    74.92159     As( 1.00)
        Au            19.00   196.96657     Au( 1.00)

     12 Sym. Ops., with inversion, found


                                    s                        frac. trans.

      isym =  1     identity                                     

 cryst.   s( 1) = (     1          0          0      )
                  (     0          1          0      )
                  (     0          0          1      )

 cart.    s( 1) = (  1.0000000  0.0000000  0.0000000 )
                  (  0.0000000  1.0000000  0.0000000 )
                  (  0.0000000  0.0000000  1.0000000 )


      isym =  2     180 deg rotation - cart. axis [1,0,0]        

 cryst.   s( 2) = (     1          0          0      )
                  (     1         -1          0      )
                  (     1          0         -1      )

 cart.    s( 2) = (  1.0000000  0.0000000  0.0000000 )
                  (  0.0000000 -1.0000000 -0.0000000 )
                  (  0.0000000  0.0000000 -1.0000000 )


      isym =  3     120 deg rotation - cryst. axis [0,0,1]       

 cryst.   s( 3) = (    -1          1          0      )
                  (    -1          0          0      )
                  (    -1          0          1      )

 cart.    s( 3) = ( -0.5000000 -0.8660254  0.0000000 )
                  (  0.8660254 -0.5000000  0.0000000 )
                  (  0.0000000  0.0000000  1.0000000 )


      isym =  4     120 deg rotation - cryst. axis [0,0,-1]      

 cryst.   s( 4) = (     0         -1          0      )
                  (     1         -1          0      )
                  (     0         -1          1      )

 cart.    s( 4) = ( -0.5000000  0.8660254 -0.0000000 )
                  ( -0.8660254 -0.5000000  0.0000000 )
                  (  0.0000000  0.0000000  1.0000000 )


      isym =  5     180 deg rotation - cryst. axis [0,1,0]       

 cryst.   s( 5) = (     0         -1          0      )
                  (    -1          0          0      )
                  (     0          0         -1      )

 cart.    s( 5) = ( -0.5000000 -0.8660254  0.0000000 )
                  ( -0.8660254  0.5000000 -0.0000000 )
                  (  0.0000000  0.0000000 -1.0000000 )


      isym =  6     180 deg rotation - cryst. axis [1,1,0]       

 cryst.   s( 6) = (    -1          1          0      )
                  (     0          1          0      )
                  (     0          1         -1      )

 cart.    s( 6) = ( -0.5000000  0.8660254 -0.0000000 )
                  (  0.8660254  0.5000000 -0.0000000 )
                  (  0.0000000  0.0000000 -1.0000000 )


      isym =  7     inversion                                    

 cryst.   s( 7) = (    -1          0          0      )
                  (     0         -1          0      )
                  (     0          0         -1      )

 cart.    s( 7) = ( -1.0000000  0.0000000  0.0000000 )
                  (  0.0000000 -1.0000000 -0.0000000 )
                  (  0.0000000  0.0000000 -1.0000000 )


      isym =  8     inv. 180 deg rotation - cart. axis [1,0,0]   

 cryst.   s( 8) = (    -1          0          0      )
                  (    -1          1          0      )
                  (    -1          0          1      )

 cart.    s( 8) = ( -1.0000000  0.0000000  0.0000000 )
                  (  0.0000000  1.0000000  0.0000000 )
                  (  0.0000000  0.0000000  1.0000000 )


      isym =  9     inv. 120 deg rotation - cryst. axis [0,0,1]  

 cryst.   s( 9) = (     1         -1          0      )
                  (     1          0          0      )
                  (     1          0         -1      )

 cart.    s( 9) = (  0.5000000  0.8660254 -0.0000000 )
                  ( -0.8660254  0.5000000 -0.0000000 )
                  (  0.0000000  0.0000000 -1.0000000 )


      isym = 10     inv. 120 deg rotation - cryst. axis [0,0,-1] 

 cryst.   s(10) = (     0          1          0      )
                  (    -1          1          0      )
                  (     0          1         -1      )

 cart.    s(10) = (  0.5000000 -0.8660254  0.0000000 )
                  (  0.8660254  0.5000000 -0.0000000 )
                  (  0.0000000  0.0000000 -1.0000000 )


      isym = 11     inv. 180 deg rotation - cryst. axis [0,1,0]  

 cryst.   s(11) = (     0          1          0      )
                  (     1          0          0      )
                  (     0          0          1      )

 cart.    s(11) = (  0.5000000  0.8660254 -0.0000000 )
                  (  0.8660254 -0.5000000  0.0000000 )
                  (  0.0000000  0.0000000  1.0000000 )


      isym = 12     inv. 180 deg rotation - cryst. axis [1,1,0]  

 cryst.   s(12) = (     1         -1          0      )
                  (     0         -1          0      )
                  (     0         -1          1      )

 cart.    s(12) = (  0.5000000 -0.8660254  0.0000000 )
                  ( -0.8660254 -0.5000000  0.0000000 )
                  (  0.0000000  0.0000000  1.0000000 )


   Cartesian axes

     site n.     atom                  positions (alat units)
         1           Sr  tau(   1) = (   0.5000000   0.2886751   0.2041241  )
         2           Sr  tau(   2) = (   1.5000000   0.8660254   0.6123724  )
         3           As  tau(   3) = (   1.0000000   0.5773503   0.4082483  )
         4           Au  tau(   4) = (   0.0000000   0.0000000   0.0000000  )

   Crystallographic axes

     site n.     atom                  positions (cryst. coord.)
         1           Sr  tau(   1) = (  0.2500000  0.2500000  0.2500000  )
         2           Sr  tau(   2) = (  0.7500000  0.7500000  0.7500000  )
         3           As  tau(   3) = (  0.5000000  0.5000000  0.5000000  )
         4           Au  tau(   4) = (  0.0000000  0.0000000  0.0000000  )

     number of k points=     1  Methfessel-Paxton smearing, width (Ry)=  0.0010
                       cart. coord. in units 2pi/alat
        k(    1) = (   0.0000000   0.0000000   0.0000000), wk =   2.0000000

                       cryst. coord.
        k(    1) = (   0.0000000   0.0000000   0.0000000), wk =   2.0000000

     Dense  grid:    23916 G-vectors     FFT dimensions: (  54,  54,  54)

     Smooth grid:     8433 G-vectors     FFT dimensions: (  36,  36,  36)

     Dynamical RAM for                 wfc:       0.42 MB

     Dynamical RAM for     wfc (w. buffer):       0.42 MB

     Dynamical RAM for           str. fact:       1.09 MB

     Dynamical RAM for           local pot:       0.00 MB

     Dynamical RAM for          nlocal pot:       1.23 MB

     Dynamical RAM for                qrad:       8.96 MB

     Dynamical RAM for          rho,v,vnew:       4.70 MB

     Dynamical RAM for               rhoin:       1.57 MB

     Dynamical RAM for            rho*nmix:       5.84 MB

     Dynamical RAM for           G-vectors:       1.43 MB

     Dynamical RAM for          h,s,v(r/c):       0.06 MB

     Dynamical RAM for          <psi|beta>:       0.02 MB

     Dynamical RAM for                 psi:       0.84 MB

     Dynamical RAM for                hpsi:       0.84 MB

     Dynamical RAM for                spsi:       0.84 MB

     Dynamical RAM for      wfcinit/wfcrot:       1.33 MB

     Dynamical RAM for           addusdens:      72.99 MB

     Dynamical RAM for          addusforce:      73.91 MB

     Dynamical RAM for         addusstress:      82.11 MB

     Estimated static dynamical RAM per process >      26.86 MB

     Estimated max dynamical RAM per process >     114.81 MB

     Check: negative core charge=   -0.000003

     Initial potential from superposition of free atoms

     starting charge      43.9324, renormalised to      44.0000

     negative rho (up, down):  1.273E-01 0.000E+00
     Starting wfcs are   40 randomized atomic wfcs

     total cpu time spent up to now is        8.1 secs

     Self-consistent Calculation

     iteration #  1     ecut=    30.00 Ry     beta= 0.70
     Davidson diagonalization with overlap

---- Real-time Memory Report at c_bands before calling an iterative solver
           343 MiB given to the printing process from OS
             0 MiB allocation reported by mallinfo(arena+hblkhd)
        170666 MiB available memory on the node where the printing process lives
------------------
     ethr =  1.00E-02,  avg # of iterations =  4.0

     Threshold (ethr) on eigenvalues was too large:
     Diagonalizing with lowered threshold

     Davidson diagonalization with overlap

---- Real-time Memory Report at c_bands before calling an iterative solver
           360 MiB given to the printing process from OS
             0 MiB allocation reported by mallinfo(arena+hblkhd)
        170651 MiB available memory on the node where the printing process lives
------------------
     ethr =  4.72E-04,  avg # of iterations =  1.0

     negative rho (up, down):  1.282E-01 0.000E+00

     total cpu time spent up to now is       11.2 secs

     total energy              =    -433.43860569 Ry
     estimated scf accuracy    <       0.20398199 Ry

     iteration #  2     ecut=    30.00 Ry     beta= 0.70
     Davidson diagonalization with overlap

---- Real-time Memory Report at c_bands before calling an iterative solver
           381 MiB given to the printing process from OS
             0 MiB allocation reported by mallinfo(arena+hblkhd)
        170632 MiB available memory on the node where the printing process lives
------------------
     ethr =  4.64E-04,  avg # of iterations =  4.0

     negative rho (up, down):  1.292E-01 0.000E+00

     total cpu time spent up to now is       13.0 secs

     total energy              =    -433.47914658 Ry
     estimated scf accuracy    <       0.19785397 Ry

     iteration #  3     ecut=    30.00 Ry     beta= 0.70
     Davidson diagonalization with overlap

---- Real-time Memory Report at c_bands before calling an iterative solver
           384 MiB given to the printing process from OS
             0 MiB allocation reported by mallinfo(arena+hblkhd)
        170629 MiB available memory on the node where the printing process lives
------------------
     ethr =  4.50E-04,  avg # of iterations =  3.0

     negative rho (up, down):  1.302E-01 0.000E+00

     total cpu time spent up to now is       14.7 secs

     total energy              =    -433.51992800 Ry
     estimated scf accuracy    <       0.01003215 Ry

     iteration #  4     ecut=    30.00 Ry     beta= 0.70
     Davidson diagonalization with overlap

---- Real-time Memory Report at c_bands before calling an iterative solver
           386 MiB given to the printing process from OS
             0 MiB allocation reported by mallinfo(arena+hblkhd)
        170622 MiB available memory on the node where the printing process lives
------------------
     ethr =  2.28E-05,  avg # of iterations =  2.0

     negative rho (up, down):  1.306E-01 0.000E+00

     total cpu time spent up to now is       16.2 secs

     total energy              =    -433.52294950 Ry
     estimated scf accuracy    <       0.00322451 Ry

     iteration #  5     ecut=    30.00 Ry     beta= 0.70
     Davidson diagonalization with overlap

---- Real-time Memory Report at c_bands before calling an iterative solver
           386 MiB given to the printing process from OS
             0 MiB allocation reported by mallinfo(arena+hblkhd)
        170629 MiB available memory on the node where the printing process lives
------------------
     ethr =  7.33E-06,  avg # of iterations =  2.0

     negative rho (up, down):  1.306E-01 0.000E+00

     total cpu time spent up to now is       17.6 secs

     total energy              =    -433.52355883 Ry
     estimated scf accuracy    <       0.00006278 Ry

     iteration #  6     ecut=    30.00 Ry     beta= 0.70
     Davidson diagonalization with overlap

---- Real-time Memory Report at c_bands before calling an iterative solver
           386 MiB given to the printing process from OS
             0 MiB allocation reported by mallinfo(arena+hblkhd)
        170620 MiB available memory on the node where the printing process lives
------------------
     ethr =  1.43E-07,  avg # of iterations =  3.0

     negative rho (up, down):  1.306E-01 0.000E+00

     total cpu time spent up to now is       18.2 secs

     total energy              =    -433.52357557 Ry
     estimated scf accuracy    <       0.00000391 Ry

     iteration #  7     ecut=    30.00 Ry     beta= 0.70
     Davidson diagonalization with overlap

---- Real-time Memory Report at c_bands before calling an iterative solver
           386 MiB given to the printing process from OS
             0 MiB allocation reported by mallinfo(arena+hblkhd)
        170629 MiB available memory on the node where the printing process lives
------------------
     ethr =  8.89E-09,  avg # of iterations =  4.0

     negative rho (up, down):  1.306E-01 0.000E+00

     total cpu time spent up to now is       18.4 secs

     End of self-consistent calculation

          k = 0.0000 0.0000 0.0000 (  1043 PWs)   bands (ev):

   -97.2063 -48.1834 -48.1833 -48.1833 -26.0123 -25.9535  -8.1334  -8.1334
    -8.1334  -7.9032  -7.9032  -7.9031  -0.5019   5.2420   5.2421   5.2958
     5.2959   5.2959   5.7584   7.3572   7.3573   7.3574  11.4027  11.4028
    12.5326  12.5326

     occupation numbers 
     1.0000   1.0000   1.0000   1.0000   1.0000   1.0000   1.0000   1.0000
     1.0000   1.0000   1.0000   1.0000   1.0000   1.0000   1.0000   1.0000
     1.0000   1.0000   1.0000   1.0000   1.0000   1.0000  -0.0000  -0.0000
    -0.0000  -0.0000

     the Fermi energy is     9.2308 ev

!    total energy              =    -433.52357707 Ry
     estimated scf accuracy    <       0.00000018 Ry
     smearing contrib. (-TS)   =       0.00000000 Ry
     internal energy E=F+TS    =    -433.52357707 Ry

     The total energy is F=E-TS. E is the sum of the following terms:
     one-electron contribution =    -209.22884559 Ry
     hartree contribution      =     114.35043100 Ry
     xc contribution           =     -70.96734404 Ry
     ewald contribution        =    -267.67781844 Ry

     convergence has been achieved in   7 iterations

     negative rho (up, down):  1.306E-01 0.000E+00

     Forces acting on atoms (cartesian axes, Ry/au):

     atom    1 type  1   force =     0.00000000    0.00000000   -0.00000599
     atom    2 type  1   force =     0.00000000    0.00000000    0.00000599
     atom    3 type  2   force =     0.00000000    0.00000000   -0.00000000
     atom    4 type  3   force =     0.00000000    0.00000000   -0.00000000
     The non-local contrib.  to forces
     atom    1 type  1   force =    -0.00000000   -0.00000000   -0.00002207
     atom    2 type  1   force =     0.00000000    0.00000000    0.00002207
     atom    3 type  2   force =     0.00000000    0.00000000   -0.00000000
     atom    4 type  3   force =    -0.00000000   -0.00000000    0.00000000
     The ionic contribution  to forces
     atom    1 type  1   force =     0.00000000    0.00000000   -0.00000000
     atom    2 type  1   force =    -0.00000000    0.00000000   -0.00000000
     atom    3 type  2   force =     0.00000000   -0.00000000    0.00000000
     atom    4 type  3   force =    -0.00000000   -0.00000000    0.00000000
     The local contribution  to forces
     atom    1 type  1   force =     0.00000396   -0.00013533   -0.00013644
     atom    2 type  1   force =    -0.00002099    0.00018052    0.00004635
     atom    3 type  2   force =    -0.00000099    0.00004839   -0.00000019
     atom    4 type  3   force =     0.00012184   -0.00033017    0.00012825
     The core correction contribution to forces
     atom    1 type  1   force =    -0.00000257   -0.00000184   -0.00000308
     atom    2 type  1   force =     0.00000167    0.00000393   -0.00000239
     atom    3 type  2   force =    -0.00000024    0.00000373   -0.00000089
     atom    4 type  3   force =     0.00000000    0.00000000    0.00000000
     The Hubbard contrib.    to forces
     atom    1 type  1   force =     0.00000000    0.00000000    0.00000000
     atom    2 type  1   force =     0.00000000    0.00000000    0.00000000
     atom    3 type  2   force =     0.00000000    0.00000000    0.00000000
     atom    4 type  3   force =     0.00000000    0.00000000    0.00000000
     The SCF correction term to forces
     atom    1 type  1   force =    -0.00000734    0.00014104    0.00015141
     atom    2 type  1   force =     0.00002515   -0.00018162   -0.00006422
     atom    3 type  2   force =     0.00000224   -0.00002969   -0.00001015
     atom    4 type  3   force =    -0.00009802    0.00033404   -0.00011261

     Total force =     0.000008     Total SCF correction =     0.000464
     SCF correction compared to forces is large: reduce conv_thr to get better values


     Computing stress (Cartesian axis) and pressure


     negative rho (up, down):  1.306E-01 0.000E+00
          total   stress  (Ry/bohr**3)                   (kbar)     P=     -266.65
  -0.00181270  -0.00000000  -0.00000000         -266.66       -0.00       -0.00
   0.00000000  -0.00181270   0.00000000            0.00     -266.66        0.00
  -0.00000000   0.00000000  -0.00181260           -0.00        0.00     -266.64

     kinetic stress (kbar)  16551.97      0.00      0.00
                                0.00  16551.97     -0.00
                                0.00     -0.00  16551.96

     local   stress (kbar)  -9632.60      0.01      0.00
                                0.01  -9632.49     -0.03
                                0.00     -0.03  -9632.41

     nonloc. stress (kbar)   6089.84      0.00      0.00
                                0.00   6089.84     -0.00
                                0.00     -0.00   6089.83

     hartree stress (kbar)   7355.60     -0.01     -0.00
                               -0.01   7355.54      0.03
                               -0.00      0.03   7355.48

     exc-cor stress (kbar)   1615.95     -0.00      0.00
                               -0.00   1615.95     -0.00
                                0.00     -0.00   1615.95

     corecor stress (kbar)  -5029.19      0.00     -0.00
                                0.00  -5029.19      0.00
                               -0.00      0.00  -5029.19

     ewald   stress (kbar) -17218.25     -0.00      0.00
                               -0.00 -17218.25      0.00
                                0.00      0.00 -17218.25

     hubbard stress (kbar)      0.00      0.00      0.00
                                0.00      0.00      0.00
                                0.00      0.00      0.00

     DFT-D   stress (kbar)      0.00      0.00      0.00
                                0.00      0.00      0.00
                                0.00      0.00      0.00

     XDM     stress (kbar)      0.00      0.00      0.00
                                0.00      0.00      0.00
                                0.00      0.00      0.00

     dft-nl  stress (kbar)      0.00      0.00      0.00
                                0.00      0.00      0.00
                                0.00      0.00      0.00

     TS-vdW  stress (kbar)      0.00      0.00      0.00
                                0.00      0.00      0.00
                                0.00      0.00      0.00


                                0.00      0.00      0.00
                                0.00      0.00      0.00


                                0.00      0.00      0.00


     Writing all to output data dir new_calculations/myprefix.save/
 
     init_run     :    181.02s CPU      7.98s WALL (       1 calls)
     electrons    :    273.31s CPU     10.33s WALL (       1 calls)
     forces       :      1.67s CPU      0.06s WALL (       1 calls)
     stress       :      4.65s CPU      0.16s WALL (       1 calls)

     Called by init_run:
     wfcinit      :     66.60s CPU      2.67s WALL (       1 calls)
     wfcinit:atom :      0.02s CPU      0.00s WALL (       1 calls)
     wfcinit:wfcr :     66.49s CPU      2.67s WALL (       1 calls)
     potinit      :     39.45s CPU      1.68s WALL (       1 calls)
     hinit0       :     73.57s CPU      3.57s WALL (       1 calls)

     Called by electrons:
     c_bands      :    199.64s CPU      7.52s WALL (       8 calls)
     sum_band     :     57.87s CPU      2.23s WALL (       8 calls)
     v_of_rho     :      4.42s CPU      0.17s WALL (       8 calls)
     v_h          :      0.36s CPU      0.01s WALL (       8 calls)
     v_xc         :      4.80s CPU      0.18s WALL (      10 calls)
     newd         :     10.86s CPU      0.41s WALL (       8 calls)
     mix_rho      :      0.70s CPU      0.03s WALL (       8 calls)

     Called by c_bands:
     init_us_2    :      0.16s CPU      0.01s WALL (      17 calls)
     init_us_2:cp :      0.14s CPU      0.01s WALL (      17 calls)
     regterg      :    199.16s CPU      7.50s WALL (       8 calls)

     Called by sum_band:
     sum_band:wei :      0.01s CPU      0.00s WALL (       8 calls)
     sum_band:loo :     41.64s CPU      1.54s WALL (       8 calls)
     sum_band:buf :      0.01s CPU      0.00s WALL (       8 calls)
     sum_band:ini :      0.09s CPU      0.00s WALL (       8 calls)
     sum_band:cal :      4.24s CPU      0.16s WALL (       8 calls)
     sum_band:bec :      0.09s CPU      0.00s WALL (       8 calls)
     addusdens    :     15.63s CPU      0.66s WALL (       8 calls)
     addusd:skk   :      0.15s CPU      0.01s WALL (      16 calls)
     addusd:dgemm :      2.30s CPU      0.17s WALL (      16 calls)
     addusd:qvan2 :     12.54s CPU      0.46s WALL (      16 calls)

     Called by *egterg:
     rdiaghg      :      0.89s CPU      0.03s WALL (      30 calls)
     regterg:over :     11.19s CPU      0.42s WALL (      23 calls)
     regterg:upda :      0.39s CPU      0.01s WALL (      23 calls)
     regterg:last :      0.23s CPU      0.01s WALL (      15 calls)
     h_psi        :    244.67s CPU      9.37s WALL (      32 calls)
     s_psi        :      0.10s CPU      0.00s WALL (      32 calls)
     g_psi        :      0.05s CPU      0.00s WALL (      23 calls)

     Called by h_psi:
     h_psi:calbec :     12.00s CPU      0.45s WALL (      32 calls)
     vloc_psi     :    231.68s CPU      8.88s WALL (      32 calls)
     add_vuspsi   :      0.80s CPU      0.03s WALL (      32 calls)

     General routines
     calbec       :     16.20s CPU      0.61s WALL (      45 calls)
     fft          :     65.29s CPU      2.88s WALL (     107 calls)
     ffts         :     38.71s CPU      1.64s WALL (      16 calls)
     fftw         :    264.66s CPU     10.09s WALL (     648 calls)
     interpolate  :     38.92s CPU      1.65s WALL (       8 calls)
 
     Parallel routines
 
     PWSCF        :   7m48.42s CPU     19.01s WALL

 
   This run was terminated on:  10: 0: 4  21May2023            

=------------------------------------------------------------------------------=
   JOB DONE.
=------------------------------------------------------------------------------=
