
     Program PWSCF v.7.0 starts on 20May2023 at  6:30:39 

     This program is part of the open-source Quantum ESPRESSO suite
     for quantum simulation of materials; please cite
         "P. Giannozzi et al., J. Phys.:Condens. Matter 21 395502 (2009);
         "P. Giannozzi et al., J. Phys.:Condens. Matter 29 465901 (2017);
         "P. Giannozzi et al., J. Chem. Phys. 152 154105 (2020);
          URL http://www.quantum-espresso.org", 
     in publications or presentations arising from this work. More details at
     http://www.quantum-espresso.org/quote

     Parallel version (MPI & OpenMP), running on      32 processor cores
     Number of MPI processes:                 1
     Threads/MPI process:                    32

     MPI processes distributed on     1 nodes
     110997 MiB available memory on the printing compute node when the environment starts
 
     Reading input from espresso_3210.pwi
Warning: card &CELL ignored
Warning: card / ignored

     Current dimensions of program PWSCF are:
     Max number of different atomic species (ntypx) = 10
     Max number of k-points (npk) =  40000
     Max angular momentum in pseudopotentials (lmaxx) =  4
     file Cd.pbe-dn-rrkjus_psl.0.3.1.UPF: wavefunction(s)  4D renormalized

     gamma-point specific algorithms are used
     Message from routine setup:
     using ibrav=0 with symmetry is DISCOURAGED, use correct ibrav instead

     Subspace diagonalization in iterative solution of the eigenvalue problem:
     a serial algorithm will be used

 
     G-vector sticks info
     --------------------
     sticks:   dense  smooth     PW     G-vecs:    dense   smooth      PW
     Sum        1945     967    241                56833    19987    2445
 
     Using Slab Decomposition
 


     bravais-lattice index     =            0
     lattice parameter (alat)  =      10.8483  a.u.
     unit-cell volume          =     902.7594 (a.u.)^3
     number of atoms/cell      =            4
     number of atomic types    =            3
     number of electrons       =        46.00
     number of Kohn-Sham states=           28
     kinetic-energy cutoff     =      30.0000  Ry
     charge density cutoff     =     240.0000  Ry
     scf convergence threshold =      1.0E-06
     mixing beta               =       0.7000
     number of iterations used =            8  plain     mixing
     Exchange-correlation= SLA  PW   PBE  PBE
                           (   1   4   3   4   0   0   0)

     celldm(1)=  10.848316  celldm(2)=   0.000000  celldm(3)=   0.000000
     celldm(4)=   0.000000  celldm(5)=   0.000000  celldm(6)=   0.000000

     crystal axes: (cart. coord. in units of alat)
               a(1) = (   1.000000   0.000000   0.000000 )  
               a(2) = (   0.500000   0.866025   0.000000 )  
               a(3) = (   0.500000   0.288675   0.816497 )  

     reciprocal axes: (cart. coord. in units 2 pi/alat)
               b(1) = (  1.000000 -0.577350 -0.408248 )  
               b(2) = (  0.000000  1.154701 -0.408248 )  
               b(3) = (  0.000000  0.000000  1.224745 )  


     PseudoPot. # 1 for Sr read from file:
     /home/pragov/projects/rrg-bengioy-ad/pragov/crystal_structure_design/SSSP/Sr_pbe_v1.uspp.F.UPF
     MD5 check sum: 6b418c05fbe9db5448babca5e47b7a5b
     Pseudo is Ultrasoft + core correction, Zval = 10.0
     Generated by new atomic code, or converted to UPF format
     Using radial grid of  883 points,  6 beta functions with: 
                l(1) =   0
                l(2) =   0
                l(3) =   1
                l(4) =   1
                l(5) =   2
                l(6) =   2
     Q(r) pseudized with  6 coefficients,  rinner =    1.400   1.400   1.400
                                                       1.400   1.400

     PseudoPot. # 2 for Cd read from file:
     /home/pragov/projects/rrg-bengioy-ad/pragov/crystal_structure_design/SSSP/Cd.pbe-dn-rrkjus_psl.0.3.1.UPF
     MD5 check sum: 558e9f355611b531a870a69ef6ace9e2
     Pseudo is Ultrasoft + core correction, Zval = 12.0
     Generated using "atomic" code by A. Dal Corso  v.5.0.99 svn rev. 10869
     Using radial grid of 1239 points,  6 beta functions with: 
                l(1) =   0
                l(2) =   0
                l(3) =   1
                l(4) =   1
                l(5) =   2
                l(6) =   2
     Q(r) pseudized with 0 coefficients 


     PseudoPot. # 3 for Sn read from file:
     /home/pragov/projects/rrg-bengioy-ad/pragov/crystal_structure_design/SSSP/Sn_pbe_v1.uspp.F.UPF
     MD5 check sum: 4cf58ce39ec5d5d420df3dd08604eb00
     Pseudo is Ultrasoft + core correction, Zval = 14.0
     Generated by new atomic code, or converted to UPF format
     Using radial grid of  891 points,  6 beta functions with: 
                l(1) =   0
                l(2) =   0
                l(3) =   1
                l(4) =   1
                l(5) =   2
                l(6) =   2
     Q(r) pseudized with  6 coefficients,  rinner =    1.200   1.200   1.200
                                                       1.200   1.200

     atomic species   valence    mass     pseudopotential
        Sr            10.00    87.62000     Sr( 1.00)
        Cd            12.00   112.41400     Cd( 1.00)
        Sn            14.00   118.71000     Sn( 1.00)

     12 Sym. Ops., with inversion, found


                                    s                        frac. trans.

      isym =  1     identity                                     

 cryst.   s( 1) = (     1          0          0      )
                  (     0          1          0      )
                  (     0          0          1      )

 cart.    s( 1) = (  1.0000000  0.0000000  0.0000000 )
                  (  0.0000000  1.0000000 -0.0000000 )
                  (  0.0000000  0.0000000  1.0000000 )


      isym =  2     180 deg rotation - cart. axis [1,0,0]        

 cryst.   s( 2) = (     1          0          0      )
                  (     1         -1          0      )
                  (     1          0         -1      )

 cart.    s( 2) = (  1.0000000  0.0000000  0.0000000 )
                  (  0.0000000 -1.0000000  0.0000000 )
                  (  0.0000000  0.0000000 -1.0000000 )


      isym =  3     120 deg rotation - cryst. axis [0,0,1]       

 cryst.   s( 3) = (    -1          1          0      )
                  (    -1          0          0      )
                  (    -1          0          1      )

 cart.    s( 3) = ( -0.5000000 -0.8660254  0.0000000 )
                  (  0.8660254 -0.5000000  0.0000000 )
                  (  0.0000000  0.0000000  1.0000000 )


      isym =  4     120 deg rotation - cryst. axis [0,0,-1]      

 cryst.   s( 4) = (     0         -1          0      )
                  (     1         -1          0      )
                  (     0         -1          1      )

 cart.    s( 4) = ( -0.5000000  0.8660254 -0.0000000 )
                  ( -0.8660254 -0.5000000  0.0000000 )
                  (  0.0000000  0.0000000  1.0000000 )


      isym =  5     180 deg rotation - cryst. axis [0,1,0]       

 cryst.   s( 5) = (     0         -1          0      )
                  (    -1          0          0      )
                  (     0          0         -1      )

 cart.    s( 5) = ( -0.5000000 -0.8660254  0.0000000 )
                  ( -0.8660254  0.5000000 -0.0000000 )
                  (  0.0000000  0.0000000 -1.0000000 )


      isym =  6     180 deg rotation - cryst. axis [1,1,0]       

 cryst.   s( 6) = (    -1          1          0      )
                  (     0          1          0      )
                  (     0          1         -1      )

 cart.    s( 6) = ( -0.5000000  0.8660254 -0.0000000 )
                  (  0.8660254  0.5000000 -0.0000000 )
                  (  0.0000000  0.0000000 -1.0000000 )


      isym =  7     inversion                                    

 cryst.   s( 7) = (    -1          0          0      )
                  (     0         -1          0      )
                  (     0          0         -1      )

 cart.    s( 7) = ( -1.0000000  0.0000000  0.0000000 )
                  (  0.0000000 -1.0000000  0.0000000 )
                  (  0.0000000  0.0000000 -1.0000000 )


      isym =  8     inv. 180 deg rotation - cart. axis [1,0,0]   

 cryst.   s( 8) = (    -1          0          0      )
                  (    -1          1          0      )
                  (    -1          0          1      )

 cart.    s( 8) = ( -1.0000000  0.0000000  0.0000000 )
                  (  0.0000000  1.0000000 -0.0000000 )
                  (  0.0000000  0.0000000  1.0000000 )


      isym =  9     inv. 120 deg rotation - cryst. axis [0,0,1]  

 cryst.   s( 9) = (     1         -1          0      )
                  (     1          0          0      )
                  (     1          0         -1      )

 cart.    s( 9) = (  0.5000000  0.8660254 -0.0000000 )
                  ( -0.8660254  0.5000000 -0.0000000 )
                  (  0.0000000  0.0000000 -1.0000000 )


      isym = 10     inv. 120 deg rotation - cryst. axis [0,0,-1] 

 cryst.   s(10) = (     0          1          0      )
                  (    -1          1          0      )
                  (     0          1         -1      )

 cart.    s(10) = (  0.5000000 -0.8660254  0.0000000 )
                  (  0.8660254  0.5000000 -0.0000000 )
                  (  0.0000000  0.0000000 -1.0000000 )


      isym = 11     inv. 180 deg rotation - cryst. axis [0,1,0]  

 cryst.   s(11) = (     0          1          0      )
                  (     1          0          0      )
                  (     0          0          1      )

 cart.    s(11) = (  0.5000000  0.8660254 -0.0000000 )
                  (  0.8660254 -0.5000000  0.0000000 )
                  (  0.0000000  0.0000000  1.0000000 )


      isym = 12     inv. 180 deg rotation - cryst. axis [1,1,0]  

 cryst.   s(12) = (     1         -1          0      )
                  (     0         -1          0      )
                  (     0         -1          1      )

 cart.    s(12) = (  0.5000000 -0.8660254  0.0000000 )
                  ( -0.8660254 -0.5000000  0.0000000 )
                  (  0.0000000  0.0000000  1.0000000 )


   Cartesian axes

     site n.     atom                  positions (alat units)
         1           Sr  tau(   1) = (   1.5000000   0.8660254   0.6123724  )
         2           Sr  tau(   2) = (   0.5000000   0.2886751   0.2041241  )
         3           Cd  tau(   3) = (   1.0000000   0.5773503   0.4082483  )
         4           Sn  tau(   4) = (   0.0000000   0.0000000   0.0000000  )

   Crystallographic axes

     site n.     atom                  positions (cryst. coord.)
         1           Sr  tau(   1) = (  0.7500000  0.7500000  0.7500000  )
         2           Sr  tau(   2) = (  0.2500000  0.2500000  0.2500000  )
         3           Cd  tau(   3) = (  0.5000000  0.5000000  0.5000000  )
         4           Sn  tau(   4) = (  0.0000000  0.0000000  0.0000000  )

     number of k points=     1  Methfessel-Paxton smearing, width (Ry)=  0.0010
                       cart. coord. in units 2pi/alat
        k(    1) = (   0.0000000   0.0000000   0.0000000), wk =   2.0000000

                       cryst. coord.
        k(    1) = (   0.0000000   0.0000000   0.0000000), wk =   2.0000000

     Dense  grid:    28417 G-vectors     FFT dimensions: (  54,  54,  54)

     Smooth grid:     9994 G-vectors     FFT dimensions: (  40,  40,  40)

     Dynamical RAM for                 wfc:       0.53 MB

     Dynamical RAM for     wfc (w. buffer):       0.53 MB

     Dynamical RAM for           str. fact:       1.30 MB

     Dynamical RAM for           local pot:       0.00 MB

     Dynamical RAM for          nlocal pot:       1.38 MB

     Dynamical RAM for                qrad:       3.73 MB

     Dynamical RAM for          rho,v,vnew:       4.90 MB

     Dynamical RAM for               rhoin:       1.63 MB

     Dynamical RAM for            rho*nmix:       6.94 MB

     Dynamical RAM for           G-vectors:       1.70 MB

     Dynamical RAM for          h,s,v(r/c):       0.07 MB

     Dynamical RAM for          <psi|beta>:       0.02 MB

     Dynamical RAM for                 psi:       1.07 MB

     Dynamical RAM for                hpsi:       1.07 MB

     Dynamical RAM for                spsi:       1.07 MB

     Dynamical RAM for      wfcinit/wfcrot:       1.73 MB

     Dynamical RAM for           addusdens:      81.52 MB

     Dynamical RAM for          addusforce:      82.61 MB

     Dynamical RAM for         addusstress:      87.16 MB

     Estimated static dynamical RAM per process >      22.93 MB

     Estimated max dynamical RAM per process >     117.02 MB

     Check: negative core charge=   -0.000003

     Initial potential from superposition of free atoms

     starting charge      44.9278, renormalised to      46.0000

     negative rho (up, down):  1.282E-01 0.000E+00
     Starting wfcs are   44 randomized atomic wfcs

     total cpu time spent up to now is        7.5 secs

     Self-consistent Calculation

     iteration #  1     ecut=    30.00 Ry     beta= 0.70
     Davidson diagonalization with overlap

---- Real-time Memory Report at c_bands before calling an iterative solver
           327 MiB given to the printing process from OS
             0 MiB allocation reported by mallinfo(arena+hblkhd)
        110922 MiB available memory on the node where the printing process lives
------------------
     ethr =  1.00E-02,  avg # of iterations =  2.0

     negative rho (up, down):  1.245E-01 0.000E+00

     total cpu time spent up to now is        8.0 secs

     total energy              =    -425.80987661 Ry
     estimated scf accuracy    <       0.48759408 Ry

     iteration #  2     ecut=    30.00 Ry     beta= 0.70
     Davidson diagonalization with overlap

---- Real-time Memory Report at c_bands before calling an iterative solver
           355 MiB given to the printing process from OS
             0 MiB allocation reported by mallinfo(arena+hblkhd)
        110888 MiB available memory on the node where the printing process lives
------------------
     ethr =  1.06E-03,  avg # of iterations =  2.0

     negative rho (up, down):  1.262E-01 0.000E+00

     total cpu time spent up to now is        8.6 secs

     total energy              =    -425.89773717 Ry
     estimated scf accuracy    <       0.22851851 Ry

     iteration #  3     ecut=    30.00 Ry     beta= 0.70
     Davidson diagonalization with overlap

---- Real-time Memory Report at c_bands before calling an iterative solver
           364 MiB given to the printing process from OS
             0 MiB allocation reported by mallinfo(arena+hblkhd)
        110889 MiB available memory on the node where the printing process lives
------------------
     ethr =  4.97E-04,  avg # of iterations =  3.0

     negative rho (up, down):  1.273E-01 0.000E+00

     total cpu time spent up to now is        9.1 secs

     total energy              =    -425.96848301 Ry
     estimated scf accuracy    <       0.03505709 Ry

     iteration #  4     ecut=    30.00 Ry     beta= 0.70
     Davidson diagonalization with overlap

---- Real-time Memory Report at c_bands before calling an iterative solver
           364 MiB given to the printing process from OS
             0 MiB allocation reported by mallinfo(arena+hblkhd)
        110889 MiB available memory on the node where the printing process lives
------------------
     ethr =  7.62E-05,  avg # of iterations =  4.0

     negative rho (up, down):  1.273E-01 0.000E+00

     total cpu time spent up to now is        9.7 secs

     total energy              =    -425.97429245 Ry
     estimated scf accuracy    <       0.00116496 Ry

     iteration #  5     ecut=    30.00 Ry     beta= 0.70
     Davidson diagonalization with overlap

---- Real-time Memory Report at c_bands before calling an iterative solver
           364 MiB given to the printing process from OS
             0 MiB allocation reported by mallinfo(arena+hblkhd)
        110893 MiB available memory on the node where the printing process lives
------------------
     ethr =  2.53E-06,  avg # of iterations =  4.0

     negative rho (up, down):  1.270E-01 0.000E+00

     total cpu time spent up to now is       10.6 secs

     total energy              =    -425.97472638 Ry
     estimated scf accuracy    <       0.00022559 Ry

     iteration #  6     ecut=    30.00 Ry     beta= 0.70
     Davidson diagonalization with overlap

---- Real-time Memory Report at c_bands before calling an iterative solver
           366 MiB given to the printing process from OS
             0 MiB allocation reported by mallinfo(arena+hblkhd)
        110899 MiB available memory on the node where the printing process lives
------------------
     ethr =  4.90E-07,  avg # of iterations =  3.0

     negative rho (up, down):  1.269E-01 0.000E+00

     total cpu time spent up to now is       11.1 secs

     total energy              =    -425.97477093 Ry
     estimated scf accuracy    <       0.00002478 Ry

     iteration #  7     ecut=    30.00 Ry     beta= 0.70
     Davidson diagonalization with overlap

---- Real-time Memory Report at c_bands before calling an iterative solver
           366 MiB given to the printing process from OS
             0 MiB allocation reported by mallinfo(arena+hblkhd)
        110893 MiB available memory on the node where the printing process lives
------------------
     ethr =  5.39E-08,  avg # of iterations =  4.0

     negative rho (up, down):  1.269E-01 0.000E+00

     total cpu time spent up to now is       11.7 secs

     total energy              =    -425.97477547 Ry
     estimated scf accuracy    <       0.00000158 Ry

     iteration #  8     ecut=    30.00 Ry     beta= 0.70
     Davidson diagonalization with overlap

---- Real-time Memory Report at c_bands before calling an iterative solver
           366 MiB given to the printing process from OS
             0 MiB allocation reported by mallinfo(arena+hblkhd)
        110898 MiB available memory on the node where the printing process lives
------------------
     ethr =  3.44E-09,  avg # of iterations =  4.0

     negative rho (up, down):  1.269E-01 0.000E+00

     total cpu time spent up to now is       12.3 secs

     End of self-consistent calculation

          k = 0.0000 0.0000 0.0000 (  1223 PWs)   bands (ev):

   -27.7505 -27.7224 -12.2564 -12.2564 -12.2563 -12.2252 -12.2252  -9.8124
    -9.8123  -9.8123  -9.6884  -9.6883  -9.6883  -0.2851  -0.2851  -0.2851
    -0.2529  -0.2529   0.9221   5.5040   6.6875   6.6875   6.6876   9.4764
     9.4765  11.0199  11.0199  11.0200

     occupation numbers 
     1.0000   1.0000   1.0000   1.0000   1.0000   1.0000   1.0000   1.0000
     1.0000   1.0000   1.0000   1.0000   1.0000   1.0000   1.0000   1.0000
     1.0000   1.0000   1.0000   1.0000   1.0000   1.0000   1.0000  -0.0000
    -0.0000  -0.0000  -0.0000  -0.0000

     the Fermi energy is     8.7159 ev

!    total energy              =    -425.97477615 Ry
     estimated scf accuracy    <       0.00000025 Ry
     smearing contrib. (-TS)   =       0.00000000 Ry
     internal energy E=F+TS    =    -425.97477615 Ry

     The total energy is F=E-TS. E is the sum of the following terms:
     one-electron contribution =    -142.70612580 Ry
     hartree contribution      =      97.43021124 Ry
     xc contribution           =    -126.88727432 Ry
     ewald contribution        =    -253.81158727 Ry

     convergence has been achieved in   8 iterations

     negative rho (up, down):  1.269E-01 0.000E+00

     Forces acting on atoms (cartesian axes, Ry/au):

     atom    1 type  1   force =    -0.00000000    0.00000000   -0.00000736
     atom    2 type  1   force =    -0.00000000    0.00000000    0.00000736
     atom    3 type  2   force =     0.00000000    0.00000000    0.00000000
     atom    4 type  3   force =    -0.00000000    0.00000000   -0.00000000
     The non-local contrib.  to forces
     atom    1 type  1   force =     0.00000000    0.00000000    0.00000178
     atom    2 type  1   force =     0.00000000    0.00000000   -0.00000178
     atom    3 type  2   force =    -0.00000000    0.00000000    0.00000000
     atom    4 type  3   force =    -0.00000000    0.00000000    0.00000000
     The ionic contribution  to forces
     atom    1 type  1   force =     0.00000000    0.00000000    0.00000000
     atom    2 type  1   force =    -0.00000000    0.00000000   -0.00000000
     atom    3 type  2   force =    -0.00000000   -0.00000000    0.00000000
     atom    4 type  3   force =    -0.00000000    0.00000000   -0.00000000
     The local contribution  to forces
     atom    1 type  1   force =     0.00006938    0.00008467   -0.00002748
     atom    2 type  1   force =     0.00003506   -0.00001767    0.00004284
     atom    3 type  2   force =    -0.00080847   -0.00016376    0.00020674
     atom    4 type  3   force =     0.00110711    0.00028045   -0.00020235
     The core correction contribution to forces
     atom    1 type  1   force =     0.00000604    0.00000471    0.00000060
     atom    2 type  1   force =    -0.00000005    0.00000076    0.00000210
     atom    3 type  2   force =    -0.00002032   -0.00000391    0.00000440
     atom    4 type  3   force =     0.00002778    0.00000756   -0.00000510
     The Hubbard contrib.    to forces
     atom    1 type  1   force =     0.00000000    0.00000000    0.00000000
     atom    2 type  1   force =     0.00000000    0.00000000    0.00000000
     atom    3 type  2   force =     0.00000000    0.00000000    0.00000000
     atom    4 type  3   force =     0.00000000    0.00000000    0.00000000
     The SCF correction term to forces
     atom    1 type  1   force =    -0.00003273   -0.00006110    0.00001874
     atom    2 type  1   force =    -0.00001230    0.00001893   -0.00003480
     atom    3 type  2   force =     0.00093358    0.00019102   -0.00023656
     atom    4 type  3   force =    -0.00126827   -0.00035626    0.00024309

     Total force =     0.000010     Total SCF correction =     0.001663
     SCF correction compared to forces is large: reduce conv_thr to get better values


     Computing stress (Cartesian axis) and pressure


     negative rho (up, down):  1.269E-01 0.000E+00
          total   stress  (Ry/bohr**3)                   (kbar)     P=     -125.36
  -0.00085217   0.00000000   0.00000000         -125.36        0.00        0.00
   0.00000000  -0.00085217   0.00000000            0.00     -125.36        0.00
   0.00000000   0.00000000  -0.00085225            0.00        0.00     -125.37

     kinetic stress (kbar)  11036.18      0.00      0.00
                                0.00  11036.18     -0.00
                                0.00     -0.00  11036.18

     local   stress (kbar)  -3084.71      0.01     -0.02
                                0.01  -3084.71     -0.01
                               -0.02     -0.01  -3084.72

     nonloc. stress (kbar)   4195.56     -0.00     -0.00
                               -0.00   4195.56     -0.00
                               -0.00     -0.00   4195.56

     hartree stress (kbar)   5292.10     -0.00      0.01
                               -0.00   5292.10      0.01
                                0.01      0.01   5292.10

     exc-cor stress (kbar)   8362.95     -0.00      0.00
                               -0.00   8362.95      0.00
                                0.00      0.00   8362.95

     corecor stress (kbar) -12141.20      0.00     -0.00
                                0.00 -12141.20     -0.00
                               -0.00     -0.00 -12141.20

     ewald   stress (kbar) -13786.24     -0.00     -0.00
                               -0.00 -13786.24      0.00
                               -0.00      0.00 -13786.24

     hubbard stress (kbar)      0.00      0.00      0.00
                                0.00      0.00      0.00
                                0.00      0.00      0.00

     DFT-D   stress (kbar)      0.00      0.00      0.00
                                0.00      0.00      0.00
                                0.00      0.00      0.00

     XDM     stress (kbar)      0.00      0.00      0.00
                                0.00      0.00      0.00
                                0.00      0.00      0.00

     dft-nl  stress (kbar)      0.00      0.00      0.00
                                0.00      0.00      0.00
                                0.00      0.00      0.00

     TS-vdW  stress (kbar)      0.00      0.00      0.00
                                0.00      0.00      0.00
                                0.00      0.00      0.00


                                0.00      0.00      0.00
                                0.00      0.00      0.00


                                0.00      0.00      0.00


     Writing all to output data dir new_calculations/myprefix.save/
 
     init_run     :    175.23s CPU      7.23s WALL (       1 calls)
     electrons    :    145.15s CPU      4.83s WALL (       1 calls)
     forces       :      7.66s CPU      0.26s WALL (       1 calls)
     stress       :     20.62s CPU      0.69s WALL (       1 calls)

     Called by init_run:
     wfcinit      :     42.09s CPU      1.40s WALL (       1 calls)
     wfcinit:atom :      0.07s CPU      0.00s WALL (       1 calls)
     wfcinit:wfcr :     41.90s CPU      1.39s WALL (       1 calls)
     potinit      :     46.99s CPU      1.65s WALL (       1 calls)
     hinit0       :     77.59s CPU      3.87s WALL (       1 calls)

     Called by electrons:
     c_bands      :     52.78s CPU      1.69s WALL (       8 calls)
     sum_band     :     31.70s CPU      1.09s WALL (       8 calls)
     v_of_rho     :      5.11s CPU      0.17s WALL (       9 calls)
     v_h          :      0.37s CPU      0.01s WALL (       9 calls)
     v_xc         :      5.46s CPU      0.18s WALL (      11 calls)
     newd         :     61.91s CPU      2.09s WALL (       9 calls)
     mix_rho      :      0.94s CPU      0.03s WALL (       8 calls)

     Called by c_bands:
     init_us_2    :      0.17s CPU      0.01s WALL (      17 calls)
     init_us_2:cp :      0.14s CPU      0.01s WALL (      17 calls)
     regterg      :     52.18s CPU      1.67s WALL (       8 calls)

     Called by sum_band:
     sum_band:wei :      0.01s CPU      0.00s WALL (       8 calls)
     sum_band:loo :      7.09s CPU      0.22s WALL (       8 calls)
     sum_band:buf :      0.01s CPU      0.00s WALL (       8 calls)
     sum_band:ini :      0.07s CPU      0.00s WALL (       8 calls)
     sum_band:cal :      0.03s CPU      0.00s WALL (       8 calls)
     sum_band:bec :      0.01s CPU      0.00s WALL (       8 calls)
     addusdens    :     23.96s CPU      0.85s WALL (       8 calls)
     addusd:skk   :      0.07s CPU      0.00s WALL (      24 calls)
     addusd:dgemm :      5.71s CPU      0.25s WALL (      24 calls)
     addusd:qvan2 :     13.89s CPU      0.45s WALL (      24 calls)

     Called by *egterg:
     rdiaghg      :      1.04s CPU      0.03s WALL (      34 calls)
     regterg:over :      0.08s CPU      0.00s WALL (      26 calls)
     regterg:upda :      0.13s CPU      0.00s WALL (      26 calls)
     regterg:last :      0.26s CPU      0.01s WALL (      17 calls)
     h_psi        :     91.49s CPU      2.97s WALL (      35 calls)
     s_psi        :      0.04s CPU      0.00s WALL (      35 calls)
     g_psi        :      0.03s CPU      0.00s WALL (      26 calls)

     Called by h_psi:
     h_psi:calbec :      0.18s CPU      0.01s WALL (      35 calls)
     vloc_psi     :     91.04s CPU      2.96s WALL (      35 calls)
     add_vuspsi   :      0.09s CPU      0.00s WALL (      35 calls)

     General routines
     calbec       :      0.17s CPU      0.01s WALL (      48 calls)
     fft          :     68.33s CPU      2.76s WALL (     117 calls)
     ffts         :     46.15s CPU      1.62s WALL (      17 calls)
     fftw         :     93.23s CPU      3.02s WALL (     742 calls)
     interpolate  :     46.49s CPU      1.63s WALL (       9 calls)
 
     Parallel routines
 
     PWSCF        :   5m56.64s CPU     14.49s WALL

 
   This run was terminated on:   6:30:54  20May2023            

=------------------------------------------------------------------------------=
   JOB DONE.
=------------------------------------------------------------------------------=
