
     Program PWSCF v.7.0 starts on 20May2023 at 11: 7:36 

     This program is part of the open-source Quantum ESPRESSO suite
     for quantum simulation of materials; please cite
         "P. Giannozzi et al., J. Phys.:Condens. Matter 21 395502 (2009);
         "P. Giannozzi et al., J. Phys.:Condens. Matter 29 465901 (2017);
         "P. Giannozzi et al., J. Chem. Phys. 152 154105 (2020);
          URL http://www.quantum-espresso.org", 
     in publications or presentations arising from this work. More details at
     http://www.quantum-espresso.org/quote

     Parallel version (MPI & OpenMP), running on      32 processor cores
     Number of MPI processes:                 1
     Threads/MPI process:                    32

     MPI processes distributed on     1 nodes
     76864 MiB available memory on the printing compute node when the environment starts
 
     Reading input from espresso_14310.pwi
Warning: card &CELL ignored
Warning: card / ignored

     Current dimensions of program PWSCF are:
     Max number of different atomic species (ntypx) = 10
     Max number of k-points (npk) =  40000
     Max angular momentum in pseudopotentials (lmaxx) =  4

     gamma-point specific algorithms are used
     Message from routine setup:
     using ibrav=0 with symmetry is DISCOURAGED, use correct ibrav instead

     Subspace diagonalization in iterative solution of the eigenvalue problem:
     a serial algorithm will be used

 
     G-vector sticks info
     --------------------
     sticks:   dense  smooth     PW     G-vecs:    dense   smooth      PW
     Sum         367     187     43                16415     5825     701
 
     Using Slab Decomposition
 


     bravais-lattice index     =            0
     lattice parameter (alat)  =       4.7488  a.u.
     unit-cell volume          =     261.3561 (a.u.)^3
     number of atoms/cell      =            4
     number of atomic types    =            2
     number of electrons       =        16.00
     number of Kohn-Sham states=           12
     kinetic-energy cutoff     =      30.0000  Ry
     charge density cutoff     =     240.0000  Ry
     scf convergence threshold =      1.0E-06
     mixing beta               =       0.7000
     number of iterations used =            8  plain     mixing
     Exchange-correlation= PBE
                           (   1   4   3   4   0   0   0)

     celldm(1)=   4.748843  celldm(2)=   0.000000  celldm(3)=   0.000000
     celldm(4)=   0.000000  celldm(5)=   0.000000  celldm(6)=   0.000000

     crystal axes: (cart. coord. in units of alat)
               a(1) = (   1.000000   0.000000   0.000000 )  
               a(2) = (  -0.500000   0.866026   0.000000 )  
               a(3) = (   0.000000   0.000000   2.817984 )  

     reciprocal axes: (cart. coord. in units 2 pi/alat)
               b(1) = (  1.000000  0.577350  0.000000 )  
               b(2) = (  0.000000  1.154700  0.000000 )  
               b(3) = (  0.000000  0.000000  0.354864 )  


     PseudoPot. # 1 for B  read from file:
     /home/pragov/projects/rrg-bengioy-ad/pragov/crystal_structure_design/SSSP/b_pbe_v1.4.uspp.F.UPF
     MD5 check sum: cc6de2960df11db49a60e589f9ebb39b
     Pseudo is Ultrasoft + core correction, Zval =  3.0
     Generated by new atomic code, or converted to UPF format
     Using radial grid of  781 points,  4 beta functions with: 
                l(1) =   0
                l(2) =   0
                l(3) =   1
                l(4) =   1
     Q(r) pseudized with  8 coefficients,  rinner =    1.100   1.100   1.100


     PseudoPot. # 2 for N  read from file:
     /home/pragov/projects/rrg-bengioy-ad/pragov/crystal_structure_design/SSSP/N.pbe-n-radius_5.UPF
     MD5 check sum: 16739722b17309cd8fe442a2ace49922
     Pseudo is Ultrasoft + core correction, Zval =  5.0
     Generated using "atomic" code by A. Dal Corso  v.5.1
     Using radial grid of 1085 points,  4 beta functions with: 
                l(1) =   0
                l(2) =   0
                l(3) =   1
                l(4) =   1
     Q(r) pseudized with 0 coefficients 


     atomic species   valence    mass     pseudopotential
        B              3.00    10.81000     B ( 1.00)
        N              5.00    14.00700     N ( 1.00)

     12 Sym. Ops. (no inversion) found


                                    s                        frac. trans.

      isym =  1     identity                                     

 cryst.   s( 1) = (     1          0          0      )
                  (     0          1          0      )
                  (     0          0          1      )

 cart.    s( 1) = (  1.0000000 -0.0000000  0.0000000 )
                  (  0.0000000  1.0000000  0.0000000 )
                  (  0.0000000  0.0000000  1.0000000 )


      isym =  2     180 deg rotation - cart. axis [0,1,0]        

 cryst.   s( 2) = (    -1          0          0      )
                  (     1          1          0      )
                  (     0          0         -1      )

 cart.    s( 2) = ( -1.0000000  0.0000004  0.0000000 )
                  (  0.0000000  1.0000000  0.0000000 )
                  (  0.0000000  0.0000000 -1.0000000 )


      isym =  3     120 deg rotation - cryst. axis [0,0,1]       

 cryst.   s( 3) = (     0          1          0      )
                  (    -1         -1          0      )
                  (     0          0          1      )

 cart.    s( 3) = ( -0.4999998 -0.8660253  0.0000000 )
                  (  0.8660255 -0.5000002  0.0000000 )
                  (  0.0000000  0.0000000  1.0000000 )


      isym =  4     120 deg rotation - cryst. axis [0,0,-1]      

 cryst.   s( 4) = (    -1         -1          0      )
                  (     1          0          0      )
                  (     0          0          1      )

 cart.    s( 4) = ( -0.5000002  0.8660253  0.0000000 )
                  ( -0.8660255 -0.4999998  0.0000000 )
                  (  0.0000000  0.0000000  1.0000000 )


      isym =  5     180 deg rotation - cryst. axis [1,-1,0]      

 cryst.   s( 5) = (     0         -1          0      )
                  (    -1          0          0      )
                  (     0          0         -1      )

 cart.    s( 5) = (  0.4999998 -0.8660255  0.0000000 )
                  ( -0.8660255 -0.4999998  0.0000000 )
                  (  0.0000000  0.0000000 -1.0000000 )


      isym =  6     180 deg rotation - cryst. axis [2,1,0]       

 cryst.   s( 6) = (     1          1          0      )
                  (     0         -1          0      )
                  (     0          0         -1      )

 cart.    s( 6) = (  0.5000002  0.8660251  0.0000000 )
                  (  0.8660255 -0.5000002  0.0000000 )
                  (  0.0000000  0.0000000 -1.0000000 )


      isym =  7     inv. 180 deg rotation - cart. axis [0,0,1]   

 cryst.   s( 7) = (     1          0          0      )
                  (     0          1          0      )
                  (     0          0         -1      )

 cart.    s( 7) = (  1.0000000 -0.0000000  0.0000000 )
                  (  0.0000000  1.0000000  0.0000000 )
                  (  0.0000000  0.0000000 -1.0000000 )


      isym =  8     inv. 180 deg rotation - cart. axis [1,0,0]   

 cryst.   s( 8) = (    -1          0          0      )
                  (     1          1          0      )
                  (     0          0          1      )

 cart.    s( 8) = ( -1.0000000  0.0000004  0.0000000 )
                  (  0.0000000  1.0000000  0.0000000 )
                  (  0.0000000  0.0000000  1.0000000 )


      isym =  9     inv.  60 deg rotation - cryst. axis [0,0,1]  

 cryst.   s( 9) = (    -1         -1          0      )
                  (     1          0          0      )
                  (     0          0         -1      )

 cart.    s( 9) = ( -0.5000002  0.8660253  0.0000000 )
                  ( -0.8660255 -0.4999998  0.0000000 )
                  (  0.0000000  0.0000000 -1.0000000 )


      isym = 10     inv.  60 deg rotation - cryst. axis [0,0,-1] 

 cryst.   s(10) = (     0          1          0      )
                  (    -1         -1          0      )
                  (     0          0         -1      )

 cart.    s(10) = ( -0.4999998 -0.8660253  0.0000000 )
                  (  0.8660255 -0.5000002  0.0000000 )
                  (  0.0000000  0.0000000 -1.0000000 )


      isym = 11     inv. 180 deg rotation - cryst. axis [0,1,0]  

 cryst.   s(11) = (     1          1          0      )
                  (     0         -1          0      )
                  (     0          0          1      )

 cart.    s(11) = (  0.5000002  0.8660251  0.0000000 )
                  (  0.8660255 -0.5000002  0.0000000 )
                  (  0.0000000  0.0000000  1.0000000 )


      isym = 12     inv. 180 deg rotation - cryst. axis [1,1,0]  

 cryst.   s(12) = (     0         -1          0      )
                  (    -1          0          0      )
                  (     0          0          1      )

 cart.    s(12) = (  0.4999998 -0.8660255  0.0000000 )
                  ( -0.8660255 -0.4999998  0.0000000 )
                  (  0.0000000  0.0000000  1.0000000 )


   Cartesian axes

     site n.     atom                  positions (alat units)
         1           B   tau(   1) = (   0.0000000   0.0000000   0.0000000  )
         2           B   tau(   2) = (  -0.0000004   0.5773506   1.4089920  )
         3           N   tau(   3) = (  -0.0000004   0.5773506   0.0000000  )
         4           N   tau(   4) = (   0.5000006   0.2886749   1.4089920  )

   Crystallographic axes

     site n.     atom                  positions (cryst. coord.)
         1           B   tau(   1) = (  0.0000000  0.0000000  0.0000000  )
         2           B   tau(   2) = (  0.3333330  0.6666670  0.5000000  )
         3           N   tau(   3) = (  0.3333330  0.6666670  0.0000000  )
         4           N   tau(   4) = (  0.6666670  0.3333330  0.5000000  )

     number of k points=     1  Methfessel-Paxton smearing, width (Ry)=  0.0010
                       cart. coord. in units 2pi/alat
        k(    1) = (   0.0000000   0.0000000   0.0000000), wk =   2.0000000

                       cryst. coord.
        k(    1) = (   0.0000000   0.0000000   0.0000000), wk =   2.0000000

     Dense  grid:     8208 G-vectors     FFT dimensions: (  24,  24,  72)

     Smooth grid:     2913 G-vectors     FFT dimensions: (  18,  18,  48)

     Dynamical RAM for                 wfc:       0.07 MB

     Dynamical RAM for     wfc (w. buffer):       0.07 MB

     Dynamical RAM for           str. fact:       0.25 MB

     Dynamical RAM for           local pot:       0.00 MB

     Dynamical RAM for          nlocal pot:       0.18 MB

     Dynamical RAM for                qrad:       0.71 MB

     Dynamical RAM for          rho,v,vnew:       1.32 MB

     Dynamical RAM for               rhoin:       0.44 MB

     Dynamical RAM for            rho*nmix:       2.00 MB

     Dynamical RAM for           G-vectors:       0.49 MB

     Dynamical RAM for          h,s,v(r/c):       0.01 MB

     Dynamical RAM for          <psi|beta>:       0.00 MB

     Dynamical RAM for                 psi:       0.13 MB

     Dynamical RAM for                hpsi:       0.13 MB

     Dynamical RAM for                spsi:       0.13 MB

     Dynamical RAM for      wfcinit/wfcrot:       0.18 MB

     Dynamical RAM for           addusdens:       5.64 MB

     Dynamical RAM for          addusforce:       5.95 MB

     Dynamical RAM for         addusstress:       6.26 MB

     Estimated static dynamical RAM per process >       5.42 MB

     Estimated max dynamical RAM per process >      13.69 MB

     Check: negative core charge=   -0.000002

     Initial potential from superposition of free atoms

     starting charge      15.9994, renormalised to      16.0000
     Starting wfcs are   16 randomized atomic wfcs

     total cpu time spent up to now is        2.3 secs

     Self-consistent Calculation

     iteration #  1     ecut=    30.00 Ry     beta= 0.70
     Davidson diagonalization with overlap

---- Real-time Memory Report at c_bands before calling an iterative solver
           218 MiB given to the printing process from OS
             0 MiB allocation reported by mallinfo(arena+hblkhd)
         76817 MiB available memory on the node where the printing process lives
------------------
     ethr =  1.00E-02,  avg # of iterations =  3.0

     total cpu time spent up to now is        2.3 secs

     total energy              =     -52.26061872 Ry
     estimated scf accuracy    <       1.11930316 Ry

     iteration #  2     ecut=    30.00 Ry     beta= 0.70
     Davidson diagonalization with overlap

---- Real-time Memory Report at c_bands before calling an iterative solver
           233 MiB given to the printing process from OS
             0 MiB allocation reported by mallinfo(arena+hblkhd)
         76802 MiB available memory on the node where the printing process lives
------------------
     ethr =  7.00E-03,  avg # of iterations =  2.0

     total cpu time spent up to now is        2.4 secs

     total energy              =     -52.54029558 Ry
     estimated scf accuracy    <       0.36042851 Ry

     iteration #  3     ecut=    30.00 Ry     beta= 0.70
     Davidson diagonalization with overlap

---- Real-time Memory Report at c_bands before calling an iterative solver
           233 MiB given to the printing process from OS
             0 MiB allocation reported by mallinfo(arena+hblkhd)
         76802 MiB available memory on the node where the printing process lives
------------------
     ethr =  2.25E-03,  avg # of iterations =  2.0

     total cpu time spent up to now is        2.4 secs

     total energy              =     -52.59142321 Ry
     estimated scf accuracy    <       0.00844669 Ry

     iteration #  4     ecut=    30.00 Ry     beta= 0.70
     Davidson diagonalization with overlap

---- Real-time Memory Report at c_bands before calling an iterative solver
           233 MiB given to the printing process from OS
             0 MiB allocation reported by mallinfo(arena+hblkhd)
         76802 MiB available memory on the node where the printing process lives
------------------
     ethr =  5.28E-05,  avg # of iterations =  6.0

     total cpu time spent up to now is        2.5 secs

     total energy              =     -52.59652765 Ry
     estimated scf accuracy    <       0.00766166 Ry

     iteration #  5     ecut=    30.00 Ry     beta= 0.70
     Davidson diagonalization with overlap

---- Real-time Memory Report at c_bands before calling an iterative solver
           234 MiB given to the printing process from OS
             0 MiB allocation reported by mallinfo(arena+hblkhd)
         76802 MiB available memory on the node where the printing process lives
------------------
     ethr =  4.79E-05,  avg # of iterations =  2.0

     total cpu time spent up to now is        2.5 secs

     total energy              =     -52.59705319 Ry
     estimated scf accuracy    <       0.00064766 Ry

     iteration #  6     ecut=    30.00 Ry     beta= 0.70
     Davidson diagonalization with overlap

---- Real-time Memory Report at c_bands before calling an iterative solver
           234 MiB given to the printing process from OS
             0 MiB allocation reported by mallinfo(arena+hblkhd)
         76802 MiB available memory on the node where the printing process lives
------------------
     ethr =  4.05E-06,  avg # of iterations =  5.0

     total cpu time spent up to now is        2.5 secs

     total energy              =     -52.59732440 Ry
     estimated scf accuracy    <       0.00035146 Ry

     iteration #  7     ecut=    30.00 Ry     beta= 0.70
     Davidson diagonalization with overlap

---- Real-time Memory Report at c_bands before calling an iterative solver
           234 MiB given to the printing process from OS
             0 MiB allocation reported by mallinfo(arena+hblkhd)
         76802 MiB available memory on the node where the printing process lives
------------------
     ethr =  2.20E-06,  avg # of iterations =  2.0

     total cpu time spent up to now is        2.6 secs

     total energy              =     -52.59733107 Ry
     estimated scf accuracy    <       0.00004891 Ry

     iteration #  8     ecut=    30.00 Ry     beta= 0.70
     Davidson diagonalization with overlap

---- Real-time Memory Report at c_bands before calling an iterative solver
           234 MiB given to the printing process from OS
             0 MiB allocation reported by mallinfo(arena+hblkhd)
         76802 MiB available memory on the node where the printing process lives
------------------
     ethr =  3.06E-07,  avg # of iterations =  2.0

     total cpu time spent up to now is        2.6 secs

     total energy              =     -52.59733776 Ry
     estimated scf accuracy    <       0.00000251 Ry

     iteration #  9     ecut=    30.00 Ry     beta= 0.70
     Davidson diagonalization with overlap

---- Real-time Memory Report at c_bands before calling an iterative solver
           234 MiB given to the printing process from OS
             0 MiB allocation reported by mallinfo(arena+hblkhd)
         76802 MiB available memory on the node where the printing process lives
------------------
     ethr =  1.57E-08,  avg # of iterations = 11.0

     total cpu time spent up to now is        2.7 secs

     total energy              =     -52.59733921 Ry
     estimated scf accuracy    <       0.00000104 Ry

     iteration # 10     ecut=    30.00 Ry     beta= 0.70
     Davidson diagonalization with overlap

---- Real-time Memory Report at c_bands before calling an iterative solver
           234 MiB given to the printing process from OS
             0 MiB allocation reported by mallinfo(arena+hblkhd)
         76802 MiB available memory on the node where the printing process lives
------------------
     ethr =  6.52E-09,  avg # of iterations =  1.0

     total cpu time spent up to now is        2.7 secs

     End of self-consistent calculation

          k = 0.0000 0.0000 0.0000 (   351 PWs)   bands (ev):

   -13.2488 -13.0538  -1.7993  -0.1794   3.3884   3.3885   3.3963   3.3963
     8.8776  13.7462  15.9589  16.0099

     occupation numbers 
     1.0000   1.0000   1.0000   1.0000   1.0000   1.0000   1.0000   1.0000
    -0.0000  -0.0000  -0.0000  -0.0000

     the Fermi energy is     8.7632 ev

!    total energy              =     -52.59733900 Ry
     estimated scf accuracy    <       0.00000035 Ry
     smearing contrib. (-TS)   =       0.00000000 Ry
     internal energy E=F+TS    =     -52.59733900 Ry

     The total energy is F=E-TS. E is the sum of the following terms:
     one-electron contribution =     -20.39950886 Ry
     hartree contribution      =      19.01322048 Ry
     xc contribution           =     -17.31355783 Ry
     ewald contribution        =     -33.89749278 Ry

     convergence has been achieved in  10 iterations

     Forces acting on atoms (cartesian axes, Ry/au):

     atom    1 type  1   force =    -0.00000000   -0.00000000    0.00000000
     atom    2 type  1   force =     0.00000000   -0.00000000    0.00000000
     atom    3 type  2   force =    -0.00000000   -0.00000000    0.00000000
     atom    4 type  2   force =     0.00000000    0.00000000    0.00000000
     The non-local contrib.  to forces
     atom    1 type  1   force =    -0.00000000   -0.00000000    0.00000000
     atom    2 type  1   force =     0.00000000    0.00000000    0.00000000
     atom    3 type  2   force =     0.00000000    0.00000000    0.00000000
     atom    4 type  2   force =     0.00000000    0.00000000    0.00000000
     The ionic contribution  to forces
     atom    1 type  1   force =    -0.00000929    0.00000536   -0.00000000
     atom    2 type  1   force =     0.00001381   -0.00000797    0.00000000
     atom    3 type  2   force =     0.00000930   -0.00000537   -0.00000000
     atom    4 type  2   force =    -0.00001382    0.00000798    0.00000000
     The local contribution  to forces
     atom    1 type  1   force =     0.00000913   -0.00000958    0.00006170
     atom    2 type  1   force =    -0.00001083    0.00000727   -0.00006943
     atom    3 type  2   force =     0.00019052   -0.00020353    0.00005729
     atom    4 type  2   force =     0.00007916   -0.00005992   -0.00009173
     The core correction contribution to forces
     atom    1 type  1   force =     0.00000005   -0.00000037   -0.00000023
     atom    2 type  1   force =     0.00000008    0.00000007    0.00000022
     atom    3 type  2   force =     0.00000107   -0.00000128   -0.00000054
     atom    4 type  2   force =     0.00000023   -0.00000024    0.00000040
     The Hubbard contrib.    to forces
     atom    1 type  1   force =     0.00000000    0.00000000    0.00000000
     atom    2 type  1   force =     0.00000000    0.00000000    0.00000000
     atom    3 type  2   force =     0.00000000    0.00000000    0.00000000
     atom    4 type  2   force =     0.00000000    0.00000000    0.00000000
     The SCF correction term to forces
     atom    1 type  1   force =     0.00000222   -0.00000229   -0.00006582
     atom    2 type  1   force =    -0.00000109   -0.00000006    0.00006746
     atom    3 type  2   force =    -0.00009845    0.00009419   -0.00012786
     atom    4 type  2   force =    -0.00001611    0.00001819    0.00013118

     Total force =     0.000000     Total SCF correction =     0.000248


     Computing stress (Cartesian axis) and pressure

          total   stress  (Ry/bohr**3)                   (kbar)     P=       53.45
   0.00049332  -0.00000000   0.00000000           72.57       -0.00        0.00
  -0.00000000   0.00049332  -0.00000000           -0.00       72.57       -0.00
   0.00000000  -0.00000000   0.00010345            0.00       -0.00       15.22

     kinetic stress (kbar)  12535.04     -0.00      0.00
                               -0.00  12535.04      0.00
                                0.00      0.00  12115.56

     local   stress (kbar) -24272.29      0.00     -0.00
                                0.00 -24272.28     -0.00
                               -0.00     -0.00  19480.29

     nonloc. stress (kbar)   3158.96     -0.00      0.00
                               -0.00   3158.96      0.00
                                0.00      0.00   2614.96

     hartree stress (kbar)   8093.51     -0.01      0.00
                               -0.01   8093.50     -0.00
                                0.00     -0.00  -5485.36

     exc-cor stress (kbar)  -1496.21      0.00      0.00
                                0.00  -1496.20     -0.00
                                0.00     -0.00  -1582.30

     corecor stress (kbar)  -1335.69     -0.00     -0.00
                               -0.00  -1335.70      0.00
                               -0.00      0.00  -1270.13

     ewald   stress (kbar)   3389.24      0.01      0.00
                                0.01   3389.25      0.00
                                0.00      0.00 -25857.80

     hubbard stress (kbar)      0.00      0.00      0.00
                                0.00      0.00      0.00
                                0.00      0.00      0.00

     DFT-D   stress (kbar)      0.00      0.00      0.00
                                0.00      0.00      0.00
                                0.00      0.00      0.00

     XDM     stress (kbar)      0.00      0.00      0.00
                                0.00      0.00      0.00
                                0.00      0.00      0.00

     dft-nl  stress (kbar)      0.00      0.00      0.00
                                0.00      0.00      0.00
                                0.00      0.00      0.00

     TS-vdW  stress (kbar)      0.00      0.00      0.00
                                0.00      0.00      0.00
                                0.00      0.00      0.00


                                0.00      0.00      0.00
                                0.00      0.00      0.00


                                0.00      0.00      0.00


     Writing all to output data dir new_calculations/myprefix.save/
 
     init_run     :     62.04s CPU      2.19s WALL (       1 calls)
     electrons    :     13.27s CPU      0.43s WALL (       1 calls)
     forces       :      1.30s CPU      0.04s WALL (       1 calls)
     stress       :      0.89s CPU      0.03s WALL (       1 calls)

     Called by init_run:
     wfcinit      :     11.83s CPU      0.39s WALL (       1 calls)
     wfcinit:atom :      0.00s CPU      0.00s WALL (       1 calls)
     wfcinit:wfcr :     11.75s CPU      0.39s WALL (       1 calls)
     potinit      :     16.35s CPU      0.54s WALL (       1 calls)
     hinit0       :     33.46s CPU      1.25s WALL (       1 calls)

     Called by electrons:
     c_bands      :      7.25s CPU      0.23s WALL (      10 calls)
     sum_band     :      2.53s CPU      0.08s WALL (      10 calls)
     v_of_rho     :      1.33s CPU      0.04s WALL (      11 calls)
     v_h          :      0.15s CPU      0.00s WALL (      11 calls)
     v_xc         :      1.34s CPU      0.05s WALL (      13 calls)
     newd         :      1.69s CPU      0.06s WALL (      11 calls)
     mix_rho      :      0.34s CPU      0.01s WALL (      10 calls)

     Called by c_bands:
     init_us_2    :      0.12s CPU      0.00s WALL (      21 calls)
     init_us_2:cp :      0.09s CPU      0.00s WALL (      21 calls)
     regterg      :      7.06s CPU      0.23s WALL (      10 calls)

     Called by sum_band:
     sum_band:wei :      0.01s CPU      0.00s WALL (      10 calls)
     sum_band:loo :      1.11s CPU      0.04s WALL (      10 calls)
     sum_band:buf :      0.01s CPU      0.00s WALL (      10 calls)
     sum_band:ini :      0.07s CPU      0.00s WALL (      10 calls)
     sum_band:cal :      0.02s CPU      0.00s WALL (      10 calls)
     sum_band:bec :      0.02s CPU      0.00s WALL (      10 calls)
     addusdens    :      1.20s CPU      0.04s WALL (      10 calls)
     addusd:skk   :      0.02s CPU      0.00s WALL (      20 calls)
     addusd:dgemm :      0.08s CPU      0.00s WALL (      20 calls)
     addusd:qvan2 :      1.00s CPU      0.03s WALL (      20 calls)

     Called by *egterg:
     rdiaghg      :      0.34s CPU      0.01s WALL (      46 calls)
     regterg:over :      0.04s CPU      0.00s WALL (      36 calls)
     regterg:upda :      0.04s CPU      0.00s WALL (      36 calls)
     regterg:last :      0.07s CPU      0.00s WALL (      23 calls)
     h_psi        :     17.79s CPU      0.58s WALL (      47 calls)
     s_psi        :      0.05s CPU      0.00s WALL (      47 calls)
     g_psi        :      0.04s CPU      0.00s WALL (      36 calls)

     Called by h_psi:
     h_psi:calbec :      0.15s CPU      0.00s WALL (      47 calls)
     vloc_psi     :     17.38s CPU      0.56s WALL (      47 calls)
     add_vuspsi   :      0.05s CPU      0.00s WALL (      47 calls)

     General routines
     calbec       :      0.95s CPU      0.03s WALL (      62 calls)
     fft          :     27.21s CPU      0.95s WALL (     139 calls)
     ffts         :     16.11s CPU      0.53s WALL (      21 calls)
     fftw         :     17.46s CPU      0.57s WALL (     416 calls)
     interpolate  :     16.21s CPU      0.53s WALL (      11 calls)
 
     Parallel routines
 
     PWSCF        :   1m25.78s CPU      3.12s WALL

 
   This run was terminated on:  11: 7:39  20May2023            

=------------------------------------------------------------------------------=
   JOB DONE.
=------------------------------------------------------------------------------=
