
     Program PWSCF v.7.0 starts on 21May2023 at 15: 2:32 

     This program is part of the open-source Quantum ESPRESSO suite
     for quantum simulation of materials; please cite
         "P. Giannozzi et al., J. Phys.:Condens. Matter 21 395502 (2009);
         "P. Giannozzi et al., J. Phys.:Condens. Matter 29 465901 (2017);
         "P. Giannozzi et al., J. Chem. Phys. 152 154105 (2020);
          URL http://www.quantum-espresso.org", 
     in publications or presentations arising from this work. More details at
     http://www.quantum-espresso.org/quote

     Parallel version (MPI & OpenMP), running on      32 processor cores
     Number of MPI processes:                 1
     Threads/MPI process:                    32

     MPI processes distributed on     1 nodes
     161272 MiB available memory on the printing compute node when the environment starts
 
     Reading input from espresso_25653.pwi
Warning: card &CELL ignored
Warning: card / ignored

     Current dimensions of program PWSCF are:
     Max number of different atomic species (ntypx) = 10
     Max number of k-points (npk) =  40000
     Max angular momentum in pseudopotentials (lmaxx) =  4
     file Ga.pbe-dn-kjpaw_psl.1.0.0.UPF: wavefunction(s)  4S renormalized

     gamma-point specific algorithms are used
     Message from routine setup:
     using ibrav=0 with symmetry is DISCOURAGED, use correct ibrav instead

     Subspace diagonalization in iterative solution of the eigenvalue problem:
     a serial algorithm will be used

 
     G-vector sticks info
     --------------------
     sticks:   dense  smooth     PW     G-vecs:    dense   smooth      PW
     Sum        1483     745    187                37509    13371    1687
 
     Using Slab Decomposition
 


     bravais-lattice index     =            0
     lattice parameter (alat)  =       9.4663  a.u.
     unit-cell volume          =     599.8280 (a.u.)^3
     number of atoms/cell      =            4
     number of atomic types    =            3
     number of electrons       =        82.00
     number of Kohn-Sham states=           49
     kinetic-energy cutoff     =      30.0000  Ry
     charge density cutoff     =     240.0000  Ry
     scf convergence threshold =      1.0E-06
     mixing beta               =       0.7000
     number of iterations used =            8  plain     mixing
     Exchange-correlation= PBE
                           (   1   4   3   4   0   0   0)

     celldm(1)=   9.466307  celldm(2)=   0.000000  celldm(3)=   0.000000
     celldm(4)=   0.000000  celldm(5)=   0.000000  celldm(6)=   0.000000

     crystal axes: (cart. coord. in units of alat)
               a(1) = (   1.000000   0.000000   0.000000 )  
               a(2) = (   0.500000   0.866025   0.000000 )  
               a(3) = (   0.500000   0.288675   0.816497 )  

     reciprocal axes: (cart. coord. in units 2 pi/alat)
               b(1) = (  1.000000 -0.577350 -0.408248 )  
               b(2) = (  0.000000  1.154701 -0.408248 )  
               b(3) = (  0.000000  0.000000  1.224745 )  


     PseudoPot. # 1 for Lu read from file:
     /home/pragov/projects/rrg-bengioy-ad/pragov/crystal_structure_design/SSSP/Lu.GGA-PBE-paw-v1.0.UPF
     MD5 check sum: 9ceca61ee0c17e9380a83635bfffa61d
     Pseudo is Projector augmented-wave + core cor, Zval = 25.0
     Generated using ATOMPAW code
     Shape of augmentation charge: BESSEL
     Using radial grid of 1118 points,  8 beta functions with: 
                l(1) =   0
                l(2) =   0
                l(3) =   1
                l(4) =   1
                l(5) =   2
                l(6) =   2
                l(7) =   3
                l(8) =   3
     Q(r) pseudized with 0 coefficients 


     PseudoPot. # 2 for Ga read from file:
     /home/pragov/projects/rrg-bengioy-ad/pragov/crystal_structure_design/SSSP/Ga.pbe-dn-kjpaw_psl.1.0.0.UPF
     MD5 check sum: a27b4342b1af7e5f338de752e9ed7044
     Pseudo is Projector augmented-wave + core cor, Zval = 13.0
     Generated using "atomic" code by A. Dal Corso  v.5.1
     Shape of augmentation charge: PSQ
     Using radial grid of 1205 points,  6 beta functions with: 
                l(1) =   0
                l(2) =   0
                l(3) =   1
                l(4) =   1
                l(5) =   2
                l(6) =   2
     Q(r) pseudized with 0 coefficients 


     PseudoPot. # 3 for Ag read from file:
     /home/pragov/projects/rrg-bengioy-ad/pragov/crystal_structure_design/SSSP/Ag_ONCV_PBE-1.0.oncvpsp.upf
     MD5 check sum: 94f47bd0669c641108e45594df92fabc
     Pseudo is Norm-conserving, Zval = 19.0
     Generated using ONCVPSP code by D. R. Hamann
     Using radial grid of 1398 points,  6 beta functions with: 
                l(1) =   0
                l(2) =   0
                l(3) =   1
                l(4) =   1
                l(5) =   2
                l(6) =   2

     atomic species   valence    mass     pseudopotential
        Lu            25.00   174.96680     Lu( 1.00)
        Ga            13.00    69.72300     Ga( 1.00)
        Ag            19.00   107.86820     Ag( 1.00)

     12 Sym. Ops., with inversion, found


                                    s                        frac. trans.

      isym =  1     identity                                     

 cryst.   s( 1) = (     1          0          0      )
                  (     0          1          0      )
                  (     0          0          1      )

 cart.    s( 1) = (  1.0000000  0.0000000  0.0000000 )
                  (  0.0000000  1.0000000 -0.0000000 )
                  (  0.0000000  0.0000000  1.0000000 )


      isym =  2     180 deg rotation - cart. axis [1,0,0]        

 cryst.   s( 2) = (     1          0          0      )
                  (     1         -1          0      )
                  (     1          0         -1      )

 cart.    s( 2) = (  1.0000000  0.0000000  0.0000000 )
                  (  0.0000000 -1.0000000  0.0000000 )
                  (  0.0000000  0.0000000 -1.0000000 )


      isym =  3     120 deg rotation - cryst. axis [0,0,1]       

 cryst.   s( 3) = (    -1          1          0      )
                  (    -1          0          0      )
                  (    -1          0          1      )

 cart.    s( 3) = ( -0.5000000 -0.8660254  0.0000000 )
                  (  0.8660254 -0.5000000 -0.0000000 )
                  (  0.0000000  0.0000000  1.0000000 )


      isym =  4     120 deg rotation - cryst. axis [0,0,-1]      

 cryst.   s( 4) = (     0         -1          0      )
                  (     1         -1          0      )
                  (     0         -1          1      )

 cart.    s( 4) = ( -0.5000000  0.8660254  0.0000000 )
                  ( -0.8660254 -0.5000000 -0.0000000 )
                  (  0.0000000  0.0000000  1.0000000 )


      isym =  5     180 deg rotation - cryst. axis [0,1,0]       

 cryst.   s( 5) = (     0         -1          0      )
                  (    -1          0          0      )
                  (     0          0         -1      )

 cart.    s( 5) = ( -0.5000000 -0.8660254  0.0000000 )
                  ( -0.8660254  0.5000000  0.0000000 )
                  (  0.0000000  0.0000000 -1.0000000 )


      isym =  6     180 deg rotation - cryst. axis [1,1,0]       

 cryst.   s( 6) = (    -1          1          0      )
                  (     0          1          0      )
                  (     0          1         -1      )

 cart.    s( 6) = ( -0.5000000  0.8660254  0.0000000 )
                  (  0.8660254  0.5000000  0.0000000 )
                  (  0.0000000  0.0000000 -1.0000000 )


      isym =  7     inversion                                    

 cryst.   s( 7) = (    -1          0          0      )
                  (     0         -1          0      )
                  (     0          0         -1      )

 cart.    s( 7) = ( -1.0000000  0.0000000  0.0000000 )
                  (  0.0000000 -1.0000000  0.0000000 )
                  (  0.0000000  0.0000000 -1.0000000 )


      isym =  8     inv. 180 deg rotation - cart. axis [1,0,0]   

 cryst.   s( 8) = (    -1          0          0      )
                  (    -1          1          0      )
                  (    -1          0          1      )

 cart.    s( 8) = ( -1.0000000  0.0000000  0.0000000 )
                  (  0.0000000  1.0000000 -0.0000000 )
                  (  0.0000000  0.0000000  1.0000000 )


      isym =  9     inv. 120 deg rotation - cryst. axis [0,0,1]  

 cryst.   s( 9) = (     1         -1          0      )
                  (     1          0          0      )
                  (     1          0         -1      )

 cart.    s( 9) = (  0.5000000  0.8660254  0.0000000 )
                  ( -0.8660254  0.5000000  0.0000000 )
                  (  0.0000000  0.0000000 -1.0000000 )


      isym = 10     inv. 120 deg rotation - cryst. axis [0,0,-1] 

 cryst.   s(10) = (     0          1          0      )
                  (    -1          1          0      )
                  (     0          1         -1      )

 cart.    s(10) = (  0.5000000 -0.8660254  0.0000000 )
                  (  0.8660254  0.5000000  0.0000000 )
                  (  0.0000000  0.0000000 -1.0000000 )


      isym = 11     inv. 180 deg rotation - cryst. axis [0,1,0]  

 cryst.   s(11) = (     0          1          0      )
                  (     1          0          0      )
                  (     0          0          1      )

 cart.    s(11) = (  0.5000000  0.8660254  0.0000000 )
                  (  0.8660254 -0.5000000 -0.0000000 )
                  (  0.0000000  0.0000000  1.0000000 )


      isym = 12     inv. 180 deg rotation - cryst. axis [1,1,0]  

 cryst.   s(12) = (     1         -1          0      )
                  (     0         -1          0      )
                  (     0         -1          1      )

 cart.    s(12) = (  0.5000000 -0.8660254  0.0000000 )
                  ( -0.8660254 -0.5000000 -0.0000000 )
                  (  0.0000000  0.0000000  1.0000000 )


   Cartesian axes

     site n.     atom                  positions (alat units)
         1           Lu  tau(   1) = (   0.5000000   0.2886751   0.2041241  )
         2           Lu  tau(   2) = (   1.5000000   0.8660254   0.6123724  )
         3           Ga  tau(   3) = (   0.0000000   0.0000000   0.0000000  )
         4           Ag  tau(   4) = (   1.0000000   0.5773503   0.4082483  )

   Crystallographic axes

     site n.     atom                  positions (cryst. coord.)
         1           Lu  tau(   1) = (  0.2500000  0.2500000  0.2500000  )
         2           Lu  tau(   2) = (  0.7500000  0.7500000  0.7500000  )
         3           Ga  tau(   3) = (  0.0000000  0.0000000  0.0000000  )
         4           Ag  tau(   4) = (  0.5000000  0.5000000  0.5000000  )

     number of k points=     1  Methfessel-Paxton smearing, width (Ry)=  0.0010
                       cart. coord. in units 2pi/alat
        k(    1) = (   0.0000000   0.0000000   0.0000000), wk =   2.0000000

                       cryst. coord.
        k(    1) = (   0.0000000   0.0000000   0.0000000), wk =   2.0000000

     Dense  grid:    18755 G-vectors     FFT dimensions: (  48,  48,  48)

     Smooth grid:     6686 G-vectors     FFT dimensions: (  36,  36,  36)

     Dynamical RAM for                 wfc:       0.62 MB

     Dynamical RAM for     wfc (w. buffer):       0.62 MB

     Dynamical RAM for           str. fact:       0.86 MB

     Dynamical RAM for           local pot:       0.00 MB

     Dynamical RAM for          nlocal pot:       1.27 MB

     Dynamical RAM for                qrad:       8.96 MB

     Dynamical RAM for          rho,v,vnew:       3.39 MB

     Dynamical RAM for               rhoin:       1.13 MB

     Dynamical RAM for            rho*nmix:       4.58 MB

     Dynamical RAM for           G-vectors:       1.12 MB

     Dynamical RAM for          h,s,v(r/c):       0.22 MB

     Dynamical RAM for          <psi|beta>:       0.04 MB

     Dynamical RAM for                 psi:       1.24 MB

     Dynamical RAM for                hpsi:       1.24 MB

     Dynamical RAM for                spsi:       1.24 MB

     Dynamical RAM for      wfcinit/wfcrot:       2.27 MB

     Dynamical RAM for           addusdens:     159.40 MB

     Dynamical RAM for          addusforce:     160.14 MB

     Dynamical RAM for         addusstress:     166.56 MB

     Estimated static dynamical RAM per process >      22.71 MB

     Estimated max dynamical RAM per process >     193.85 MB

     Check: negative core charge=   -0.000002

     Initial potential from superposition of free atoms

     starting charge      81.9892, renormalised to      82.0000
     Starting wfcs are   83 randomized atomic wfcs
     Checking if some PAW data can be deallocated... 

     total cpu time spent up to now is       13.6 secs

     Self-consistent Calculation

     iteration #  1     ecut=    30.00 Ry     beta= 0.70
     Davidson diagonalization with overlap

---- Real-time Memory Report at c_bands before calling an iterative solver
           522 MiB given to the printing process from OS
             0 MiB allocation reported by mallinfo(arena+hblkhd)
        160941 MiB available memory on the node where the printing process lives
------------------
     ethr =  1.00E-02,  avg # of iterations =  3.0

     Threshold (ethr) on eigenvalues was too large:
     Diagonalizing with lowered threshold

     Davidson diagonalization with overlap

---- Real-time Memory Report at c_bands before calling an iterative solver
           702 MiB given to the printing process from OS
             0 MiB allocation reported by mallinfo(arena+hblkhd)
        160903 MiB available memory on the node where the printing process lives
------------------
     ethr =  2.25E-04,  avg # of iterations =  5.0

     total cpu time spent up to now is       20.2 secs

     total energy              =   -2725.43764580 Ry
     estimated scf accuracy    <       0.18909500 Ry

     iteration #  2     ecut=    30.00 Ry     beta= 0.70
     Davidson diagonalization with overlap

---- Real-time Memory Report at c_bands before calling an iterative solver
           711 MiB given to the printing process from OS
             0 MiB allocation reported by mallinfo(arena+hblkhd)
        160875 MiB available memory on the node where the printing process lives
------------------
     ethr =  2.31E-04,  avg # of iterations =  3.0

     total cpu time spent up to now is       23.5 secs

     total energy              =   -2725.46324247 Ry
     estimated scf accuracy    <       0.08435885 Ry

     iteration #  3     ecut=    30.00 Ry     beta= 0.70
     Davidson diagonalization with overlap

---- Real-time Memory Report at c_bands before calling an iterative solver
           712 MiB given to the printing process from OS
             0 MiB allocation reported by mallinfo(arena+hblkhd)
        160877 MiB available memory on the node where the printing process lives
------------------
     ethr =  1.03E-04,  avg # of iterations =  3.0

     total cpu time spent up to now is       28.2 secs

     total energy              =   -2725.49232941 Ry
     estimated scf accuracy    <       0.02355117 Ry

     iteration #  4     ecut=    30.00 Ry     beta= 0.70
     Davidson diagonalization with overlap

---- Real-time Memory Report at c_bands before calling an iterative solver
           712 MiB given to the printing process from OS
             0 MiB allocation reported by mallinfo(arena+hblkhd)
        160875 MiB available memory on the node where the printing process lives
------------------
     ethr =  2.87E-05,  avg # of iterations =  3.0

     total cpu time spent up to now is       32.7 secs

     total energy              =   -2725.49715153 Ry
     estimated scf accuracy    <       0.00377360 Ry

     iteration #  5     ecut=    30.00 Ry     beta= 0.70
     Davidson diagonalization with overlap

---- Real-time Memory Report at c_bands before calling an iterative solver
           713 MiB given to the printing process from OS
             0 MiB allocation reported by mallinfo(arena+hblkhd)
        160876 MiB available memory on the node where the printing process lives
------------------
     ethr =  4.60E-06,  avg # of iterations =  4.0

     total cpu time spent up to now is       36.4 secs

     total energy              =   -2725.49821955 Ry
     estimated scf accuracy    <       0.00013539 Ry

     iteration #  6     ecut=    30.00 Ry     beta= 0.70
     Davidson diagonalization with overlap

---- Real-time Memory Report at c_bands before calling an iterative solver
           713 MiB given to the printing process from OS
             0 MiB allocation reported by mallinfo(arena+hblkhd)
        160877 MiB available memory on the node where the printing process lives
------------------
     ethr =  1.65E-07,  avg # of iterations =  4.0

     total cpu time spent up to now is       39.8 secs

     total energy              =   -2725.49826999 Ry
     estimated scf accuracy    <       0.00001652 Ry

     iteration #  7     ecut=    30.00 Ry     beta= 0.70
     Davidson diagonalization with overlap

---- Real-time Memory Report at c_bands before calling an iterative solver
           713 MiB given to the printing process from OS
             0 MiB allocation reported by mallinfo(arena+hblkhd)
        160880 MiB available memory on the node where the printing process lives
------------------
     ethr =  2.02E-08,  avg # of iterations =  3.0

     total cpu time spent up to now is       42.6 secs

     End of self-consistent calculation

          k = 0.0000 0.0000 0.0000 (   844 PWs)   bands (ev):

   -79.0490 -42.0586 -42.0586 -42.0586 -41.5295 -41.5092 -12.2474 -12.2474
   -12.2473 -12.0878 -12.0877 -12.0876   2.0778   2.0778   2.0779   2.0991
     2.0992   7.1320   9.8147   9.8147   9.8147   9.8213   9.8213   9.8219
     9.8260   9.8260   9.8261   9.8370   9.8370   9.8370   9.8389   9.8389
     9.8389   9.8701   9.8701   9.8702   9.8926  13.1968  13.1968  13.1968
    14.9095  15.6785  15.6785  19.7270  19.7270  19.7270  19.8851  19.8851
    19.8852

     occupation numbers 
     1.0000   1.0000   1.0000   1.0000   1.0000   1.0000   1.0000   1.0000
     1.0000   1.0000   1.0000   1.0000   1.0000   1.0000   1.0000   1.0000
     1.0000   1.0000   1.0000   1.0000   1.0000   1.0000   1.0000   1.0000
     1.0000   1.0000   1.0000   1.0000   1.0000   1.0000   1.0000   1.0000
     1.0000   1.0000   1.0000   1.0000   1.0000   1.0000   1.0000   1.0000
     1.0000  -0.0000  -0.0000  -0.0000  -0.0000  -0.0000  -0.0000  -0.0000
    -0.0000

     the Fermi energy is    15.3710 ev

!    total energy              =   -2725.49827477 Ry
     estimated scf accuracy    <       0.00000032 Ry
     smearing contrib. (-TS)   =       0.00000000 Ry
     internal energy E=F+TS    =   -2725.49827477 Ry

     The total energy is F=E-TS. E is the sum of the following terms:
     one-electron contribution =   -1027.62786381 Ry
     hartree contribution      =     485.69100122 Ry
     xc contribution           =    -147.81965563 Ry
     ewald contribution        =    -943.25734248 Ry
     one-center paw contrib.   =   -1092.48441407 Ry
      -> PAW hartree energy AE =    1128.78636780 Ry
      -> PAW hartree energy PS =    -989.44695669 Ry
      -> PAW xc energy AE      =   -1349.75176517 Ry
      -> PAW xc energy PS      =     117.92793999 Ry
      -> total E_H with PAW    =     625.03041233 Ry
      -> total E_XC with PAW   =   -1379.64348081 Ry

     convergence has been achieved in   7 iterations

     Forces acting on atoms (cartesian axes, Ry/au):

     atom    1 type  1   force =     0.00000000   -0.00000000    0.00007609
     atom    2 type  1   force =     0.00000000    0.00000000   -0.00007609
     atom    3 type  2   force =     0.00000000    0.00000000   -0.00000000
     atom    4 type  3   force =    -0.00000000   -0.00000000    0.00000000
     The non-local contrib.  to forces
     atom    1 type  1   force =    -0.00000000   -0.00000000   -0.00000080
     atom    2 type  1   force =    -0.00000000   -0.00000000    0.00000080
     atom    3 type  2   force =     0.00000000    0.00000000    0.00000000
     atom    4 type  3   force =     0.00000000    0.00000000    0.00000000
     The ionic contribution  to forces
     atom    1 type  1   force =     0.00000000    0.00000000    0.00000000
     atom    2 type  1   force =    -0.00000000   -0.00000000    0.00000000
     atom    3 type  2   force =    -0.00000000    0.00000000   -0.00000000
     atom    4 type  3   force =     0.00000000   -0.00000000   -0.00000000
     The local contribution  to forces
     atom    1 type  1   force =     0.00007019    0.00025344   -0.00010115
     atom    2 type  1   force =    -0.00004326    0.00020655    0.00004846
     atom    3 type  2   force =    -0.00007280    0.00021386    0.00007810
     atom    4 type  3   force =     0.00002326   -0.00001681    0.00017824
     The core correction contribution to forces
     atom    1 type  1   force =     0.00000000    0.00000000   -0.00000000
     atom    2 type  1   force =    -0.00000000    0.00000000    0.00000000
     atom    3 type  2   force =    -0.00000220    0.00000545    0.00000512
     atom    4 type  3   force =     0.00000000    0.00000000    0.00000000
     The Hubbard contrib.    to forces
     atom    1 type  1   force =     0.00000000    0.00000000    0.00000000
     atom    2 type  1   force =     0.00000000    0.00000000    0.00000000
     atom    3 type  2   force =     0.00000000    0.00000000    0.00000000
     atom    4 type  3   force =     0.00000000    0.00000000    0.00000000
     The SCF correction term to forces
     atom    1 type  1   force =    -0.00005514   -0.00027019    0.00019216
     atom    2 type  1   force =    -0.00003258   -0.00030163   -0.00011122
     atom    3 type  2   force =     0.00016136   -0.00038571   -0.00011824
     atom    4 type  3   force =    -0.00001625    0.00004441   -0.00019334

     Total force =     0.000108     Total SCF correction =     0.000668
     SCF correction compared to forces is large: reduce conv_thr to get better values


     Computing stress (Cartesian axis) and pressure

          total   stress  (Ry/bohr**3)                   (kbar)     P=     -420.11
  -0.00285586  -0.00000000   0.00000000         -420.11       -0.00        0.00
   0.00000000  -0.00285586   0.00000000            0.00     -420.11        0.00
   0.00000000   0.00000000  -0.00285592            0.00        0.00     -420.12

     kinetic stress (kbar)  26246.60     -0.00     -0.00
                               -0.00  26246.60     -0.00
                               -0.00     -0.00  26246.60

     local   stress (kbar)   6061.91     -0.02     -0.02
                               -0.02   6061.89     -0.00
                               -0.02     -0.00   6061.94

     nonloc. stress (kbar)  15132.12     -0.00     -0.00
                               -0.00  15132.12     -0.00
                               -0.00     -0.00  15132.08

     hartree stress (kbar)  39704.51      0.01      0.01
                                0.01  39704.51     -0.00
                                0.01     -0.00  39704.49

     exc-cor stress (kbar)  -6890.33     -0.00      0.00
                               -0.00  -6890.33      0.00
                                0.00      0.00  -6890.33

     corecor stress (kbar)  -3565.05      0.00      0.00
                                0.00  -3565.05      0.00
                                0.00      0.00  -3565.05

     ewald   stress (kbar) -77109.86     -0.00     -0.00
                               -0.00 -77109.86     -0.00
                               -0.00     -0.00 -77109.86

     hubbard stress (kbar)      0.00      0.00      0.00
                                0.00      0.00      0.00
                                0.00      0.00      0.00

     DFT-D   stress (kbar)      0.00      0.00      0.00
                                0.00      0.00      0.00
                                0.00      0.00      0.00

     XDM     stress (kbar)      0.00      0.00      0.00
                                0.00      0.00      0.00
                                0.00      0.00      0.00

     dft-nl  stress (kbar)      0.00      0.00      0.00
                                0.00      0.00      0.00
                                0.00      0.00      0.00

     TS-vdW  stress (kbar)      0.00      0.00      0.00
                                0.00      0.00      0.00
                                0.00      0.00      0.00


                                0.00      0.00      0.00
                                0.00      0.00      0.00


                                0.00      0.00      0.00


     Writing all to output data dir new_calculations/myprefix.save/
 
     init_run     :    241.80s CPU     13.22s WALL (       1 calls)
     electrons    :    770.39s CPU     29.01s WALL (       1 calls)
     forces       :      7.98s CPU      0.27s WALL (       1 calls)
     stress       :     19.06s CPU      0.64s WALL (       1 calls)

     Called by init_run:
     wfcinit      :    105.05s CPU      5.23s WALL (       1 calls)
     wfcinit:atom :      0.01s CPU      0.00s WALL (       1 calls)
     wfcinit:wfcr :    104.92s CPU      5.23s WALL (       1 calls)
     potinit      :     55.53s CPU      2.75s WALL (       1 calls)
     hinit0       :     68.96s CPU      4.57s WALL (       1 calls)

     Called by electrons:
     c_bands      :    485.43s CPU     18.36s WALL (       8 calls)
     sum_band     :    128.50s CPU      4.89s WALL (       8 calls)
     v_of_rho     :      3.26s CPU      0.13s WALL (       8 calls)
     v_h          :      0.30s CPU      0.01s WALL (       8 calls)
     v_xc         :      3.56s CPU      0.14s WALL (      10 calls)
     newd         :     43.36s CPU      1.67s WALL (       8 calls)
     PAW_pot      :    132.56s CPU      5.17s WALL (       8 calls)
     mix_rho      :      0.70s CPU      0.03s WALL (       8 calls)

     Called by c_bands:
     init_us_2    :      0.20s CPU      0.01s WALL (      17 calls)
     init_us_2:cp :      0.18s CPU      0.01s WALL (      17 calls)
     regterg      :    484.57s CPU     18.33s WALL (       8 calls)

     Called by sum_band:
     sum_band:wei :      0.01s CPU      0.00s WALL (       8 calls)
     sum_band:loo :     81.92s CPU      3.03s WALL (       8 calls)
     sum_band:buf :      0.00s CPU      0.00s WALL (       8 calls)
     sum_band:ini :      0.10s CPU      0.00s WALL (       8 calls)
     sum_band:cal :      4.63s CPU      0.17s WALL (       8 calls)
     sum_band:bec :      0.10s CPU      0.00s WALL (       8 calls)
     addusdens    :     45.69s CPU      1.83s WALL (       8 calls)
     addusd:skk   :      0.06s CPU      0.00s WALL (      16 calls)
     addusd:dgemm :      2.70s CPU      0.23s WALL (      16 calls)
     addusd:qvan2 :     42.35s CPU      1.57s WALL (      16 calls)

     Called by *egterg:
     rdiaghg      :      3.60s CPU      0.14s WALL (      35 calls)
     regterg:over :     19.61s CPU      0.72s WALL (      28 calls)
     regterg:upda :      0.31s CPU      0.01s WALL (      28 calls)
     regterg:last :      0.35s CPU      0.01s WALL (      16 calls)
     h_psi        :    554.76s CPU     22.23s WALL (      37 calls)
     s_psi        :      0.15s CPU      0.01s WALL (      37 calls)
     g_psi        :      0.09s CPU      0.00s WALL (      28 calls)

     Called by h_psi:
     h_psi:calbec :     16.36s CPU      0.62s WALL (      37 calls)
     vloc_psi     :    537.82s CPU     21.59s WALL (      37 calls)
     add_vuspsi   :      0.26s CPU      0.01s WALL (      37 calls)

     General routines
     calbec       :     23.23s CPU      0.86s WALL (      50 calls)
     fft          :     57.98s CPU      3.12s WALL (     107 calls)
     ffts         :     36.56s CPU      1.75s WALL (      16 calls)
     fftw         :    608.23s CPU     24.17s WALL (    1358 calls)
     interpolate  :     36.76s CPU      1.76s WALL (       8 calls)
 
     Parallel routines

     PAW routines
     PAW_pot      :    132.56s CPU      5.17s WALL (       8 calls)
     PAW_symme    :      0.42s CPU      0.02s WALL (      16 calls)
 
     PWSCF        :  17m28.07s CPU     43.92s WALL

 
   This run was terminated on:  15: 3:16  21May2023            

=------------------------------------------------------------------------------=
   JOB DONE.
=------------------------------------------------------------------------------=
