
     Program PWSCF v.7.0 starts on 21May2023 at  4: 4:56 

     This program is part of the open-source Quantum ESPRESSO suite
     for quantum simulation of materials; please cite
         "P. Giannozzi et al., J. Phys.:Condens. Matter 21 395502 (2009);
         "P. Giannozzi et al., J. Phys.:Condens. Matter 29 465901 (2017);
         "P. Giannozzi et al., J. Chem. Phys. 152 154105 (2020);
          URL http://www.quantum-espresso.org", 
     in publications or presentations arising from this work. More details at
     http://www.quantum-espresso.org/quote

     Parallel version (MPI & OpenMP), running on      32 processor cores
     Number of MPI processes:                 1
     Threads/MPI process:                    32

     MPI processes distributed on     1 nodes
     114038 MiB available memory on the printing compute node when the environment starts
 
     Reading input from espresso_3039.pwi
Warning: card &CELL ignored
Warning: card / ignored

     Current dimensions of program PWSCF are:
     Max number of different atomic species (ntypx) = 10
     Max number of k-points (npk) =  40000
     Max angular momentum in pseudopotentials (lmaxx) =  4

     gamma-point specific algorithms are used
     Message from routine setup:
     using ibrav=0 with symmetry is DISCOURAGED, use correct ibrav instead

     Subspace diagonalization in iterative solution of the eigenvalue problem:
     a serial algorithm will be used

 
     G-vector sticks info
     --------------------
     sticks:   dense  smooth     PW     G-vecs:    dense   smooth      PW
     Sum        1663     847    211                45239    16145    1989
 
     Using Slab Decomposition
 


     bravais-lattice index     =            0
     lattice parameter (alat)  =      10.0720  a.u.
     unit-cell volume          =     722.4812 (a.u.)^3
     number of atoms/cell      =            4
     number of atomic types    =            3
     number of electrons       =        55.00
     number of Kohn-Sham states=           34
     kinetic-energy cutoff     =      30.0000  Ry
     charge density cutoff     =     240.0000  Ry
     scf convergence threshold =      1.0E-06
     mixing beta               =       0.7000
     number of iterations used =            8  plain     mixing
     Exchange-correlation= PBE
                           (   1   4   3   4   0   0   0)

     celldm(1)=  10.071957  celldm(2)=   0.000000  celldm(3)=   0.000000
     celldm(4)=   0.000000  celldm(5)=   0.000000  celldm(6)=   0.000000

     crystal axes: (cart. coord. in units of alat)
               a(1) = (   1.000000   0.000000   0.000000 )  
               a(2) = (   0.500000   0.866025   0.000000 )  
               a(3) = (   0.500000   0.288675   0.816497 )  

     reciprocal axes: (cart. coord. in units 2 pi/alat)
               b(1) = (  1.000000 -0.577350 -0.408248 )  
               b(2) = (  0.000000  1.154701 -0.408248 )  
               b(3) = (  0.000000  0.000000  1.224745 )  


     PseudoPot. # 1 for Y  read from file:
     /home/pragov/projects/rrg-bengioy-ad/pragov/crystal_structure_design/SSSP/Y_pbe_v1.uspp.F.UPF
     MD5 check sum: 2cf71db95cafeb975fc457bd7f14888e
     Pseudo is Ultrasoft + core correction, Zval = 11.0
     Generated by new atomic code, or converted to UPF format
     Using radial grid of  885 points,  6 beta functions with: 
                l(1) =   0
                l(2) =   0
                l(3) =   1
                l(4) =   1
                l(5) =   2
                l(6) =   2
     Q(r) pseudized with  6 coefficients,  rinner =    1.200   1.200   1.200
                                                       1.200   1.200

     PseudoPot. # 2 for Tl read from file:
     /home/pragov/projects/rrg-bengioy-ad/pragov/crystal_structure_design/SSSP/Tl_pbe_v1.2.uspp.F.UPF
     MD5 check sum: b76cf1f7e72655a2b2c53cf6385d7059
     Pseudo is Ultrasoft + core correction, Zval = 13.0
     Generated by new atomic code, or converted to UPF format
     Using radial grid of  899 points,  6 beta functions with: 
                l(1) =   0
                l(2) =   0
                l(3) =   1
                l(4) =   1
                l(5) =   2
                l(6) =   2
     Q(r) pseudized with  6 coefficients,  rinner =    1.100   1.100   1.100
                                                       1.100   1.100

     PseudoPot. # 3 for Hg read from file:
     /home/pragov/projects/rrg-bengioy-ad/pragov/crystal_structure_design/SSSP/Hg_ONCV_PBE-1.0.oncvpsp.upf
     MD5 check sum: dd5a8773074bfcf4280086d4d95875c4
     Pseudo is Norm-conserving, Zval = 20.0
     Generated using ONCVPSP code by D. R. Hamann
     Using radial grid of 1262 points,  8 beta functions with: 
                l(1) =   0
                l(2) =   0
                l(3) =   1
                l(4) =   1
                l(5) =   2
                l(6) =   2
                l(7) =   3
                l(8) =   3

     atomic species   valence    mass     pseudopotential
        Y             11.00    88.90584     Y ( 1.00)
        Tl            13.00   204.38000     Tl( 1.00)
        Hg            20.00   200.59200     Hg( 1.00)

     12 Sym. Ops., with inversion, found


                                    s                        frac. trans.

      isym =  1     identity                                     

 cryst.   s( 1) = (     1          0          0      )
                  (     0          1          0      )
                  (     0          0          1      )

 cart.    s( 1) = (  1.0000000  0.0000000  0.0000000 )
                  (  0.0000000  1.0000000  0.0000000 )
                  (  0.0000000  0.0000000  1.0000000 )


      isym =  2     180 deg rotation - cart. axis [1,0,0]        

 cryst.   s( 2) = (     1          0          0      )
                  (     1         -1          0      )
                  (     1          0         -1      )

 cart.    s( 2) = (  1.0000000  0.0000000 -0.0000000 )
                  (  0.0000000 -1.0000000 -0.0000000 )
                  (  0.0000000  0.0000000 -1.0000000 )


      isym =  3     120 deg rotation - cryst. axis [0,0,1]       

 cryst.   s( 3) = (    -1          1          0      )
                  (    -1          0          0      )
                  (    -1          0          1      )

 cart.    s( 3) = ( -0.5000000 -0.8660254  0.0000000 )
                  (  0.8660254 -0.5000000 -0.0000000 )
                  (  0.0000000  0.0000000  1.0000000 )


      isym =  4     120 deg rotation - cryst. axis [0,0,-1]      

 cryst.   s( 4) = (     0         -1          0      )
                  (     1         -1          0      )
                  (     0         -1          1      )

 cart.    s( 4) = ( -0.5000000  0.8660254  0.0000000 )
                  ( -0.8660254 -0.5000000  0.0000000 )
                  (  0.0000000  0.0000000  1.0000000 )


      isym =  5     180 deg rotation - cryst. axis [0,1,0]       

 cryst.   s( 5) = (     0         -1          0      )
                  (    -1          0          0      )
                  (     0          0         -1      )

 cart.    s( 5) = ( -0.5000000 -0.8660254  0.0000000 )
                  ( -0.8660254  0.5000000  0.0000000 )
                  (  0.0000000  0.0000000 -1.0000000 )


      isym =  6     180 deg rotation - cryst. axis [1,1,0]       

 cryst.   s( 6) = (    -1          1          0      )
                  (     0          1          0      )
                  (     0          1         -1      )

 cart.    s( 6) = ( -0.5000000  0.8660254  0.0000000 )
                  (  0.8660254  0.5000000 -0.0000000 )
                  (  0.0000000  0.0000000 -1.0000000 )


      isym =  7     inversion                                    

 cryst.   s( 7) = (    -1          0          0      )
                  (     0         -1          0      )
                  (     0          0         -1      )

 cart.    s( 7) = ( -1.0000000  0.0000000  0.0000000 )
                  (  0.0000000 -1.0000000 -0.0000000 )
                  (  0.0000000  0.0000000 -1.0000000 )


      isym =  8     inv. 180 deg rotation - cart. axis [1,0,0]   

 cryst.   s( 8) = (    -1          0          0      )
                  (    -1          1          0      )
                  (    -1          0          1      )

 cart.    s( 8) = ( -1.0000000  0.0000000  0.0000000 )
                  (  0.0000000  1.0000000  0.0000000 )
                  (  0.0000000  0.0000000  1.0000000 )


      isym =  9     inv. 120 deg rotation - cryst. axis [0,0,1]  

 cryst.   s( 9) = (     1         -1          0      )
                  (     1          0          0      )
                  (     1          0         -1      )

 cart.    s( 9) = (  0.5000000  0.8660254 -0.0000000 )
                  ( -0.8660254  0.5000000  0.0000000 )
                  (  0.0000000  0.0000000 -1.0000000 )


      isym = 10     inv. 120 deg rotation - cryst. axis [0,0,-1] 

 cryst.   s(10) = (     0          1          0      )
                  (    -1          1          0      )
                  (     0          1         -1      )

 cart.    s(10) = (  0.5000000 -0.8660254 -0.0000000 )
                  (  0.8660254  0.5000000 -0.0000000 )
                  (  0.0000000  0.0000000 -1.0000000 )


      isym = 11     inv. 180 deg rotation - cryst. axis [0,1,0]  

 cryst.   s(11) = (     0          1          0      )
                  (     1          0          0      )
                  (     0          0          1      )

 cart.    s(11) = (  0.5000000  0.8660254  0.0000000 )
                  (  0.8660254 -0.5000000 -0.0000000 )
                  (  0.0000000  0.0000000  1.0000000 )


      isym = 12     inv. 180 deg rotation - cryst. axis [1,1,0]  

 cryst.   s(12) = (     1         -1          0      )
                  (     0         -1          0      )
                  (     0         -1          1      )

 cart.    s(12) = (  0.5000000 -0.8660254  0.0000000 )
                  ( -0.8660254 -0.5000000  0.0000000 )
                  (  0.0000000  0.0000000  1.0000000 )


   Cartesian axes

     site n.     atom                  positions (alat units)
         1           Y   tau(   1) = (   0.5000000   0.2886751   0.2041241  )
         2           Y   tau(   2) = (   1.5000000   0.8660254   0.6123724  )
         3           Tl  tau(   3) = (   0.0000000   0.0000000   0.0000000  )
         4           Hg  tau(   4) = (   1.0000000   0.5773503   0.4082483  )

   Crystallographic axes

     site n.     atom                  positions (cryst. coord.)
         1           Y   tau(   1) = (  0.2500000  0.2500000  0.2500000  )
         2           Y   tau(   2) = (  0.7500000  0.7500000  0.7500000  )
         3           Tl  tau(   3) = (  0.0000000  0.0000000  0.0000000  )
         4           Hg  tau(   4) = (  0.5000000  0.5000000  0.5000000  )

     number of k points=     1  Methfessel-Paxton smearing, width (Ry)=  0.0010
                       cart. coord. in units 2pi/alat
        k(    1) = (   0.0000000   0.0000000   0.0000000), wk =   2.0000000

                       cryst. coord.
        k(    1) = (   0.0000000   0.0000000   0.0000000), wk =   2.0000000

     Dense  grid:    22620 G-vectors     FFT dimensions: (  50,  50,  50)

     Smooth grid:     8073 G-vectors     FFT dimensions: (  36,  36,  36)

     Dynamical RAM for                 wfc:       0.52 MB

     Dynamical RAM for     wfc (w. buffer):       0.52 MB

     Dynamical RAM for           str. fact:       1.04 MB

     Dynamical RAM for           local pot:       0.00 MB

     Dynamical RAM for          nlocal pot:       1.31 MB

     Dynamical RAM for                qrad:       8.96 MB

     Dynamical RAM for          rho,v,vnew:       3.90 MB

     Dynamical RAM for               rhoin:       1.30 MB

     Dynamical RAM for            rho*nmix:       5.52 MB

     Dynamical RAM for           G-vectors:       1.36 MB

     Dynamical RAM for          h,s,v(r/c):       0.11 MB

     Dynamical RAM for          <psi|beta>:       0.02 MB

     Dynamical RAM for                 psi:       1.04 MB

     Dynamical RAM for                hpsi:       1.04 MB

     Dynamical RAM for                spsi:       1.04 MB

     Dynamical RAM for      wfcinit/wfcrot:       1.42 MB

     Dynamical RAM for           addusdens:      69.03 MB

     Dynamical RAM for          addusforce:      69.90 MB

     Dynamical RAM for         addusstress:      77.66 MB

     Estimated static dynamical RAM per process >      24.53 MB

     Estimated max dynamical RAM per process >     107.71 MB

     Check: negative core charge=   -0.000006

     Initial potential from superposition of free atoms

     starting charge      54.9861, renormalised to      55.0000

     negative rho (up, down):  1.370E-01 0.000E+00
     Starting wfcs are   45 randomized atomic wfcs

     total cpu time spent up to now is        3.4 secs

     Self-consistent Calculation

     iteration #  1     ecut=    30.00 Ry     beta= 0.70
     Davidson diagonalization with overlap

---- Real-time Memory Report at c_bands before calling an iterative solver
           320 MiB given to the printing process from OS
             0 MiB allocation reported by mallinfo(arena+hblkhd)
        113944 MiB available memory on the node where the printing process lives
------------------
     ethr =  1.00E-02,  avg # of iterations =  2.0

     Threshold (ethr) on eigenvalues was too large:
     Diagonalizing with lowered threshold

     Davidson diagonalization with overlap

---- Real-time Memory Report at c_bands before calling an iterative solver
           468 MiB given to the printing process from OS
             0 MiB allocation reported by mallinfo(arena+hblkhd)
        113818 MiB available memory on the node where the printing process lives
------------------
     ethr =  4.16E-04,  avg # of iterations =  2.0

     negative rho (up, down):  1.319E-01 0.000E+00

     total cpu time spent up to now is        4.1 secs

     total energy              =    -630.00667395 Ry
     estimated scf accuracy    <       0.24091088 Ry

     iteration #  2     ecut=    30.00 Ry     beta= 0.70
     Davidson diagonalization with overlap

---- Real-time Memory Report at c_bands before calling an iterative solver
           485 MiB given to the printing process from OS
             0 MiB allocation reported by mallinfo(arena+hblkhd)
        113742 MiB available memory on the node where the printing process lives
------------------
     ethr =  4.38E-04,  avg # of iterations =  4.0

     negative rho (up, down):  1.321E-01 0.000E+00

     total cpu time spent up to now is        4.5 secs

     total energy              =    -630.08699226 Ry
     estimated scf accuracy    <       0.28489316 Ry

     iteration #  3     ecut=    30.00 Ry     beta= 0.70
     Davidson diagonalization with overlap

---- Real-time Memory Report at c_bands before calling an iterative solver
           488 MiB given to the printing process from OS
             0 MiB allocation reported by mallinfo(arena+hblkhd)
        113731 MiB available memory on the node where the printing process lives
------------------
     ethr =  4.38E-04,  avg # of iterations =  2.0

     negative rho (up, down):  1.322E-01 0.000E+00

     total cpu time spent up to now is        4.9 secs

     total energy              =    -630.13371719 Ry
     estimated scf accuracy    <       0.02144434 Ry

     iteration #  4     ecut=    30.00 Ry     beta= 0.70
     Davidson diagonalization with overlap

---- Real-time Memory Report at c_bands before calling an iterative solver
           492 MiB given to the printing process from OS
             0 MiB allocation reported by mallinfo(arena+hblkhd)
        113732 MiB available memory on the node where the printing process lives
------------------
     ethr =  3.90E-05,  avg # of iterations = 14.0

     negative rho (up, down):  1.322E-01 0.000E+00

     total cpu time spent up to now is        5.3 secs

     total energy              =    -630.13663867 Ry
     estimated scf accuracy    <       0.01551718 Ry

     iteration #  5     ecut=    30.00 Ry     beta= 0.70
     Davidson diagonalization with overlap

---- Real-time Memory Report at c_bands before calling an iterative solver
           492 MiB given to the printing process from OS
             0 MiB allocation reported by mallinfo(arena+hblkhd)
        113735 MiB available memory on the node where the printing process lives
------------------
     ethr =  2.82E-05,  avg # of iterations =  2.0

     negative rho (up, down):  1.319E-01 0.000E+00

     total cpu time spent up to now is        5.6 secs

     total energy              =    -630.13714764 Ry
     estimated scf accuracy    <       0.00545043 Ry

     iteration #  6     ecut=    30.00 Ry     beta= 0.70
     Davidson diagonalization with overlap

---- Real-time Memory Report at c_bands before calling an iterative solver
           493 MiB given to the printing process from OS
             0 MiB allocation reported by mallinfo(arena+hblkhd)
        113734 MiB available memory on the node where the printing process lives
------------------
     ethr =  9.91E-06,  avg # of iterations =  1.0

     negative rho (up, down):  1.319E-01 0.000E+00

     total cpu time spent up to now is        6.0 secs

     total energy              =    -630.13752441 Ry
     estimated scf accuracy    <       0.00988840 Ry

     iteration #  7     ecut=    30.00 Ry     beta= 0.70
     Davidson diagonalization with overlap

---- Real-time Memory Report at c_bands before calling an iterative solver
           493 MiB given to the printing process from OS
             0 MiB allocation reported by mallinfo(arena+hblkhd)
        113737 MiB available memory on the node where the printing process lives
------------------
     ethr =  9.91E-06,  avg # of iterations =  1.0

     negative rho (up, down):  1.318E-01 0.000E+00

     total cpu time spent up to now is        6.3 secs

     total energy              =    -630.13737621 Ry
     estimated scf accuracy    <       0.00408547 Ry

     iteration #  8     ecut=    30.00 Ry     beta= 0.70
     Davidson diagonalization with overlap

---- Real-time Memory Report at c_bands before calling an iterative solver
           493 MiB given to the printing process from OS
             0 MiB allocation reported by mallinfo(arena+hblkhd)
        113717 MiB available memory on the node where the printing process lives
------------------
     ethr =  7.43E-06,  avg # of iterations =  1.0

     negative rho (up, down):  1.318E-01 0.000E+00

     total cpu time spent up to now is        6.6 secs

     total energy              =    -630.13752326 Ry
     estimated scf accuracy    <       0.00586678 Ry

     iteration #  9     ecut=    30.00 Ry     beta= 0.70
     Davidson diagonalization with overlap

---- Real-time Memory Report at c_bands before calling an iterative solver
           493 MiB given to the printing process from OS
             0 MiB allocation reported by mallinfo(arena+hblkhd)
        113726 MiB available memory on the node where the printing process lives
------------------
     ethr =  7.43E-06,  avg # of iterations =  1.0

     negative rho (up, down):  1.317E-01 0.000E+00

     total cpu time spent up to now is        6.9 secs

     total energy              =    -630.13755372 Ry
     estimated scf accuracy    <       0.00061668 Ry

     iteration # 10     ecut=    30.00 Ry     beta= 0.70
     Davidson diagonalization with overlap

---- Real-time Memory Report at c_bands before calling an iterative solver
           493 MiB given to the printing process from OS
             0 MiB allocation reported by mallinfo(arena+hblkhd)
        113726 MiB available memory on the node where the printing process lives
------------------
     ethr =  1.12E-06,  avg # of iterations =  1.0

     negative rho (up, down):  1.317E-01 0.000E+00

     total cpu time spent up to now is        7.2 secs

     total energy              =    -630.13756411 Ry
     estimated scf accuracy    <       0.00000239 Ry

     iteration # 11     ecut=    30.00 Ry     beta= 0.70
     Davidson diagonalization with overlap

---- Real-time Memory Report at c_bands before calling an iterative solver
           493 MiB given to the printing process from OS
             0 MiB allocation reported by mallinfo(arena+hblkhd)
        113725 MiB available memory on the node where the printing process lives
------------------
     ethr =  4.35E-09,  avg # of iterations =  4.0

     negative rho (up, down):  1.317E-01 0.000E+00

     total cpu time spent up to now is        7.6 secs

     total energy              =    -630.13756509 Ry
     estimated scf accuracy    <       0.00001077 Ry

     iteration # 12     ecut=    30.00 Ry     beta= 0.70
     Davidson diagonalization with overlap

---- Real-time Memory Report at c_bands before calling an iterative solver
           495 MiB given to the printing process from OS
             0 MiB allocation reported by mallinfo(arena+hblkhd)
        113738 MiB available memory on the node where the printing process lives
------------------
     ethr =  4.35E-09,  avg # of iterations =  1.0

     negative rho (up, down):  1.317E-01 0.000E+00

     total cpu time spent up to now is        8.0 secs

     total energy              =    -630.13756503 Ry
     estimated scf accuracy    <       0.00000272 Ry

     iteration # 13     ecut=    30.00 Ry     beta= 0.70
     Davidson diagonalization with overlap

---- Real-time Memory Report at c_bands before calling an iterative solver
           495 MiB given to the printing process from OS
             0 MiB allocation reported by mallinfo(arena+hblkhd)
        113731 MiB available memory on the node where the printing process lives
------------------
     ethr =  4.35E-09,  avg # of iterations =  1.0

     negative rho (up, down):  1.317E-01 0.000E+00

     total cpu time spent up to now is        8.4 secs

     End of self-consistent calculation

          k = 0.0000 0.0000 0.0000 (   995 PWs)   bands (ev):

  -104.0675 -51.8902 -51.8902 -51.8901 -30.4180 -30.3831 -10.4934 -10.4933
   -10.4933 -10.3401 -10.3400 -10.3400   1.3059   1.3059   1.3059   1.3528
     1.3528   4.2430   5.3597   5.3597   5.3597   5.4162   5.4162   9.4706
    10.4935  10.4936  10.4936  12.8195  12.8195  16.1845  16.1845  16.1846
    16.2603  16.2603

     occupation numbers 
     1.0000   1.0000   1.0000   1.0000   1.0000   1.0000   1.0000   1.0000
     1.0000   1.0000   1.0000   1.0000   1.0000   1.0000   1.0000   1.0000
     1.0000   1.0000   1.0000   1.0000   1.0000   1.0000   1.0000   1.0000
     1.0000   1.0000   1.0000   0.2513   0.2487  -0.0000  -0.0000  -0.0000
    -0.0000  -0.0000

     the Fermi energy is    12.8153 ev

!    total energy              =    -630.13756503 Ry
     estimated scf accuracy    <       0.00000030 Ry
     smearing contrib. (-TS)   =      -0.00041261 Ry
     internal energy E=F+TS    =    -630.13715242 Ry

     The total energy is F=E-TS. E is the sum of the following terms:
     one-electron contribution =    -233.15015392 Ry
     hartree contribution      =     137.61595827 Ry
     xc contribution           =    -133.51114939 Ry
     ewald contribution        =    -401.09180738 Ry

     convergence has been achieved in  13 iterations

     negative rho (up, down):  1.317E-01 0.000E+00

     Forces acting on atoms (cartesian axes, Ry/au):

     atom    1 type  1   force =    -0.00000000    0.00000000    0.00000374
     atom    2 type  1   force =     0.00000000    0.00000000   -0.00000374
     atom    3 type  2   force =     0.00000000    0.00000000    0.00000000
     atom    4 type  3   force =     0.00000000    0.00000000    0.00000000
     The non-local contrib.  to forces
     atom    1 type  1   force =     0.00000000    0.00000000   -0.00000026
     atom    2 type  1   force =     0.00000000    0.00000000    0.00000026
     atom    3 type  2   force =     0.00000000    0.00000000    0.00000000
     atom    4 type  3   force =     0.00000000    0.00000000   -0.00000000
     The ionic contribution  to forces
     atom    1 type  1   force =     0.00000000   -0.00000000   -0.00000000
     atom    2 type  1   force =    -0.00000000   -0.00000000    0.00000000
     atom    3 type  2   force =    -0.00000000   -0.00000000   -0.00000000
     atom    4 type  3   force =     0.00000000    0.00000000    0.00000000
     The local contribution  to forces
     atom    1 type  1   force =    -0.00000741   -0.00001542    0.00000908
     atom    2 type  1   force =     0.00000795    0.00000394   -0.00000951
     atom    3 type  2   force =    -0.00000110    0.00000396   -0.00002281
     atom    4 type  3   force =    -0.00008487    0.00001763    0.00006387
     The core correction contribution to forces
     atom    1 type  1   force =    -0.00000031   -0.00000121    0.00000034
     atom    2 type  1   force =     0.00000071    0.00000016    0.00000021
     atom    3 type  2   force =    -0.00000125   -0.00000150   -0.00000178
     atom    4 type  3   force =     0.00000000    0.00000000    0.00000000
     The Hubbard contrib.    to forces
     atom    1 type  1   force =     0.00000000    0.00000000    0.00000000
     atom    2 type  1   force =     0.00000000    0.00000000    0.00000000
     atom    3 type  2   force =     0.00000000    0.00000000    0.00000000
     atom    4 type  3   force =     0.00000000    0.00000000    0.00000000
     The SCF correction term to forces
     atom    1 type  1   force =     0.00000195    0.00001346   -0.00000083
     atom    2 type  1   force =    -0.00000404   -0.00000722    0.00000988
     atom    3 type  2   force =    -0.00003193    0.00000827    0.00000070
     atom    4 type  3   force =     0.00010084   -0.00004299   -0.00006530

     Total force =     0.000005     Total SCF correction =     0.000133
     SCF correction compared to forces is large: reduce conv_thr to get better values


     Computing stress (Cartesian axis) and pressure


     negative rho (up, down):  1.317E-01 0.000E+00
          total   stress  (Ry/bohr**3)                   (kbar)     P=     -364.00
  -0.00247443  -0.00000000  -0.00000000         -364.00       -0.00       -0.00
   0.00000000  -0.00247443   0.00000000            0.00     -364.00        0.00
   0.00000000  -0.00000000  -0.00247446            0.00       -0.00     -364.01

     kinetic stress (kbar)  20383.34      0.00      0.00
                                0.00  20383.34      0.00
                                0.00      0.00  20383.34

     local   stress (kbar)  -7768.66      0.68     -0.97
                                0.68  -7768.07      0.42
                               -0.97      0.42  -7768.36

     nonloc. stress (kbar)  10305.56     -0.00     -0.00
                               -0.00  10305.56     -0.00
                               -0.00     -0.00  10305.56

     hartree stress (kbar)   9340.09     -0.11      0.16
                               -0.11   9339.99     -0.07
                                0.16     -0.07   9340.04

     exc-cor stress (kbar)   9437.30     -0.01      0.01
                               -0.01   9437.29     -0.01
                                0.01     -0.01   9437.30

     corecor stress (kbar) -14839.65      0.01     -0.01
                                0.01 -14839.64      0.00
                               -0.01      0.00 -14839.65

     ewald   stress (kbar) -27222.23     -0.00     -0.00
                               -0.00 -27222.23      0.00
                               -0.00      0.00 -27222.23

     hubbard stress (kbar)      0.00      0.00      0.00
                                0.00      0.00      0.00
                                0.00      0.00      0.00

     DFT-D   stress (kbar)      0.00      0.00      0.00
                                0.00      0.00      0.00
                                0.00      0.00      0.00

     XDM     stress (kbar)      0.00      0.00      0.00
                                0.00      0.00      0.00
                                0.00      0.00      0.00

     dft-nl  stress (kbar)      0.00      0.00      0.00
                                0.00      0.00      0.00
                                0.00      0.00      0.00

     TS-vdW  stress (kbar)      0.00      0.00      0.00
                                0.00      0.00      0.00
                                0.00      0.00      0.00


                                0.00      0.00      0.00
                                0.00      0.00      0.00


                                0.00      0.00      0.00


     Writing all to output data dir new_calculations/myprefix.save/

 %%%%%%%%%%%%%%%%%%%%%%%%%%%%%%%%%%%%%%%%%%%%%%%%%%%%%%%%%%%%%%%%%%%%%%%%%%%%%%
     Error in routine write_rhog (1):
     error opening file new_calculations/myprefix.save/charge-density
 %%%%%%%%%%%%%%%%%%%%%%%%%%%%%%%%%%%%%%%%%%%%%%%%%%%%%%%%%%%%%%%%%%%%%%%%%%%%%%

     stopping ...
