
     Program PWSCF v.7.0 starts on 21May2023 at  9:49: 5 

     This program is part of the open-source Quantum ESPRESSO suite
     for quantum simulation of materials; please cite
         "P. Giannozzi et al., J. Phys.:Condens. Matter 21 395502 (2009);
         "P. Giannozzi et al., J. Phys.:Condens. Matter 29 465901 (2017);
         "P. Giannozzi et al., J. Chem. Phys. 152 154105 (2020);
          URL http://www.quantum-espresso.org", 
     in publications or presentations arising from this work. More details at
     http://www.quantum-espresso.org/quote

     Parallel version (MPI & OpenMP), running on      32 processor cores
     Number of MPI processes:                 1
     Threads/MPI process:                    32

     MPI processes distributed on     1 nodes
     60989 MiB available memory on the printing compute node when the environment starts
 
     Reading input from espresso_23560.pwi
Warning: card &CELL ignored
Warning: card / ignored

     Current dimensions of program PWSCF are:
     Max number of different atomic species (ntypx) = 10
     Max number of k-points (npk) =  40000
     Max angular momentum in pseudopotentials (lmaxx) =  4

     gamma-point specific algorithms are used
     Message from routine setup:
     no reason to have ecutrho>4*ecutwfc
     Message from routine setup:
     using ibrav=0 with symmetry is DISCOURAGED, use correct ibrav instead

     Subspace diagonalization in iterative solution of the eigenvalue problem:
     a serial algorithm will be used

 
     G-vector sticks info
     --------------------
     sticks:   dense  smooth     PW     G-vecs:    dense   smooth      PW
     Sum        1813     913    223                37279    13209    1661
 
     Using Slab Decomposition
 


     bravais-lattice index     =            0
     lattice parameter (alat)  =      10.5067  a.u.
     unit-cell volume          =     594.4876 (a.u.)^3
     number of atoms/cell      =            3
     number of atomic types    =            1
     number of electrons       =        60.00
     number of Kohn-Sham states=           36
     kinetic-energy cutoff     =      30.0000  Ry
     charge density cutoff     =     240.0000  Ry
     scf convergence threshold =      1.0E-06
     mixing beta               =       0.7000
     number of iterations used =            8  plain     mixing
     Exchange-correlation= PBE
                           (   1   4   3   4   0   0   0)

     celldm(1)=  10.506709  celldm(2)=   0.000000  celldm(3)=   0.000000
     celldm(4)=   0.000000  celldm(5)=   0.000000  celldm(6)=   0.000000

     crystal axes: (cart. coord. in units of alat)
               a(1) = (   1.000000   0.000000   0.000000 )  
               a(2) = (  -0.500000   0.866025   0.000000 )  
               a(3) = (   0.000000   0.000000   0.591850 )  

     reciprocal axes: (cart. coord. in units 2 pi/alat)
               b(1) = (  1.000000  0.577350  0.000000 )  
               b(2) = (  0.000000  1.154700  0.000000 )  
               b(3) = (  0.000000  0.000000  1.689616 )  


     PseudoPot. # 1 for Hg read from file:
     /home/pragov/projects/rrg-bengioy-ad/pragov/crystal_structure_design/SSSP/Hg_ONCV_PBE-1.0.oncvpsp.upf
     MD5 check sum: dd5a8773074bfcf4280086d4d95875c4
     Pseudo is Norm-conserving, Zval = 20.0
     Generated using ONCVPSP code by D. R. Hamann
     Using radial grid of 1262 points,  8 beta functions with: 
                l(1) =   0
                l(2) =   0
                l(3) =   1
                l(4) =   1
                l(5) =   2
                l(6) =   2
                l(7) =   3
                l(8) =   3

     atomic species   valence    mass     pseudopotential
        Hg            20.00   200.59200     Hg( 1.00)

     24 Sym. Ops., with inversion, found


                                    s                        frac. trans.

      isym =  1     identity                                     

 cryst.   s( 1) = (     1          0          0      )
                  (     0          1          0      )
                  (     0          0          1      )

 cart.    s( 1) = (  1.0000000  0.0000000  0.0000000 )
                  (  0.0000000  1.0000000  0.0000000 )
                  (  0.0000000  0.0000000  1.0000000 )


      isym =  2     180 deg rotation - cart. axis [0,0,1]        

 cryst.   s( 2) = (    -1          0          0      )
                  (     0         -1          0      )
                  (     0          0          1      )

 cart.    s( 2) = ( -1.0000000 -0.0000000  0.0000000 )
                  (  0.0000000 -1.0000000  0.0000000 )
                  (  0.0000000  0.0000000  1.0000000 )


      isym =  3     180 deg rotation - cart. axis [0,1,0]        

 cryst.   s( 3) = (    -1          0          0      )
                  (     1          1          0      )
                  (     0          0         -1      )

 cart.    s( 3) = ( -1.0000000  0.0000004  0.0000000 )
                  (  0.0000000  1.0000000  0.0000000 )
                  (  0.0000000  0.0000000 -1.0000000 )


      isym =  4     180 deg rotation - cart. axis [1,0,0]        

 cryst.   s( 4) = (     1          0          0      )
                  (    -1         -1          0      )
                  (     0          0         -1      )

 cart.    s( 4) = (  1.0000000 -0.0000004  0.0000000 )
                  (  0.0000000 -1.0000000  0.0000000 )
                  (  0.0000000  0.0000000 -1.0000000 )


      isym =  5      60 deg rotation - cryst. axis [0,0,1]       

 cryst.   s( 5) = (     1          1          0      )
                  (    -1          0          0      )
                  (     0          0          1      )

 cart.    s( 5) = (  0.5000002 -0.8660253  0.0000000 )
                  (  0.8660255  0.4999998  0.0000000 )
                  (  0.0000000  0.0000000  1.0000000 )


      isym =  6      60 deg rotation - cryst. axis [0,0,-1]      

 cryst.   s( 6) = (     0         -1          0      )
                  (     1          1          0      )
                  (     0          0          1      )

 cart.    s( 6) = (  0.4999998  0.8660253  0.0000000 )
                  ( -0.8660255  0.5000002  0.0000000 )
                  (  0.0000000  0.0000000  1.0000000 )


      isym =  7     120 deg rotation - cryst. axis [0,0,1]       

 cryst.   s( 7) = (     0          1          0      )
                  (    -1         -1          0      )
                  (     0          0          1      )

 cart.    s( 7) = ( -0.4999998 -0.8660253  0.0000000 )
                  (  0.8660255 -0.5000002  0.0000000 )
                  (  0.0000000  0.0000000  1.0000000 )


      isym =  8     120 deg rotation - cryst. axis [0,0,-1]      

 cryst.   s( 8) = (    -1         -1          0      )
                  (     1          0          0      )
                  (     0          0          1      )

 cart.    s( 8) = ( -0.5000002  0.8660253  0.0000000 )
                  ( -0.8660255 -0.4999998  0.0000000 )
                  (  0.0000000  0.0000000  1.0000000 )


      isym =  9     180 deg rotation - cryst. axis [1,-1,0]      

 cryst.   s( 9) = (     0         -1          0      )
                  (    -1          0          0      )
                  (     0          0         -1      )

 cart.    s( 9) = (  0.4999998 -0.8660255  0.0000000 )
                  ( -0.8660255 -0.4999998  0.0000000 )
                  (  0.0000000  0.0000000 -1.0000000 )


      isym = 10     180 deg rotation - cryst. axis [2,1,0]       

 cryst.   s(10) = (     1          1          0      )
                  (     0         -1          0      )
                  (     0          0         -1      )

 cart.    s(10) = (  0.5000002  0.8660251  0.0000000 )
                  (  0.8660255 -0.5000002  0.0000000 )
                  (  0.0000000  0.0000000 -1.0000000 )


      isym = 11     180 deg rotation - cryst. axis [0,1,0]       

 cryst.   s(11) = (    -1         -1          0      )
                  (     0          1          0      )
                  (     0          0         -1      )

 cart.    s(11) = ( -0.5000002 -0.8660251  0.0000000 )
                  ( -0.8660255  0.5000002  0.0000000 )
                  (  0.0000000  0.0000000 -1.0000000 )


      isym = 12     180 deg rotation - cryst. axis [1,1,0]       

 cryst.   s(12) = (     0          1          0      )
                  (     1          0          0      )
                  (     0          0         -1      )

 cart.    s(12) = ( -0.4999998  0.8660255  0.0000000 )
                  (  0.8660255  0.4999998  0.0000000 )
                  (  0.0000000  0.0000000 -1.0000000 )


      isym = 13     inversion                                    

 cryst.   s(13) = (    -1          0          0      )
                  (     0         -1          0      )
                  (     0          0         -1      )

 cart.    s(13) = ( -1.0000000 -0.0000000  0.0000000 )
                  (  0.0000000 -1.0000000  0.0000000 )
                  (  0.0000000  0.0000000 -1.0000000 )


      isym = 14     inv. 180 deg rotation - cart. axis [0,0,1]   

 cryst.   s(14) = (     1          0          0      )
                  (     0          1          0      )
                  (     0          0         -1      )

 cart.    s(14) = (  1.0000000  0.0000000  0.0000000 )
                  (  0.0000000  1.0000000  0.0000000 )
                  (  0.0000000  0.0000000 -1.0000000 )


      isym = 15     inv. 180 deg rotation - cart. axis [0,1,0]   

 cryst.   s(15) = (     1          0          0      )
                  (    -1         -1          0      )
                  (     0          0          1      )

 cart.    s(15) = (  1.0000000 -0.0000004  0.0000000 )
                  (  0.0000000 -1.0000000  0.0000000 )
                  (  0.0000000  0.0000000  1.0000000 )


      isym = 16     inv. 180 deg rotation - cart. axis [1,0,0]   

 cryst.   s(16) = (    -1          0          0      )
                  (     1          1          0      )
                  (     0          0          1      )

 cart.    s(16) = ( -1.0000000  0.0000004  0.0000000 )
                  (  0.0000000  1.0000000  0.0000000 )
                  (  0.0000000  0.0000000  1.0000000 )


      isym = 17     inv.  60 deg rotation - cryst. axis [0,0,1]  

 cryst.   s(17) = (    -1         -1          0      )
                  (     1          0          0      )
                  (     0          0         -1      )

 cart.    s(17) = ( -0.5000002  0.8660253  0.0000000 )
                  ( -0.8660255 -0.4999998  0.0000000 )
                  (  0.0000000  0.0000000 -1.0000000 )


      isym = 18     inv.  60 deg rotation - cryst. axis [0,0,-1] 

 cryst.   s(18) = (     0          1          0      )
                  (    -1         -1          0      )
                  (     0          0         -1      )

 cart.    s(18) = ( -0.4999998 -0.8660253  0.0000000 )
                  (  0.8660255 -0.5000002  0.0000000 )
                  (  0.0000000  0.0000000 -1.0000000 )


      isym = 19     inv. 120 deg rotation - cryst. axis [0,0,1]  

 cryst.   s(19) = (     0         -1          0      )
                  (     1          1          0      )
                  (     0          0         -1      )

 cart.    s(19) = (  0.4999998  0.8660253  0.0000000 )
                  ( -0.8660255  0.5000002  0.0000000 )
                  (  0.0000000  0.0000000 -1.0000000 )


      isym = 20     inv. 120 deg rotation - cryst. axis [0,0,-1] 

 cryst.   s(20) = (     1          1          0      )
                  (    -1          0          0      )
                  (     0          0         -1      )

 cart.    s(20) = (  0.5000002 -0.8660253  0.0000000 )
                  (  0.8660255  0.4999998  0.0000000 )
                  (  0.0000000  0.0000000 -1.0000000 )


      isym = 21     inv. 180 deg rotation - cryst. axis [1,-1,0] 

 cryst.   s(21) = (     0          1          0      )
                  (     1          0          0      )
                  (     0          0          1      )

 cart.    s(21) = ( -0.4999998  0.8660255  0.0000000 )
                  (  0.8660255  0.4999998  0.0000000 )
                  (  0.0000000  0.0000000  1.0000000 )


      isym = 22     inv. 180 deg rotation - cryst. axis [2,1,0]  

 cryst.   s(22) = (    -1         -1          0      )
                  (     0          1          0      )
                  (     0          0          1      )

 cart.    s(22) = ( -0.5000002 -0.8660251  0.0000000 )
                  ( -0.8660255  0.5000002  0.0000000 )
                  (  0.0000000  0.0000000  1.0000000 )


      isym = 23     inv. 180 deg rotation - cryst. axis [0,1,0]  

 cryst.   s(23) = (     1          1          0      )
                  (     0         -1          0      )
                  (     0          0          1      )

 cart.    s(23) = (  0.5000002  0.8660251  0.0000000 )
                  (  0.8660255 -0.5000002  0.0000000 )
                  (  0.0000000  0.0000000  1.0000000 )


      isym = 24     inv. 180 deg rotation - cryst. axis [1,1,0]  

 cryst.   s(24) = (     0         -1          0      )
                  (    -1          0          0      )
                  (     0          0          1      )

 cart.    s(24) = (  0.4999998 -0.8660255  0.0000000 )
                  ( -0.8660255 -0.4999998  0.0000000 )
                  (  0.0000000  0.0000000  1.0000000 )


   Cartesian axes

     site n.     atom                  positions (alat units)
         1           Hg  tau(   1) = (  -0.0000004   0.5773506   0.2959252  )
         2           Hg  tau(   2) = (   0.5000006   0.2886749   0.2959252  )
         3           Hg  tau(   3) = (   0.0000000   0.0000000   0.0000000  )

   Crystallographic axes

     site n.     atom                  positions (cryst. coord.)
         1           Hg  tau(   1) = (  0.3333330  0.6666670  0.5000000  )
         2           Hg  tau(   2) = (  0.6666670  0.3333330  0.5000000  )
         3           Hg  tau(   3) = (  0.0000000  0.0000000  0.0000000  )

     number of k points=     1  Methfessel-Paxton smearing, width (Ry)=  0.0010
                       cart. coord. in units 2pi/alat
        k(    1) = (   0.0000000   0.0000000   0.0000000), wk =   2.0000000

                       cryst. coord.
        k(    1) = (   0.0000000   0.0000000   0.0000000), wk =   2.0000000

     Dense  grid:    18640 G-vectors     FFT dimensions: (  54,  54,  32)

     Smooth grid:     6605 G-vectors     FFT dimensions: (  40,  40,  24)

     Dynamical RAM for                 wfc:       0.45 MB

     Dynamical RAM for     wfc (w. buffer):       0.45 MB

     Dynamical RAM for           str. fact:       0.28 MB

     Dynamical RAM for           local pot:       0.00 MB

     Dynamical RAM for          nlocal pot:       1.21 MB

     Dynamical RAM for                qrad:       2.99 MB

     Dynamical RAM for          rho,v,vnew:       2.99 MB

     Dynamical RAM for               rhoin:       1.00 MB

     Dynamical RAM for            rho*nmix:       4.55 MB

     Dynamical RAM for           G-vectors:       1.12 MB

     Dynamical RAM for          h,s,v(r/c):       0.12 MB

     Dynamical RAM for          <psi|beta>:       0.03 MB

     Dynamical RAM for                 psi:       0.91 MB

     Dynamical RAM for                hpsi:       0.91 MB

     Dynamical RAM for      wfcinit/wfcrot:       0.94 MB

     Estimated static dynamical RAM per process >      14.16 MB

     Estimated max dynamical RAM per process >      20.67 MB

     Initial potential from superposition of free atoms

     starting charge      59.9998, renormalised to      60.0000
     Starting wfcs are   30 randomized atomic wfcs +    6 random wfcs

     total cpu time spent up to now is        7.0 secs

     Self-consistent Calculation

     iteration #  1     ecut=    30.00 Ry     beta= 0.70
     Davidson diagonalization with overlap

---- Real-time Memory Report at c_bands before calling an iterative solver
           213 MiB given to the printing process from OS
             0 MiB allocation reported by mallinfo(arena+hblkhd)
         60950 MiB available memory on the node where the printing process lives
------------------
     ethr =  1.00E-02,  avg # of iterations =  6.0

     Threshold (ethr) on eigenvalues was too large:
     Diagonalizing with lowered threshold

     Davidson diagonalization with overlap

---- Real-time Memory Report at c_bands before calling an iterative solver
           267 MiB given to the printing process from OS
             0 MiB allocation reported by mallinfo(arena+hblkhd)
         60894 MiB available memory on the node where the printing process lives
------------------
     ethr =  1.18E-04,  avg # of iterations =  2.0

     total cpu time spent up to now is       11.2 secs

     total energy              =    -929.92658028 Ry
     estimated scf accuracy    <       0.08084247 Ry

     iteration #  2     ecut=    30.00 Ry     beta= 0.70
     Davidson diagonalization with overlap

---- Real-time Memory Report at c_bands before calling an iterative solver
           279 MiB given to the printing process from OS
             0 MiB allocation reported by mallinfo(arena+hblkhd)
         60908 MiB available memory on the node where the printing process lives
------------------
     ethr =  1.35E-04,  avg # of iterations =  2.0

     total cpu time spent up to now is       12.4 secs

     total energy              =    -929.94562597 Ry
     estimated scf accuracy    <       0.02304891 Ry

     iteration #  3     ecut=    30.00 Ry     beta= 0.70
     Davidson diagonalization with overlap

---- Real-time Memory Report at c_bands before calling an iterative solver
           282 MiB given to the printing process from OS
             0 MiB allocation reported by mallinfo(arena+hblkhd)
         60905 MiB available memory on the node where the printing process lives
------------------
     ethr =  3.84E-05,  avg # of iterations =  2.0

     total cpu time spent up to now is       12.6 secs

     total energy              =    -929.95096184 Ry
     estimated scf accuracy    <       0.00062121 Ry

     iteration #  4     ecut=    30.00 Ry     beta= 0.70
     Davidson diagonalization with overlap

---- Real-time Memory Report at c_bands before calling an iterative solver
           282 MiB given to the printing process from OS
             0 MiB allocation reported by mallinfo(arena+hblkhd)
         60906 MiB available memory on the node where the printing process lives
------------------
     ethr =  1.04E-06,  avg # of iterations =  2.0

     total cpu time spent up to now is       12.8 secs

     total energy              =    -929.95101092 Ry
     estimated scf accuracy    <       0.00002237 Ry

     iteration #  5     ecut=    30.00 Ry     beta= 0.70
     Davidson diagonalization with overlap

---- Real-time Memory Report at c_bands before calling an iterative solver
           282 MiB given to the printing process from OS
             0 MiB allocation reported by mallinfo(arena+hblkhd)
         60905 MiB available memory on the node where the printing process lives
------------------
     ethr =  3.73E-08,  avg # of iterations =  3.0

     total cpu time spent up to now is       13.1 secs

     total energy              =    -929.95102157 Ry
     estimated scf accuracy    <       0.00000209 Ry

     iteration #  6     ecut=    30.00 Ry     beta= 0.70
     Davidson diagonalization with overlap

---- Real-time Memory Report at c_bands before calling an iterative solver
           282 MiB given to the printing process from OS
             0 MiB allocation reported by mallinfo(arena+hblkhd)
         60904 MiB available memory on the node where the printing process lives
------------------
     ethr =  3.49E-09,  avg # of iterations =  2.0

     total cpu time spent up to now is       13.4 secs

     End of self-consistent calculation

          k = 0.0000 0.0000 0.0000 (   831 PWs)   bands (ev):

  -104.3894-104.3889-104.2905 -52.3198 -52.3197 -52.3000 -52.2999 -52.1932
   -52.1931 -52.1705 -52.1663 -52.1004   3.6183   4.2076   4.5969   4.6672
     4.6829   4.6830   4.8361   4.8362   4.9392   4.9392   5.1133   5.1133
     5.1795   5.1795   5.5466   5.5467   9.5285   9.9042  13.0434  13.0437
    13.1023  13.1025  18.8488  23.3554

     occupation numbers 
     1.0000   1.0000   1.0000   1.0000   1.0000   1.0000   1.0000   1.0000
     1.0000   1.0000   1.0000   1.0000   1.0000   1.0000   1.0000   1.0000
     1.0000   1.0000   1.0000   1.0000   1.0000   1.0000   1.0000   1.0000
     1.0000   1.0000   1.0000   1.0000   1.0000   1.0000  -0.0000  -0.0000
    -0.0000  -0.0000  -0.0000  -0.0000

     the Fermi energy is    11.4899 ev

!    total energy              =    -929.95102185 Ry
     estimated scf accuracy    <       0.00000047 Ry
     smearing contrib. (-TS)   =       0.00000000 Ry
     internal energy E=F+TS    =    -929.95102185 Ry

     The total energy is F=E-TS. E is the sum of the following terms:
     one-electron contribution =    -514.76682686 Ry
     hartree contribution      =     260.61991366 Ry
     xc contribution           =     -82.21981667 Ry
     ewald contribution        =    -593.58429198 Ry

     convergence has been achieved in   6 iterations

     Forces acting on atoms (cartesian axes, Ry/au):

     atom    1 type  1   force =    -0.00000000    0.00000000    0.00000000
     atom    2 type  1   force =     0.00000000   -0.00000000    0.00000000
     atom    3 type  1   force =     0.00000000   -0.00000000    0.00000000
     The non-local contrib.  to forces
     atom    1 type  1   force =    -0.00000000   -0.00000000    0.00000000
     atom    2 type  1   force =     0.00000000    0.00000000    0.00000000
     atom    3 type  1   force =     0.00000000    0.00000000    0.00000000
     The ionic contribution  to forces
     atom    1 type  1   force =     0.00013653   -0.00007883   -0.00000000
     atom    2 type  1   force =    -0.00013653    0.00007883   -0.00000000
     atom    3 type  1   force =     0.00000000    0.00000000    0.00000000
     The local contribution  to forces
     atom    1 type  1   force =    -0.00187512    0.00139361    0.00007055
     atom    2 type  1   force =     0.00050525   -0.00056539   -0.00007854
     atom    3 type  1   force =     0.00136280   -0.00060405   -0.00001168
     The core correction contribution to forces
     atom    1 type  1   force =     0.00000000    0.00000000    0.00000000
     atom    2 type  1   force =     0.00000000    0.00000000    0.00000000
     atom    3 type  1   force =     0.00000000    0.00000000    0.00000000
     The Hubbard contrib.    to forces
     atom    1 type  1   force =     0.00000000    0.00000000    0.00000000
     atom    2 type  1   force =     0.00000000    0.00000000    0.00000000
     atom    3 type  1   force =     0.00000000    0.00000000    0.00000000
     The SCF correction term to forces
     atom    1 type  1   force =     0.00216153   -0.00165627   -0.00005853
     atom    2 type  1   force =    -0.00051765    0.00069308    0.00007502
     atom    3 type  1   force =    -0.00171925    0.00075509    0.00004191

     Total force =     0.000000     Total SCF correction =     0.003421


     Computing stress (Cartesian axis) and pressure

          total   stress  (Ry/bohr**3)                   (kbar)     P=     -844.40
  -0.00470051   0.00000000   0.00000000         -691.47        0.00        0.00
   0.00000000  -0.00470051   0.00000000            0.00     -691.47        0.00
   0.00000000   0.00000000  -0.00781936            0.00        0.00    -1150.27

     kinetic stress (kbar)  46344.46     -0.01      0.00
                               -0.01  46344.45      0.00
                                0.00      0.00  46043.83

     local   stress (kbar) -19363.63     -0.06      0.00
                               -0.06 -19363.69     -0.00
                                0.00     -0.00 -20757.38

     nonloc. stress (kbar)   6573.65     -0.00      0.00
                               -0.00   6573.65      0.00
                                0.00      0.00   6750.52

     hartree stress (kbar)  21236.77      0.03     -0.00
                                0.03  21236.80      0.00
                               -0.00      0.00  22016.44

     exc-cor stress (kbar)  -6432.15      0.00     -0.00
                                0.00  -6432.15      0.00
                               -0.00      0.00  -6423.23

     corecor stress (kbar)      0.00      0.00      0.00
                                0.00      0.00      0.00
                                0.00      0.00      0.00

     ewald   stress (kbar) -49050.56      0.01     -0.00
                                0.01 -49050.54     -0.00
                               -0.00     -0.00 -48780.45

     hubbard stress (kbar)      0.00      0.00      0.00
                                0.00      0.00      0.00
                                0.00      0.00      0.00

     DFT-D   stress (kbar)      0.00      0.00      0.00
                                0.00      0.00      0.00
                                0.00      0.00      0.00

     XDM     stress (kbar)      0.00      0.00      0.00
                                0.00      0.00      0.00
                                0.00      0.00      0.00

     dft-nl  stress (kbar)      0.00      0.00      0.00
                                0.00      0.00      0.00
                                0.00      0.00      0.00

     TS-vdW  stress (kbar)      0.00      0.00      0.00
                                0.00      0.00      0.00
                                0.00      0.00      0.00


                                0.00      0.00      0.00
                                0.00      0.00      0.00


                                0.00      0.00      0.00


     Writing all to output data dir new_calculations/myprefix.save/
 
     init_run     :    163.04s CPU      6.99s WALL (       1 calls)
     electrons    :    182.78s CPU      6.36s WALL (       1 calls)
     forces       :      0.21s CPU      0.01s WALL (       1 calls)
     stress       :      1.07s CPU      0.04s WALL (       1 calls)

     Called by init_run:
     wfcinit      :     53.45s CPU      2.14s WALL (       1 calls)
     wfcinit:atom :      0.02s CPU      0.00s WALL (       1 calls)
     wfcinit:wfcr :     53.38s CPU      2.14s WALL (       1 calls)
     potinit      :     57.62s CPU      2.42s WALL (       1 calls)
     hinit0       :     51.96s CPU      2.42s WALL (       1 calls)

     Called by electrons:
     c_bands      :    161.40s CPU      5.64s WALL (       7 calls)
     sum_band     :     18.29s CPU      0.61s WALL (       7 calls)
     v_of_rho     :      2.28s CPU      0.08s WALL (       7 calls)
     v_h          :      0.19s CPU      0.01s WALL (       7 calls)
     v_xc         :      2.07s CPU      0.08s WALL (       7 calls)
     mix_rho      :      0.39s CPU      0.01s WALL (       7 calls)

     Called by c_bands:
     init_us_2    :      0.18s CPU      0.01s WALL (      15 calls)
     init_us_2:cp :      0.16s CPU      0.01s WALL (      15 calls)
     regterg      :    160.63s CPU      5.61s WALL (       7 calls)

     Called by sum_band:
     sum_band:wei :      0.01s CPU      0.00s WALL (       7 calls)
     sum_band:loo :     17.82s CPU      0.60s WALL (       7 calls)
     sum_band:buf :      0.00s CPU      0.00s WALL (       7 calls)
     sum_band:ini :      0.08s CPU      0.00s WALL (       7 calls)

     Called by *egterg:
     rdiaghg      :      1.26s CPU      0.05s WALL (      25 calls)
     regterg:over :      4.24s CPU      0.15s WALL (      19 calls)
     regterg:upda :      0.13s CPU      0.00s WALL (      19 calls)
     regterg:last :      0.24s CPU      0.01s WALL (      14 calls)
     h_psi        :    204.57s CPU      7.41s WALL (      27 calls)
     g_psi        :      0.04s CPU      0.00s WALL (      19 calls)

     Called by h_psi:
     h_psi:calbec :      4.61s CPU      0.17s WALL (      27 calls)
     vloc_psi     :    199.68s CPU      7.23s WALL (      27 calls)
     add_vuspsi   :      0.10s CPU      0.01s WALL (      27 calls)

     General routines
     calbec       :      4.58s CPU      0.17s WALL (      32 calls)
     fft          :     50.85s CPU      2.28s WALL (      75 calls)
     ffts         :     56.92s CPU      2.39s WALL (      14 calls)
     fftw         :    214.15s CPU      7.71s WALL (     806 calls)
     interpolate  :     57.14s CPU      2.40s WALL (       7 calls)
 
     Parallel routines
 
     PWSCF        :   5m52.39s CPU     13.62s WALL

 
   This run was terminated on:   9:49:19  21May2023            

=------------------------------------------------------------------------------=
   JOB DONE.
=------------------------------------------------------------------------------=
