
     Program PWSCF v.7.0 starts on 20May2023 at 12:26:25 

     This program is part of the open-source Quantum ESPRESSO suite
     for quantum simulation of materials; please cite
         "P. Giannozzi et al., J. Phys.:Condens. Matter 21 395502 (2009);
         "P. Giannozzi et al., J. Phys.:Condens. Matter 29 465901 (2017);
         "P. Giannozzi et al., J. Chem. Phys. 152 154105 (2020);
          URL http://www.quantum-espresso.org", 
     in publications or presentations arising from this work. More details at
     http://www.quantum-espresso.org/quote

     Parallel version (MPI & OpenMP), running on      32 processor cores
     Number of MPI processes:                 1
     Threads/MPI process:                    32

     MPI processes distributed on     1 nodes
     140146 MiB available memory on the printing compute node when the environment starts
 
     Reading input from espresso_1408.pwi
Warning: card &CELL ignored
Warning: card / ignored

     Current dimensions of program PWSCF are:
     Max number of different atomic species (ntypx) = 10
     Max number of k-points (npk) =  40000
     Max angular momentum in pseudopotentials (lmaxx) =  4

     gamma-point specific algorithms are used
     Message from routine setup:
     using ibrav=0 with symmetry is DISCOURAGED, use correct ibrav instead

     Subspace diagonalization in iterative solution of the eigenvalue problem:
     a serial algorithm will be used

 
     G-vector sticks info
     --------------------
     sticks:   dense  smooth     PW     G-vecs:    dense   smooth      PW
     Sum        1519     757    199                39189    13803    1759
 
     Using Slab Decomposition
 


     bravais-lattice index     =            0
     lattice parameter (alat)  =       9.5775  a.u.
     unit-cell volume          =     621.2051 (a.u.)^3
     number of atoms/cell      =            4
     number of atomic types    =            3
     number of electrons       =        90.00
     number of Kohn-Sham states=           54
     kinetic-energy cutoff     =      30.0000  Ry
     charge density cutoff     =     240.0000  Ry
     scf convergence threshold =      1.0E-06
     mixing beta               =       0.7000
     number of iterations used =            8  plain     mixing
     Exchange-correlation= PBE
                           (   1   4   3   4   0   0   0)

     celldm(1)=   9.577452  celldm(2)=   0.000000  celldm(3)=   0.000000
     celldm(4)=   0.000000  celldm(5)=   0.000000  celldm(6)=   0.000000

     crystal axes: (cart. coord. in units of alat)
               a(1) = (   1.000000   0.000000   0.000000 )  
               a(2) = (   0.500000   0.866025   0.000000 )  
               a(3) = (   0.500000   0.288675   0.816497 )  

     reciprocal axes: (cart. coord. in units 2 pi/alat)
               b(1) = (  1.000000 -0.577350 -0.408248 )  
               b(2) = (  0.000000  1.154701 -0.408248 )  
               b(3) = (  0.000000  0.000000  1.224745 )  


     PseudoPot. # 1 for Lu read from file:
     /home/pragov/projects/rrg-bengioy-ad/pragov/crystal_structure_design/SSSP/Lu.GGA-PBE-paw-v1.0.UPF
     MD5 check sum: 9ceca61ee0c17e9380a83635bfffa61d
     Pseudo is Projector augmented-wave + core cor, Zval = 25.0
     Generated using ATOMPAW code
     Shape of augmentation charge: BESSEL
     Using radial grid of 1118 points,  8 beta functions with: 
                l(1) =   0
                l(2) =   0
                l(3) =   1
                l(4) =   1
                l(5) =   2
                l(6) =   2
                l(7) =   3
                l(8) =   3
     Q(r) pseudized with 0 coefficients 


     PseudoPot. # 2 for Zn read from file:
     /home/pragov/projects/rrg-bengioy-ad/pragov/crystal_structure_design/SSSP/Zn_pbe_v1.uspp.F.UPF
     MD5 check sum: df62231357ef9e81f77b2b3087fa5675
     Pseudo is Ultrasoft, Zval = 20.0
     Generated by new atomic code, or converted to UPF format
     Using radial grid of  943 points,  6 beta functions with: 
                l(1) =   0
                l(2) =   0
                l(3) =   1
                l(4) =   1
                l(5) =   2
                l(6) =   2
     Q(r) pseudized with  8 coefficients,  rinner =    1.100   1.100   1.100
                                                       1.100   1.100

     PseudoPot. # 3 for Hg read from file:
     /home/pragov/projects/rrg-bengioy-ad/pragov/crystal_structure_design/SSSP/Hg_ONCV_PBE-1.0.oncvpsp.upf
     MD5 check sum: dd5a8773074bfcf4280086d4d95875c4
     Pseudo is Norm-conserving, Zval = 20.0
     Generated using ONCVPSP code by D. R. Hamann
     Using radial grid of 1262 points,  8 beta functions with: 
                l(1) =   0
                l(2) =   0
                l(3) =   1
                l(4) =   1
                l(5) =   2
                l(6) =   2
                l(7) =   3
                l(8) =   3

     atomic species   valence    mass     pseudopotential
        Lu            25.00   174.96680     Lu( 1.00)
        Zn            20.00    65.38000     Zn( 1.00)
        Hg            20.00   200.59200     Hg( 1.00)

     12 Sym. Ops., with inversion, found


                                    s                        frac. trans.

      isym =  1     identity                                     

 cryst.   s( 1) = (     1          0          0      )
                  (     0          1          0      )
                  (     0          0          1      )

 cart.    s( 1) = (  1.0000000  0.0000000  0.0000000 )
                  (  0.0000000  1.0000000 -0.0000000 )
                  (  0.0000000  0.0000000  1.0000000 )


      isym =  2     180 deg rotation - cart. axis [1,0,0]        

 cryst.   s( 2) = (     1          0          0      )
                  (     1         -1          0      )
                  (     1          0         -1      )

 cart.    s( 2) = (  1.0000000  0.0000000  0.0000000 )
                  (  0.0000000 -1.0000000  0.0000000 )
                  (  0.0000000  0.0000000 -1.0000000 )


      isym =  3     120 deg rotation - cryst. axis [0,0,1]       

 cryst.   s( 3) = (    -1          1          0      )
                  (    -1          0          0      )
                  (    -1          0          1      )

 cart.    s( 3) = ( -0.5000000 -0.8660254  0.0000000 )
                  (  0.8660254 -0.5000000  0.0000000 )
                  (  0.0000000  0.0000000  1.0000000 )


      isym =  4     120 deg rotation - cryst. axis [0,0,-1]      

 cryst.   s( 4) = (     0         -1          0      )
                  (     1         -1          0      )
                  (     0         -1          1      )

 cart.    s( 4) = ( -0.5000000  0.8660254 -0.0000000 )
                  ( -0.8660254 -0.5000000  0.0000000 )
                  (  0.0000000  0.0000000  1.0000000 )


      isym =  5     180 deg rotation - cryst. axis [0,1,0]       

 cryst.   s( 5) = (     0         -1          0      )
                  (    -1          0          0      )
                  (     0          0         -1      )

 cart.    s( 5) = ( -0.5000000 -0.8660254  0.0000000 )
                  ( -0.8660254  0.5000000 -0.0000000 )
                  (  0.0000000  0.0000000 -1.0000000 )


      isym =  6     180 deg rotation - cryst. axis [1,1,0]       

 cryst.   s( 6) = (    -1          1          0      )
                  (     0          1          0      )
                  (     0          1         -1      )

 cart.    s( 6) = ( -0.5000000  0.8660254 -0.0000000 )
                  (  0.8660254  0.5000000 -0.0000000 )
                  (  0.0000000  0.0000000 -1.0000000 )


      isym =  7     inversion                                    

 cryst.   s( 7) = (    -1          0          0      )
                  (     0         -1          0      )
                  (     0          0         -1      )

 cart.    s( 7) = ( -1.0000000  0.0000000  0.0000000 )
                  (  0.0000000 -1.0000000  0.0000000 )
                  (  0.0000000  0.0000000 -1.0000000 )


      isym =  8     inv. 180 deg rotation - cart. axis [1,0,0]   

 cryst.   s( 8) = (    -1          0          0      )
                  (    -1          1          0      )
                  (    -1          0          1      )

 cart.    s( 8) = ( -1.0000000  0.0000000  0.0000000 )
                  (  0.0000000  1.0000000 -0.0000000 )
                  (  0.0000000  0.0000000  1.0000000 )


      isym =  9     inv. 120 deg rotation - cryst. axis [0,0,1]  

 cryst.   s( 9) = (     1         -1          0      )
                  (     1          0          0      )
                  (     1          0         -1      )

 cart.    s( 9) = (  0.5000000  0.8660254 -0.0000000 )
                  ( -0.8660254  0.5000000 -0.0000000 )
                  (  0.0000000  0.0000000 -1.0000000 )


      isym = 10     inv. 120 deg rotation - cryst. axis [0,0,-1] 

 cryst.   s(10) = (     0          1          0      )
                  (    -1          1          0      )
                  (     0          1         -1      )

 cart.    s(10) = (  0.5000000 -0.8660254  0.0000000 )
                  (  0.8660254  0.5000000 -0.0000000 )
                  (  0.0000000  0.0000000 -1.0000000 )


      isym = 11     inv. 180 deg rotation - cryst. axis [0,1,0]  

 cryst.   s(11) = (     0          1          0      )
                  (     1          0          0      )
                  (     0          0          1      )

 cart.    s(11) = (  0.5000000  0.8660254 -0.0000000 )
                  (  0.8660254 -0.5000000  0.0000000 )
                  (  0.0000000  0.0000000  1.0000000 )


      isym = 12     inv. 180 deg rotation - cryst. axis [1,1,0]  

 cryst.   s(12) = (     1         -1          0      )
                  (     0         -1          0      )
                  (     0         -1          1      )

 cart.    s(12) = (  0.5000000 -0.8660254  0.0000000 )
                  ( -0.8660254 -0.5000000  0.0000000 )
                  (  0.0000000  0.0000000  1.0000000 )


   Cartesian axes

     site n.     atom                  positions (alat units)
         1           Lu  tau(   1) = (   0.5000000   0.2886751   0.2041241  )
         2           Lu  tau(   2) = (   1.5000000   0.8660254   0.6123724  )
         3           Zn  tau(   3) = (   0.0000000   0.0000000   0.0000000  )
         4           Hg  tau(   4) = (   1.0000000   0.5773503   0.4082483  )

   Crystallographic axes

     site n.     atom                  positions (cryst. coord.)
         1           Lu  tau(   1) = (  0.2500000  0.2500000  0.2500000  )
         2           Lu  tau(   2) = (  0.7500000  0.7500000  0.7500000  )
         3           Zn  tau(   3) = (  0.0000000  0.0000000  0.0000000  )
         4           Hg  tau(   4) = (  0.5000000  0.5000000  0.5000000  )

     number of k points=     1  Methfessel-Paxton smearing, width (Ry)=  0.0010
                       cart. coord. in units 2pi/alat
        k(    1) = (   0.0000000   0.0000000   0.0000000), wk =   2.0000000

                       cryst. coord.
        k(    1) = (   0.0000000   0.0000000   0.0000000), wk =   2.0000000

     Dense  grid:    19595 G-vectors     FFT dimensions: (  48,  48,  48)

     Smooth grid:     6902 G-vectors     FFT dimensions: (  36,  36,  36)

     Dynamical RAM for                 wfc:       0.71 MB

     Dynamical RAM for     wfc (w. buffer):       0.71 MB

     Dynamical RAM for           str. fact:       0.90 MB

     Dynamical RAM for           local pot:       0.00 MB

     Dynamical RAM for          nlocal pot:       1.50 MB

     Dynamical RAM for                qrad:       8.96 MB

     Dynamical RAM for          rho,v,vnew:       3.43 MB

     Dynamical RAM for               rhoin:       1.14 MB

     Dynamical RAM for            rho*nmix:       4.78 MB

     Dynamical RAM for           G-vectors:       1.17 MB

     Dynamical RAM for          h,s,v(r/c):       0.27 MB

     Dynamical RAM for          <psi|beta>:       0.05 MB

     Dynamical RAM for                 psi:       1.42 MB

     Dynamical RAM for                hpsi:       1.42 MB

     Dynamical RAM for                spsi:       1.42 MB

     Dynamical RAM for      wfcinit/wfcrot:       2.46 MB

     Dynamical RAM for           addusdens:     166.54 MB

     Dynamical RAM for          addusforce:     167.31 MB

     Dynamical RAM for         addusstress:     174.02 MB

     Estimated static dynamical RAM per process >      23.22 MB

     Estimated max dynamical RAM per process >     202.02 MB

     Initial potential from superposition of free atoms

     starting charge      89.9922, renormalised to      90.0000
     Starting wfcs are   87 randomized atomic wfcs
     Checking if some PAW data can be deallocated... 

     total cpu time spent up to now is        6.4 secs

     Self-consistent Calculation

     iteration #  1     ecut=    30.00 Ry     beta= 0.70
     Davidson diagonalization with overlap

---- Real-time Memory Report at c_bands before calling an iterative solver
           472 MiB given to the printing process from OS
             0 MiB allocation reported by mallinfo(arena+hblkhd)
        139890 MiB available memory on the node where the printing process lives
------------------
     ethr =  1.00E-02,  avg # of iterations =  2.0

     Threshold (ethr) on eigenvalues was too large:
     Diagonalizing with lowered threshold

     Davidson diagonalization with overlap

---- Real-time Memory Report at c_bands before calling an iterative solver
           702 MiB given to the printing process from OS
             0 MiB allocation reported by mallinfo(arena+hblkhd)
        139804 MiB available memory on the node where the printing process lives
------------------
     ethr =  2.89E-04,  avg # of iterations =  6.0

     total cpu time spent up to now is        7.9 secs

     total energy              =   -2931.75102036 Ry
     estimated scf accuracy    <       0.28334907 Ry

     iteration #  2     ecut=    30.00 Ry     beta= 0.70
     Davidson diagonalization with overlap

---- Real-time Memory Report at c_bands before calling an iterative solver
           717 MiB given to the printing process from OS
             0 MiB allocation reported by mallinfo(arena+hblkhd)
        139789 MiB available memory on the node where the printing process lives
------------------
     ethr =  3.15E-04,  avg # of iterations =  3.0

     total cpu time spent up to now is        8.9 secs

     total energy              =   -2931.81569444 Ry
     estimated scf accuracy    <       0.27975250 Ry

     iteration #  3     ecut=    30.00 Ry     beta= 0.70
     Davidson diagonalization with overlap

---- Real-time Memory Report at c_bands before calling an iterative solver
           731 MiB given to the printing process from OS
             0 MiB allocation reported by mallinfo(arena+hblkhd)
        139776 MiB available memory on the node where the printing process lives
------------------
     ethr =  3.11E-04,  avg # of iterations =  3.0

     total cpu time spent up to now is        9.9 secs

     total energy              =   -2931.87488371 Ry
     estimated scf accuracy    <       0.00434084 Ry

     iteration #  4     ecut=    30.00 Ry     beta= 0.70
     Davidson diagonalization with overlap

---- Real-time Memory Report at c_bands before calling an iterative solver
           734 MiB given to the printing process from OS
             0 MiB allocation reported by mallinfo(arena+hblkhd)
        139775 MiB available memory on the node where the printing process lives
------------------
     ethr =  4.82E-06,  avg # of iterations = 13.0

     total cpu time spent up to now is       11.1 secs

     total energy              =   -2931.87563057 Ry
     estimated scf accuracy    <       0.00662083 Ry

     iteration #  5     ecut=    30.00 Ry     beta= 0.70
     Davidson diagonalization with overlap

---- Real-time Memory Report at c_bands before calling an iterative solver
           734 MiB given to the printing process from OS
             0 MiB allocation reported by mallinfo(arena+hblkhd)
        139775 MiB available memory on the node where the printing process lives
------------------
     ethr =  4.82E-06,  avg # of iterations =  2.0

     total cpu time spent up to now is       12.1 secs

     total energy              =   -2931.87705299 Ry
     estimated scf accuracy    <       0.00022175 Ry

     iteration #  6     ecut=    30.00 Ry     beta= 0.70
     Davidson diagonalization with overlap

---- Real-time Memory Report at c_bands before calling an iterative solver
           734 MiB given to the printing process from OS
             0 MiB allocation reported by mallinfo(arena+hblkhd)
        139775 MiB available memory on the node where the printing process lives
------------------
     ethr =  2.46E-07,  avg # of iterations =  3.0

     total cpu time spent up to now is       13.1 secs

     total energy              =   -2931.87710758 Ry
     estimated scf accuracy    <       0.00003094 Ry

     iteration #  7     ecut=    30.00 Ry     beta= 0.70
     Davidson diagonalization with overlap

---- Real-time Memory Report at c_bands before calling an iterative solver
           734 MiB given to the printing process from OS
             0 MiB allocation reported by mallinfo(arena+hblkhd)
        139775 MiB available memory on the node where the printing process lives
------------------
     ethr =  3.44E-08,  avg # of iterations =  3.0

     total cpu time spent up to now is       14.2 secs

     total energy              =   -2931.87712139 Ry
     estimated scf accuracy    <       0.00000386 Ry

     iteration #  8     ecut=    30.00 Ry     beta= 0.70
     Davidson diagonalization with overlap

---- Real-time Memory Report at c_bands before calling an iterative solver
           736 MiB given to the printing process from OS
             0 MiB allocation reported by mallinfo(arena+hblkhd)
        139773 MiB available memory on the node where the printing process lives
------------------
     ethr =  4.29E-09,  avg # of iterations =  2.0

     total cpu time spent up to now is       15.2 secs

     End of self-consistent calculation

          k = 0.0000 0.0000 0.0000 (   880 PWs)   bands (ev):

  -110.2805-101.1748 -64.3482 -64.3482 -64.3481 -49.0472 -49.0472 -49.0472
   -41.3949 -41.3779 -12.1022 -12.1021 -12.1021 -11.9601 -11.9600 -11.9600
     7.3112   8.0798   8.0798   8.0798   8.0877   8.0877   8.9698   8.9698
     8.9698   9.0719   9.0720   9.9566   9.9566   9.9566   9.9596   9.9644
     9.9645   9.9645   9.9789   9.9790   9.9790  10.0064  10.0064  10.0064
    10.0322  13.5948  13.5948  13.5948  14.8111  15.9244  15.9244  19.8022
    19.8023  19.8023  20.1518  20.1518  20.1518  20.7293

     occupation numbers 
     1.0000   1.0000   1.0000   1.0000   1.0000   1.0000   1.0000   1.0000
     1.0000   1.0000   1.0000   1.0000   1.0000   1.0000   1.0000   1.0000
     1.0000   1.0000   1.0000   1.0000   1.0000   1.0000   1.0000   1.0000
     1.0000   1.0000   1.0000   1.0000   1.0000   1.0000   1.0000   1.0000
     1.0000   1.0000   1.0000   1.0000   1.0000   1.0000   1.0000   1.0000
     1.0000   1.0000   1.0000   1.0000   1.0000  -0.0000  -0.0000  -0.0000
    -0.0000  -0.0000  -0.0000  -0.0000  -0.0000  -0.0000

     the Fermi energy is    15.7372 ev

!    total energy              =   -2931.87712198 Ry
     estimated scf accuracy    <       0.00000019 Ry
     smearing contrib. (-TS)   =       0.00000000 Ry
     internal energy E=F+TS    =   -2931.87712198 Ry

     The total energy is F=E-TS. E is the sum of the following terms:
     one-electron contribution =   -1327.32860654 Ry
     hartree contribution      =     624.92757788 Ry
     xc contribution           =    -152.25836930 Ry
     ewald contribution        =   -1095.69158428 Ry
     one-center paw contrib.   =    -981.52613974 Ry
      -> PAW hartree energy AE =     983.71116836 Ry
      -> PAW hartree energy PS =    -846.57423073 Ry
      -> PAW xc energy AE      =   -1198.69360584 Ry
      -> PAW xc energy PS      =      80.03052848 Ry
      -> total E_H with PAW    =     762.06451551 Ry
      -> total E_XC with PAW   =   -1270.92144667 Ry

     convergence has been achieved in   8 iterations

     Forces acting on atoms (cartesian axes, Ry/au):

     atom    1 type  1   force =     0.00000000    0.00000000    0.00018222
     atom    2 type  1   force =     0.00000000    0.00000000   -0.00018222
     atom    3 type  2   force =     0.00000000    0.00000000    0.00000000
     atom    4 type  3   force =     0.00000000    0.00000000    0.00000000
     The non-local contrib.  to forces
     atom    1 type  1   force =     0.00000000   -0.00000000    0.00019033
     atom    2 type  1   force =     0.00000000    0.00000000   -0.00019033
     atom    3 type  2   force =    -0.00000000   -0.00000000    0.00000000
     atom    4 type  3   force =     0.00000000    0.00000000    0.00000000
     The ionic contribution  to forces
     atom    1 type  1   force =    -0.00000000   -0.00000000   -0.00000000
     atom    2 type  1   force =    -0.00000000    0.00000000   -0.00000000
     atom    3 type  2   force =    -0.00000000   -0.00000000    0.00000000
     atom    4 type  3   force =     0.00000000    0.00000000    0.00000000
     The local contribution  to forces
     atom    1 type  1   force =     0.00107542   -0.00059694   -0.00029569
     atom    2 type  1   force =    -0.00078347    0.00041168    0.00021611
     atom    3 type  2   force =     0.00006455    0.00011179   -0.00000553
     atom    4 type  3   force =    -0.00002595   -0.00023103   -0.00000084
     The core correction contribution to forces
     atom    1 type  1   force =     0.00000001   -0.00000001   -0.00000000
     atom    2 type  1   force =    -0.00000001    0.00000000    0.00000000
     atom    3 type  2   force =     0.00000000    0.00000000    0.00000000
     atom    4 type  3   force =     0.00000000    0.00000000    0.00000000
     The Hubbard contrib.    to forces
     atom    1 type  1   force =     0.00000000    0.00000000    0.00000000
     atom    2 type  1   force =     0.00000000    0.00000000    0.00000000
     atom    3 type  2   force =     0.00000000    0.00000000    0.00000000
     atom    4 type  3   force =     0.00000000    0.00000000    0.00000000
     The SCF correction term to forces
     atom    1 type  1   force =    -0.00142696    0.00073889    0.00030878
     atom    2 type  1   force =     0.00106222   -0.00045982   -0.00018680
     atom    3 type  2   force =    -0.00018492   -0.00020868    0.00003894
     atom    4 type  3   force =     0.00007129    0.00022837   -0.00001977

     Total force =     0.000258     Total SCF correction =     0.002047
     SCF correction compared to forces is large: reduce conv_thr to get better values


     Computing stress (Cartesian axis) and pressure

          total   stress  (Ry/bohr**3)                   (kbar)     P=     -491.56
  -0.00334157   0.00000000   0.00000000         -491.56        0.00        0.00
   0.00000000  -0.00334157   0.00000000            0.00     -491.56        0.00
   0.00000000   0.00000000  -0.00334155            0.00        0.00     -491.56

     kinetic stress (kbar)  29285.92     -0.00     -0.00
                               -0.00  29285.92     -0.00
                               -0.00     -0.00  29285.93

     local   stress (kbar)   2857.68      0.06      0.01
                                0.06   2857.63     -0.04
                                0.01     -0.04   2857.62

     nonloc. stress (kbar)  15987.83     -0.00      0.00
                               -0.00  15987.83     -0.00
                                0.00     -0.00  15987.84

     hartree stress (kbar)  49328.85     -0.04     -0.02
                               -0.04  49328.86      0.02
                               -0.02      0.02  49328.88

     exc-cor stress (kbar) -11461.30     -0.00     -0.00
                               -0.00 -11461.30      0.00
                               -0.00      0.00 -11461.30

     corecor stress (kbar)     -1.75      0.00      0.00
                                0.00     -1.75     -0.00
                                0.00     -0.00     -1.75

     ewald   stress (kbar) -86488.78     -0.00      0.00
                               -0.00 -86488.78     -0.00
                                0.00     -0.00 -86488.78

     hubbard stress (kbar)      0.00      0.00      0.00
                                0.00      0.00      0.00
                                0.00      0.00      0.00

     DFT-D   stress (kbar)      0.00      0.00      0.00
                                0.00      0.00      0.00
                                0.00      0.00      0.00

     XDM     stress (kbar)      0.00      0.00      0.00
                                0.00      0.00      0.00
                                0.00      0.00      0.00

     dft-nl  stress (kbar)      0.00      0.00      0.00
                                0.00      0.00      0.00
                                0.00      0.00      0.00

     TS-vdW  stress (kbar)      0.00      0.00      0.00
                                0.00      0.00      0.00
                                0.00      0.00      0.00


                                0.00      0.00      0.00
                                0.00      0.00      0.00


                                0.00      0.00      0.00


     Writing all to output data dir new_calculations/myprefix.save/
 
     init_run     :    145.43s CPU      5.95s WALL (       1 calls)
     electrons    :    262.19s CPU      8.87s WALL (       1 calls)
     forces       :      3.22s CPU      0.10s WALL (       1 calls)
     stress       :     10.26s CPU      0.34s WALL (       1 calls)

     Called by init_run:
     wfcinit      :     21.18s CPU      0.69s WALL (       1 calls)
     wfcinit:atom :      0.01s CPU      0.00s WALL (       1 calls)
     wfcinit:wfcr :     21.02s CPU      0.68s WALL (       1 calls)
     potinit      :     47.37s CPU      1.62s WALL (       1 calls)
     hinit0       :     70.69s CPU      3.40s WALL (       1 calls)

     Called by electrons:
     c_bands      :     79.98s CPU      2.54s WALL (       9 calls)
     sum_band     :     33.97s CPU      1.38s WALL (       9 calls)
     v_of_rho     :      3.42s CPU      0.12s WALL (       9 calls)
     v_h          :      0.24s CPU      0.01s WALL (       9 calls)
     v_xc         :      3.67s CPU      0.12s WALL (      11 calls)
     newd         :     21.58s CPU      0.71s WALL (       9 calls)
     PAW_pot      :    137.82s CPU      4.64s WALL (       9 calls)
     mix_rho      :      0.68s CPU      0.02s WALL (       9 calls)

     Called by c_bands:
     init_us_2    :      0.20s CPU      0.01s WALL (      19 calls)
     init_us_2:cp :      0.18s CPU      0.01s WALL (      19 calls)
     regterg      :     78.85s CPU      2.50s WALL (       9 calls)

     Called by sum_band:
     sum_band:wei :      0.01s CPU      0.00s WALL (       9 calls)
     sum_band:loo :     12.52s CPU      0.40s WALL (       9 calls)
     sum_band:buf :      0.01s CPU      0.00s WALL (       9 calls)
     sum_band:ini :      0.10s CPU      0.00s WALL (       9 calls)
     sum_band:cal :      0.06s CPU      0.00s WALL (       9 calls)
     sum_band:bec :      0.02s CPU      0.00s WALL (       9 calls)
     addusdens    :     20.51s CPU      0.95s WALL (       9 calls)
     addusd:skk   :      0.03s CPU      0.00s WALL (      18 calls)
     addusd:dgemm :      2.13s CPU      0.36s WALL (      18 calls)
     addusd:qvan2 :     17.77s CPU      0.57s WALL (      18 calls)

     Called by *egterg:
     rdiaghg      :      4.29s CPU      0.15s WALL (      45 calls)
     regterg:over :      0.13s CPU      0.00s WALL (      37 calls)
     regterg:upda :      0.20s CPU      0.01s WALL (      37 calls)
     regterg:last :      0.42s CPU      0.01s WALL (      19 calls)
     h_psi        :     93.71s CPU      2.98s WALL (      47 calls)
     s_psi        :      0.08s CPU      0.00s WALL (      47 calls)
     g_psi        :      0.03s CPU      0.00s WALL (      37 calls)

     Called by h_psi:
     h_psi:calbec :      0.24s CPU      0.01s WALL (      47 calls)
     vloc_psi     :     93.11s CPU      2.96s WALL (      47 calls)
     add_vuspsi   :      0.13s CPU      0.00s WALL (      47 calls)

     General routines
     calbec       :      0.24s CPU      0.01s WALL (      61 calls)
     fft          :     56.24s CPU      2.10s WALL (     118 calls)
     ffts         :     31.43s CPU      1.07s WALL (      18 calls)
     fftw         :     97.98s CPU      3.11s WALL (    1607 calls)
     interpolate  :     31.72s CPU      1.08s WALL (       9 calls)
 
     Parallel routines

     PAW routines
     PAW_pot      :    137.82s CPU      4.64s WALL (       9 calls)
     PAW_symme    :      0.49s CPU      0.02s WALL (      18 calls)
 
     PWSCF        :   7m 7.98s CPU     15.89s WALL

 
   This run was terminated on:  12:26:41  20May2023            

=------------------------------------------------------------------------------=
   JOB DONE.
=------------------------------------------------------------------------------=
