
     Program PWSCF v.7.0 starts on 20May2023 at 18:32:23 

     This program is part of the open-source Quantum ESPRESSO suite
     for quantum simulation of materials; please cite
         "P. Giannozzi et al., J. Phys.:Condens. Matter 21 395502 (2009);
         "P. Giannozzi et al., J. Phys.:Condens. Matter 29 465901 (2017);
         "P. Giannozzi et al., J. Chem. Phys. 152 154105 (2020);
          URL http://www.quantum-espresso.org", 
     in publications or presentations arising from this work. More details at
     http://www.quantum-espresso.org/quote

     Parallel version (MPI & OpenMP), running on      32 processor cores
     Number of MPI processes:                 1
     Threads/MPI process:                    32

     MPI processes distributed on     1 nodes
     171857 MiB available memory on the printing compute node when the environment starts
 
     Reading input from espresso_8712.pwi
Warning: card &CELL ignored
Warning: card / ignored

     Current dimensions of program PWSCF are:
     Max number of different atomic species (ntypx) = 10
     Max number of k-points (npk) =  40000
     Max angular momentum in pseudopotentials (lmaxx) =  4
     file Ga.pbe-dn-kjpaw_psl.1.0.0.UPF: wavefunction(s)  4S renormalized

     gamma-point specific algorithms are used
     Message from routine setup:
     using ibrav=0 with symmetry is DISCOURAGED, use correct ibrav instead

     Subspace diagonalization in iterative solution of the eigenvalue problem:
     a serial algorithm will be used

 
     G-vector sticks info
     --------------------
     sticks:   dense  smooth     PW     G-vecs:    dense   smooth      PW
     Sum        1045     517    127                22419     7823     965
 
     Using Slab Decomposition
 


     bravais-lattice index     =            0
     lattice parameter (alat)  =       7.9691  a.u.
     unit-cell volume          =     357.8644 (a.u.)^3
     number of atoms/cell      =            4
     number of atomic types    =            3
     number of electrons       =        60.00
     number of Kohn-Sham states=           36
     kinetic-energy cutoff     =      30.0000  Ry
     charge density cutoff     =     240.0000  Ry
     scf convergence threshold =      1.0E-06
     mixing beta               =       0.7000
     number of iterations used =            8  plain     mixing
     Exchange-correlation= PBE
                           (   1   4   3   4   0   0   0)

     celldm(1)=   7.969135  celldm(2)=   0.000000  celldm(3)=   0.000000
     celldm(4)=   0.000000  celldm(5)=   0.000000  celldm(6)=   0.000000

     crystal axes: (cart. coord. in units of alat)
               a(1) = (   1.000000   0.000000   0.000000 )  
               a(2) = (   0.500000   0.866025   0.000000 )  
               a(3) = (   0.500000   0.288675   0.816497 )  

     reciprocal axes: (cart. coord. in units 2 pi/alat)
               b(1) = (  1.000000 -0.577350 -0.408248 )  
               b(2) = (  0.000000  1.154701 -0.408248 )  
               b(3) = (  0.000000  0.000000  1.224745 )  


     PseudoPot. # 1 for Ga read from file:
     /home/pragov/projects/rrg-bengioy-ad/pragov/crystal_structure_design/SSSP/Ga.pbe-dn-kjpaw_psl.1.0.0.UPF
     MD5 check sum: a27b4342b1af7e5f338de752e9ed7044
     Pseudo is Projector augmented-wave + core cor, Zval = 13.0
     Generated using "atomic" code by A. Dal Corso  v.5.1
     Shape of augmentation charge: PSQ
     Using radial grid of 1205 points,  6 beta functions with: 
                l(1) =   0
                l(2) =   0
                l(3) =   1
                l(4) =   1
                l(5) =   2
                l(6) =   2
     Q(r) pseudized with 0 coefficients 


     PseudoPot. # 2 for Ni read from file:
     /home/pragov/projects/rrg-bengioy-ad/pragov/crystal_structure_design/SSSP/ni_pbe_v1.4.uspp.F.UPF
     MD5 check sum: 1ee80287db30b12d2bc1f57a5b5d6409
     Pseudo is Ultrasoft + core correction, Zval = 18.0
     Generated by new atomic code, or converted to UPF format
     Using radial grid of  865 points,  6 beta functions with: 
                l(1) =   0
                l(2) =   0
                l(3) =   1
                l(4) =   1
                l(5) =   2
                l(6) =   2
     Q(r) pseudized with 10 coefficients,  rinner =    0.980   0.980   0.980
                                                       0.980   0.980

     PseudoPot. # 3 for Ru read from file:
     /home/pragov/projects/rrg-bengioy-ad/pragov/crystal_structure_design/SSSP/Ru_ONCV_PBE-1.0.oncvpsp.upf
     MD5 check sum: be037bb81c227cfb9b1461a9f099f4bd
     Pseudo is Norm-conserving, Zval = 16.0
     Generated using ONCVPSP code by D. R. Hamann
     Using radial grid of 1458 points,  6 beta functions with: 
                l(1) =   0
                l(2) =   0
                l(3) =   1
                l(4) =   1
                l(5) =   2
                l(6) =   2

     atomic species   valence    mass     pseudopotential
        Ga            13.00    69.72300     Ga( 1.00)
        Ni            18.00    58.69340     Ni( 1.00)
        Ru            16.00   101.07000     Ru( 1.00)

     12 Sym. Ops., with inversion, found


                                    s                        frac. trans.

      isym =  1     identity                                     

 cryst.   s( 1) = (     1          0          0      )
                  (     0          1          0      )
                  (     0          0          1      )

 cart.    s( 1) = (  1.0000000  0.0000000  0.0000000 )
                  (  0.0000000  1.0000000 -0.0000000 )
                  (  0.0000000  0.0000000  1.0000000 )


      isym =  2     180 deg rotation - cart. axis [1,0,0]        

 cryst.   s( 2) = (     1          0          0      )
                  (     1         -1          0      )
                  (     1          0         -1      )

 cart.    s( 2) = (  1.0000000  0.0000000  0.0000000 )
                  (  0.0000000 -1.0000000  0.0000000 )
                  (  0.0000000  0.0000000 -1.0000000 )


      isym =  3     120 deg rotation - cryst. axis [0,0,1]       

 cryst.   s( 3) = (    -1          1          0      )
                  (    -1          0          0      )
                  (    -1          0          1      )

 cart.    s( 3) = ( -0.5000000 -0.8660254 -0.0000000 )
                  (  0.8660254 -0.5000000 -0.0000000 )
                  (  0.0000000  0.0000000  1.0000000 )


      isym =  4     120 deg rotation - cryst. axis [0,0,-1]      

 cryst.   s( 4) = (     0         -1          0      )
                  (     1         -1          0      )
                  (     0         -1          1      )

 cart.    s( 4) = ( -0.5000000  0.8660254  0.0000000 )
                  ( -0.8660254 -0.5000000 -0.0000000 )
                  (  0.0000000  0.0000000  1.0000000 )


      isym =  5     180 deg rotation - cryst. axis [0,1,0]       

 cryst.   s( 5) = (     0         -1          0      )
                  (    -1          0          0      )
                  (     0          0         -1      )

 cart.    s( 5) = ( -0.5000000 -0.8660254  0.0000000 )
                  ( -0.8660254  0.5000000  0.0000000 )
                  (  0.0000000  0.0000000 -1.0000000 )


      isym =  6     180 deg rotation - cryst. axis [1,1,0]       

 cryst.   s( 6) = (    -1          1          0      )
                  (     0          1          0      )
                  (     0          1         -1      )

 cart.    s( 6) = ( -0.5000000  0.8660254  0.0000000 )
                  (  0.8660254  0.5000000  0.0000000 )
                  (  0.0000000  0.0000000 -1.0000000 )


      isym =  7     inversion                                    

 cryst.   s( 7) = (    -1          0          0      )
                  (     0         -1          0      )
                  (     0          0         -1      )

 cart.    s( 7) = ( -1.0000000  0.0000000  0.0000000 )
                  (  0.0000000 -1.0000000  0.0000000 )
                  (  0.0000000  0.0000000 -1.0000000 )


      isym =  8     inv. 180 deg rotation - cart. axis [1,0,0]   

 cryst.   s( 8) = (    -1          0          0      )
                  (    -1          1          0      )
                  (    -1          0          1      )

 cart.    s( 8) = ( -1.0000000  0.0000000  0.0000000 )
                  (  0.0000000  1.0000000 -0.0000000 )
                  (  0.0000000  0.0000000  1.0000000 )


      isym =  9     inv. 120 deg rotation - cryst. axis [0,0,1]  

 cryst.   s( 9) = (     1         -1          0      )
                  (     1          0          0      )
                  (     1          0         -1      )

 cart.    s( 9) = (  0.5000000  0.8660254  0.0000000 )
                  ( -0.8660254  0.5000000  0.0000000 )
                  (  0.0000000  0.0000000 -1.0000000 )


      isym = 10     inv. 120 deg rotation - cryst. axis [0,0,-1] 

 cryst.   s(10) = (     0          1          0      )
                  (    -1          1          0      )
                  (     0          1         -1      )

 cart.    s(10) = (  0.5000000 -0.8660254  0.0000000 )
                  (  0.8660254  0.5000000  0.0000000 )
                  (  0.0000000  0.0000000 -1.0000000 )


      isym = 11     inv. 180 deg rotation - cryst. axis [0,1,0]  

 cryst.   s(11) = (     0          1          0      )
                  (     1          0          0      )
                  (     0          0          1      )

 cart.    s(11) = (  0.5000000  0.8660254  0.0000000 )
                  (  0.8660254 -0.5000000 -0.0000000 )
                  (  0.0000000  0.0000000  1.0000000 )


      isym = 12     inv. 180 deg rotation - cryst. axis [1,1,0]  

 cryst.   s(12) = (     1         -1          0      )
                  (     0         -1          0      )
                  (     0         -1          1      )

 cart.    s(12) = (  0.5000000 -0.8660254  0.0000000 )
                  ( -0.8660254 -0.5000000 -0.0000000 )
                  (  0.0000000  0.0000000  1.0000000 )


   Cartesian axes

     site n.     atom                  positions (alat units)
         1           Ga  tau(   1) = (   0.5000000   0.2886751   0.2041241  )
         2           Ga  tau(   2) = (   1.5000000   0.8660254   0.6123724  )
         3           Ni  tau(   3) = (   1.0000000   0.5773503   0.4082483  )
         4           Ru  tau(   4) = (   0.0000000   0.0000000   0.0000000  )

   Crystallographic axes

     site n.     atom                  positions (cryst. coord.)
         1           Ga  tau(   1) = (  0.2500000  0.2500000  0.2500000  )
         2           Ga  tau(   2) = (  0.7500000  0.7500000  0.7500000  )
         3           Ni  tau(   3) = (  0.5000000  0.5000000  0.5000000  )
         4           Ru  tau(   4) = (  0.0000000  0.0000000  0.0000000  )

     number of k points=     1  Methfessel-Paxton smearing, width (Ry)=  0.0010
                       cart. coord. in units 2pi/alat
        k(    1) = (   0.0000000   0.0000000   0.0000000), wk =   2.0000000

                       cryst. coord.
        k(    1) = (   0.0000000   0.0000000   0.0000000), wk =   2.0000000

     Dense  grid:    11210 G-vectors     FFT dimensions: (  40,  40,  40)

     Smooth grid:     3912 G-vectors     FFT dimensions: (  27,  27,  27)

     Dynamical RAM for                 wfc:       0.27 MB

     Dynamical RAM for     wfc (w. buffer):       0.27 MB

     Dynamical RAM for           str. fact:       0.51 MB

     Dynamical RAM for           local pot:       0.00 MB

     Dynamical RAM for          nlocal pot:       0.55 MB

     Dynamical RAM for                qrad:       3.73 MB

     Dynamical RAM for          rho,v,vnew:       1.98 MB

     Dynamical RAM for               rhoin:       0.66 MB

     Dynamical RAM for            rho*nmix:       2.74 MB

     Dynamical RAM for           G-vectors:       0.67 MB

     Dynamical RAM for          h,s,v(r/c):       0.12 MB

     Dynamical RAM for          <psi|beta>:       0.02 MB

     Dynamical RAM for                 psi:       0.55 MB

     Dynamical RAM for                hpsi:       0.55 MB

     Dynamical RAM for                spsi:       0.55 MB

     Dynamical RAM for      wfcinit/wfcrot:       0.66 MB

     Dynamical RAM for           addusdens:      32.16 MB

     Dynamical RAM for          addusforce:      32.59 MB

     Dynamical RAM for         addusstress:      34.38 MB

     Estimated static dynamical RAM per process >      11.50 MB

     Estimated max dynamical RAM per process >      48.62 MB

     Check: negative core charge=   -0.000004

     Initial potential from superposition of free atoms

     starting charge      57.9935, renormalised to      60.0000
     Starting wfcs are   41 randomized atomic wfcs
     Checking if some PAW data can be deallocated... 

     total cpu time spent up to now is        4.7 secs

     Self-consistent Calculation

     iteration #  1     ecut=    30.00 Ry     beta= 0.70
     Davidson diagonalization with overlap

---- Real-time Memory Report at c_bands before calling an iterative solver
           312 MiB given to the printing process from OS
             0 MiB allocation reported by mallinfo(arena+hblkhd)
        171733 MiB available memory on the node where the printing process lives
------------------
     ethr =  1.00E-02,  avg # of iterations =  2.0

     total cpu time spent up to now is        6.2 secs

     total energy              =   -1085.44993552 Ry
     estimated scf accuracy    <       2.50663969 Ry

     iteration #  2     ecut=    30.00 Ry     beta= 0.70
     Davidson diagonalization with overlap

---- Real-time Memory Report at c_bands before calling an iterative solver
           459 MiB given to the printing process from OS
             0 MiB allocation reported by mallinfo(arena+hblkhd)
        171569 MiB available memory on the node where the printing process lives
------------------
     ethr =  4.18E-03,  avg # of iterations =  3.0

     total cpu time spent up to now is        7.7 secs

     total energy              =   -1085.70181194 Ry
     estimated scf accuracy    <       9.01089799 Ry

     iteration #  3     ecut=    30.00 Ry     beta= 0.70
     Davidson diagonalization with overlap

---- Real-time Memory Report at c_bands before calling an iterative solver
           459 MiB given to the printing process from OS
             0 MiB allocation reported by mallinfo(arena+hblkhd)
        171566 MiB available memory on the node where the printing process lives
------------------
     ethr =  4.18E-03,  avg # of iterations =  2.0

     total cpu time spent up to now is        8.6 secs

     total energy              =   -1086.78277468 Ry
     estimated scf accuracy    <       0.19059306 Ry

     iteration #  4     ecut=    30.00 Ry     beta= 0.70
     Davidson diagonalization with overlap

---- Real-time Memory Report at c_bands before calling an iterative solver
           459 MiB given to the printing process from OS
             0 MiB allocation reported by mallinfo(arena+hblkhd)
        171568 MiB available memory on the node where the printing process lives
------------------
     ethr =  3.18E-04,  avg # of iterations =  3.0

     total cpu time spent up to now is        8.9 secs

     total energy              =   -1086.83500566 Ry
     estimated scf accuracy    <       0.04734585 Ry

     iteration #  5     ecut=    30.00 Ry     beta= 0.70
     Davidson diagonalization with overlap

---- Real-time Memory Report at c_bands before calling an iterative solver
           459 MiB given to the printing process from OS
             0 MiB allocation reported by mallinfo(arena+hblkhd)
        171568 MiB available memory on the node where the printing process lives
------------------
     ethr =  7.89E-05,  avg # of iterations =  5.0

     total cpu time spent up to now is        9.2 secs

     total energy              =   -1086.84550633 Ry
     estimated scf accuracy    <       0.00229643 Ry

     iteration #  6     ecut=    30.00 Ry     beta= 0.70
     Davidson diagonalization with overlap

---- Real-time Memory Report at c_bands before calling an iterative solver
           459 MiB given to the printing process from OS
             0 MiB allocation reported by mallinfo(arena+hblkhd)
        171568 MiB available memory on the node where the printing process lives
------------------
     ethr =  3.83E-06,  avg # of iterations = 11.0

     total cpu time spent up to now is        9.6 secs

     total energy              =   -1086.84539009 Ry
     estimated scf accuracy    <       0.00453126 Ry

     iteration #  7     ecut=    30.00 Ry     beta= 0.70
     Davidson diagonalization with overlap

---- Real-time Memory Report at c_bands before calling an iterative solver
           459 MiB given to the printing process from OS
             0 MiB allocation reported by mallinfo(arena+hblkhd)
        171568 MiB available memory on the node where the printing process lives
------------------
     ethr =  3.83E-06,  avg # of iterations =  5.0

     total cpu time spent up to now is        9.9 secs

     total energy              =   -1086.84631963 Ry
     estimated scf accuracy    <       0.00165049 Ry

     iteration #  8     ecut=    30.00 Ry     beta= 0.70
     Davidson diagonalization with overlap

---- Real-time Memory Report at c_bands before calling an iterative solver
           459 MiB given to the printing process from OS
             0 MiB allocation reported by mallinfo(arena+hblkhd)
        171568 MiB available memory on the node where the printing process lives
------------------
     ethr =  2.75E-06,  avg # of iterations =  2.0

     total cpu time spent up to now is       10.2 secs

     total energy              =   -1086.84633736 Ry
     estimated scf accuracy    <       0.00036823 Ry

     iteration #  9     ecut=    30.00 Ry     beta= 0.70
     Davidson diagonalization with overlap

---- Real-time Memory Report at c_bands before calling an iterative solver
           460 MiB given to the printing process from OS
             0 MiB allocation reported by mallinfo(arena+hblkhd)
        171568 MiB available memory on the node where the printing process lives
------------------
     ethr =  6.14E-07,  avg # of iterations =  5.0

     total cpu time spent up to now is       10.5 secs

     total energy              =   -1086.84639177 Ry
     estimated scf accuracy    <       0.00000261 Ry

     iteration # 10     ecut=    30.00 Ry     beta= 0.70
     Davidson diagonalization with overlap

---- Real-time Memory Report at c_bands before calling an iterative solver
           460 MiB given to the printing process from OS
             0 MiB allocation reported by mallinfo(arena+hblkhd)
        171567 MiB available memory on the node where the printing process lives
------------------
     ethr =  4.35E-09,  avg # of iterations =  5.0

     total cpu time spent up to now is       10.9 secs

     total energy              =   -1086.84639182 Ry
     estimated scf accuracy    <       0.00001379 Ry

     iteration # 11     ecut=    30.00 Ry     beta= 0.70
     Davidson diagonalization with overlap

---- Real-time Memory Report at c_bands before calling an iterative solver
           460 MiB given to the printing process from OS
             0 MiB allocation reported by mallinfo(arena+hblkhd)
        171567 MiB available memory on the node where the printing process lives
------------------
     ethr =  4.35E-09,  avg # of iterations =  3.0

     total cpu time spent up to now is       11.2 secs

     total energy              =   -1086.84639156 Ry
     estimated scf accuracy    <       0.00000438 Ry

     iteration # 12     ecut=    30.00 Ry     beta= 0.70
     Davidson diagonalization with overlap

---- Real-time Memory Report at c_bands before calling an iterative solver
           460 MiB given to the printing process from OS
             0 MiB allocation reported by mallinfo(arena+hblkhd)
        171567 MiB available memory on the node where the printing process lives
------------------
     ethr =  4.35E-09,  avg # of iterations =  5.0

     total cpu time spent up to now is       11.5 secs

     End of self-consistent calculation

          k = 0.0000 0.0000 0.0000 (   483 PWs)   bands (ev):

   -83.7873 -53.4075 -44.2512 -44.2507 -44.2507 -23.4779 -23.4779 -23.4777
     2.7005   2.7005   2.7927   2.7927   2.7927   2.9743   2.9743   2.9743
     3.1282   3.1282   5.8741  13.2229  13.2230  13.2230  15.5340  15.5341
    16.8851  17.9396  17.9396  17.9398  18.7192  18.7193  21.4218  21.4218
    21.4218  23.4858  23.4858  24.0654

     occupation numbers 
     1.0000   1.0000   1.0000   1.0000   1.0000   1.0000   1.0000   1.0000
     1.0000   1.0000   1.0000   1.0000   1.0000   1.0000   1.0000   1.0000
     1.0000   1.0000   1.0000   1.0000   1.0000   1.0000   1.0000   1.0000
     1.0000   1.0000   1.0000   1.0000   1.0000   1.0000  -0.0000  -0.0000
    -0.0000  -0.0000  -0.0000  -0.0000

     the Fermi energy is    20.8225 ev

!    total energy              =   -1086.84639142 Ry
     estimated scf accuracy    <       0.00000042 Ry
     smearing contrib. (-TS)   =       0.00000000 Ry
     internal energy E=F+TS    =   -1086.84639142 Ry

     The total energy is F=E-TS. E is the sum of the following terms:
     one-electron contribution =    -403.25673470 Ry
     hartree contribution      =     258.59623155 Ry
     xc contribution           =    -132.62068033 Ry
     ewald contribution        =    -587.64044388 Ry
     one-center paw contrib.   =    -221.92476405 Ry
      -> PAW hartree energy AE =     292.46058149 Ry
      -> PAW hartree energy PS =    -288.06195309 Ry
      -> PAW xc energy AE      =    -302.31817661 Ry
      -> PAW xc energy PS      =      75.99478416 Ry
      -> total E_H with PAW    =     262.99485994 Ry
      -> total E_XC with PAW   =    -358.94407278 Ry

     convergence has been achieved in  12 iterations

     Forces acting on atoms (cartesian axes, Ry/au):

     atom    1 type  1   force =    -0.00000000    0.00000000    0.00000348
     atom    2 type  1   force =     0.00000000   -0.00000000   -0.00000348
     atom    3 type  2   force =    -0.00000000   -0.00000000    0.00000000
     atom    4 type  3   force =     0.00000000   -0.00000000   -0.00000000
     The non-local contrib.  to forces
     atom    1 type  1   force =     0.00000000    0.00000000    0.00000987
     atom    2 type  1   force =     0.00000000    0.00000000   -0.00000987
     atom    3 type  2   force =     0.00000000    0.00000000   -0.00000000
     atom    4 type  3   force =    -0.00000000   -0.00000000    0.00000000
     The ionic contribution  to forces
     atom    1 type  1   force =    -0.00000000    0.00000000    0.00000000
     atom    2 type  1   force =    -0.00000000   -0.00000000    0.00000000
     atom    3 type  2   force =     0.00000000   -0.00000000   -0.00000000
     atom    4 type  3   force =    -0.00000000    0.00000000   -0.00000000
     The local contribution  to forces
     atom    1 type  1   force =     0.00002810   -0.00000979    0.00002695
     atom    2 type  1   force =     0.00009301   -0.00007788    0.00008903
     atom    3 type  2   force =    -0.00001113    0.00001457    0.00001720
     atom    4 type  3   force =     0.00005161   -0.00000711   -0.00008434
     The core correction contribution to forces
     atom    1 type  1   force =     0.00000112    0.00000058    0.00000157
     atom    2 type  1   force =     0.00000345   -0.00000325    0.00000208
     atom    3 type  2   force =    -0.00000008   -0.00000064   -0.00000032
     atom    4 type  3   force =     0.00000000    0.00000000    0.00000000
     The Hubbard contrib.    to forces
     atom    1 type  1   force =     0.00000000    0.00000000    0.00000000
     atom    2 type  1   force =     0.00000000    0.00000000    0.00000000
     atom    3 type  2   force =     0.00000000    0.00000000    0.00000000
     atom    4 type  3   force =     0.00000000    0.00000000    0.00000000
     The SCF correction term to forces
     atom    1 type  1   force =    -0.00002108    0.00004052   -0.00003649
     atom    2 type  1   force =    -0.00012480    0.00011978   -0.00008629
     atom    3 type  2   force =     0.00003125   -0.00001251   -0.00001068
     atom    4 type  3   force =    -0.00004336    0.00001575    0.00008264

     Total force =     0.000005     Total SCF correction =     0.000226
     SCF correction compared to forces is large: reduce conv_thr to get better values


     Computing stress (Cartesian axis) and pressure

          total   stress  (Ry/bohr**3)                   (kbar)     P=      -41.57
  -0.00028263  -0.00000000  -0.00000000          -41.58       -0.00       -0.00
   0.00000000  -0.00028263   0.00000000            0.00      -41.58        0.00
  -0.00000000   0.00000000  -0.00028259           -0.00        0.00      -41.57

     kinetic stress (kbar)  38585.69      0.00      0.00
                                0.00  38585.69      0.00
                                0.00     -0.00  38585.69

     local   stress (kbar)   9252.71     -0.01      0.01
                               -0.01   9252.72     -0.02
                                0.01     -0.02   9252.72

     nonloc. stress (kbar)  10973.91      0.00      0.00
                                0.00  10973.91     -0.00
                                0.00     -0.00  10973.90

     hartree stress (kbar)  35433.17      0.00     -0.00
                                0.00  35433.18     -0.00
                               -0.00     -0.00  35433.18

     exc-cor stress (kbar)  -1079.32      0.00     -0.00
                                0.00  -1079.32      0.00
                               -0.00      0.00  -1079.32

     corecor stress (kbar) -12688.52      0.00     -0.00
                                0.00 -12688.52      0.00
                               -0.00      0.00 -12688.52

     ewald   stress (kbar) -80519.23     -0.00      0.00
                               -0.00 -80519.23     -0.00
                                0.00     -0.00 -80519.23

     hubbard stress (kbar)      0.00      0.00      0.00
                                0.00      0.00      0.00
                                0.00      0.00      0.00

     DFT-D   stress (kbar)      0.00      0.00      0.00
                                0.00      0.00      0.00
                                0.00      0.00      0.00

     XDM     stress (kbar)      0.00      0.00      0.00
                                0.00      0.00      0.00
                                0.00      0.00      0.00

     dft-nl  stress (kbar)      0.00      0.00      0.00
                                0.00      0.00      0.00
                                0.00      0.00      0.00

     TS-vdW  stress (kbar)      0.00      0.00      0.00
                                0.00      0.00      0.00
                                0.00      0.00      0.00


                                0.00      0.00      0.00
                                0.00      0.00      0.00


                                0.00      0.00      0.00


     Writing all to output data dir new_calculations/myprefix.save/
