
     Program PWSCF v.7.0 starts on 21May2023 at 17:51:27 

     This program is part of the open-source Quantum ESPRESSO suite
     for quantum simulation of materials; please cite
         "P. Giannozzi et al., J. Phys.:Condens. Matter 21 395502 (2009);
         "P. Giannozzi et al., J. Phys.:Condens. Matter 29 465901 (2017);
         "P. Giannozzi et al., J. Chem. Phys. 152 154105 (2020);
          URL http://www.quantum-espresso.org", 
     in publications or presentations arising from this work. More details at
     http://www.quantum-espresso.org/quote

     Parallel version (MPI & OpenMP), running on      32 processor cores
     Number of MPI processes:                 1
     Threads/MPI process:                    32

     MPI processes distributed on     1 nodes
     97395 MiB available memory on the printing compute node when the environment starts
 
     Reading input from espresso_5998.pwi
Warning: card &CELL ignored
Warning: card / ignored

     Current dimensions of program PWSCF are:
     Max number of different atomic species (ntypx) = 10
     Max number of k-points (npk) =  40000
     Max angular momentum in pseudopotentials (lmaxx) =  4
     file Pb.pbe-dn-kjpaw_psl.0.2.2.UPF: wavefunction(s)  6S renormalized

     gamma-point specific algorithms are used
     Message from routine setup:
     using ibrav=0 with symmetry is DISCOURAGED, use correct ibrav instead

     Subspace diagonalization in iterative solution of the eigenvalue problem:
     a serial algorithm will be used

 
     G-vector sticks info
     --------------------
     sticks:   dense  smooth     PW     G-vecs:    dense   smooth      PW
     Sum        1777     889    211                49229    17453    2109
 
     Using Slab Decomposition
 


     bravais-lattice index     =            0
     lattice parameter (alat)  =      10.3489  a.u.
     unit-cell volume          =     783.7253 (a.u.)^3
     number of atoms/cell      =            4
     number of atomic types    =            3
     number of electrons       =        54.00
     number of Kohn-Sham states=           32
     kinetic-energy cutoff     =      30.0000  Ry
     charge density cutoff     =     240.0000  Ry
     scf convergence threshold =      1.0E-06
     mixing beta               =       0.7000
     number of iterations used =            8  plain     mixing
     Exchange-correlation= SLA  PW   PBX  PBC
                           (   1   4   3   4   0   0   0)

     celldm(1)=  10.348871  celldm(2)=   0.000000  celldm(3)=   0.000000
     celldm(4)=   0.000000  celldm(5)=   0.000000  celldm(6)=   0.000000

     crystal axes: (cart. coord. in units of alat)
               a(1) = (   1.000000   0.000000   0.000000 )  
               a(2) = (   0.500000   0.866025   0.000000 )  
               a(3) = (   0.500000   0.288675   0.816497 )  

     reciprocal axes: (cart. coord. in units 2 pi/alat)
               b(1) = (  1.000000 -0.577350 -0.408248 )  
               b(2) = (  0.000000  1.154701 -0.408248 )  
               b(3) = (  0.000000  0.000000  1.224745 )  


     PseudoPot. # 1 for Ca read from file:
     /home/pragov/projects/rrg-bengioy-ad/pragov/crystal_structure_design/SSSP/Ca_pbe_v1.uspp.F.UPF
     MD5 check sum: 403a4c14b9e4d4dfdc3024c9a3812218
     Pseudo is Ultrasoft + core correction, Zval = 10.0
     Generated by new atomic code, or converted to UPF format
     Using radial grid of  845 points,  6 beta functions with: 
                l(1) =   0
                l(2) =   0
                l(3) =   1
                l(4) =   1
                l(5) =   2
                l(6) =   2
     Q(r) pseudized with  8 coefficients,  rinner =    1.500   1.500   1.500
                                                       1.500   1.500

     PseudoPot. # 2 for Hg read from file:
     /home/pragov/projects/rrg-bengioy-ad/pragov/crystal_structure_design/SSSP/Hg_ONCV_PBE-1.0.oncvpsp.upf
     MD5 check sum: dd5a8773074bfcf4280086d4d95875c4
     Pseudo is Norm-conserving, Zval = 20.0
     Generated using ONCVPSP code by D. R. Hamann
     Using radial grid of 1262 points,  8 beta functions with: 
                l(1) =   0
                l(2) =   0
                l(3) =   1
                l(4) =   1
                l(5) =   2
                l(6) =   2
                l(7) =   3
                l(8) =   3

     PseudoPot. # 3 for Pb read from file:
     /home/pragov/projects/rrg-bengioy-ad/pragov/crystal_structure_design/SSSP/Pb.pbe-dn-kjpaw_psl.0.2.2.UPF
     MD5 check sum: 9d431e6316058b74ade52399a6cf67da
     Pseudo is Projector augmented-wave + core cor, Zval = 14.0
     Generated using "atomic" code by A. Dal Corso  v.5.0.99 svn rev. 10869
     Shape of augmentation charge: PSQ
     Using radial grid of 1281 points,  6 beta functions with: 
                l(1) =   0
                l(2) =   0
                l(3) =   1
                l(4) =   1
                l(5) =   2
                l(6) =   2
     Q(r) pseudized with 0 coefficients 


     atomic species   valence    mass     pseudopotential
        Ca            10.00    40.07800     Ca( 1.00)
        Hg            20.00   200.59200     Hg( 1.00)
        Pb            14.00   207.20000     Pb( 1.00)

     12 Sym. Ops., with inversion, found


                                    s                        frac. trans.

      isym =  1     identity                                     

 cryst.   s( 1) = (     1          0          0      )
                  (     0          1          0      )
                  (     0          0          1      )

 cart.    s( 1) = (  1.0000000  0.0000000  0.0000000 )
                  (  0.0000000  1.0000000 -0.0000000 )
                  (  0.0000000  0.0000000  1.0000000 )


      isym =  2     180 deg rotation - cart. axis [1,0,0]        

 cryst.   s( 2) = (     1          0          0      )
                  (     1         -1          0      )
                  (     1          0         -1      )

 cart.    s( 2) = (  1.0000000  0.0000000  0.0000000 )
                  (  0.0000000 -1.0000000  0.0000000 )
                  (  0.0000000  0.0000000 -1.0000000 )


      isym =  3     120 deg rotation - cryst. axis [0,0,1]       

 cryst.   s( 3) = (    -1          1          0      )
                  (    -1          0          0      )
                  (    -1          0          1      )

 cart.    s( 3) = ( -0.5000000 -0.8660254  0.0000000 )
                  (  0.8660254 -0.5000000 -0.0000000 )
                  (  0.0000000  0.0000000  1.0000000 )


      isym =  4     120 deg rotation - cryst. axis [0,0,-1]      

 cryst.   s( 4) = (     0         -1          0      )
                  (     1         -1          0      )
                  (     0         -1          1      )

 cart.    s( 4) = ( -0.5000000  0.8660254  0.0000000 )
                  ( -0.8660254 -0.5000000 -0.0000000 )
                  (  0.0000000  0.0000000  1.0000000 )


      isym =  5     180 deg rotation - cryst. axis [0,1,0]       

 cryst.   s( 5) = (     0         -1          0      )
                  (    -1          0          0      )
                  (     0          0         -1      )

 cart.    s( 5) = ( -0.5000000 -0.8660254  0.0000000 )
                  ( -0.8660254  0.5000000  0.0000000 )
                  (  0.0000000  0.0000000 -1.0000000 )


      isym =  6     180 deg rotation - cryst. axis [1,1,0]       

 cryst.   s( 6) = (    -1          1          0      )
                  (     0          1          0      )
                  (     0          1         -1      )

 cart.    s( 6) = ( -0.5000000  0.8660254  0.0000000 )
                  (  0.8660254  0.5000000  0.0000000 )
                  (  0.0000000  0.0000000 -1.0000000 )


      isym =  7     inversion                                    

 cryst.   s( 7) = (    -1          0          0      )
                  (     0         -1          0      )
                  (     0          0         -1      )

 cart.    s( 7) = ( -1.0000000  0.0000000  0.0000000 )
                  (  0.0000000 -1.0000000  0.0000000 )
                  (  0.0000000  0.0000000 -1.0000000 )


      isym =  8     inv. 180 deg rotation - cart. axis [1,0,0]   

 cryst.   s( 8) = (    -1          0          0      )
                  (    -1          1          0      )
                  (    -1          0          1      )

 cart.    s( 8) = ( -1.0000000  0.0000000  0.0000000 )
                  (  0.0000000  1.0000000 -0.0000000 )
                  (  0.0000000  0.0000000  1.0000000 )


      isym =  9     inv. 120 deg rotation - cryst. axis [0,0,1]  

 cryst.   s( 9) = (     1         -1          0      )
                  (     1          0          0      )
                  (     1          0         -1      )

 cart.    s( 9) = (  0.5000000  0.8660254  0.0000000 )
                  ( -0.8660254  0.5000000  0.0000000 )
                  (  0.0000000  0.0000000 -1.0000000 )


      isym = 10     inv. 120 deg rotation - cryst. axis [0,0,-1] 

 cryst.   s(10) = (     0          1          0      )
                  (    -1          1          0      )
                  (     0          1         -1      )

 cart.    s(10) = (  0.5000000 -0.8660254  0.0000000 )
                  (  0.8660254  0.5000000  0.0000000 )
                  (  0.0000000  0.0000000 -1.0000000 )


      isym = 11     inv. 180 deg rotation - cryst. axis [0,1,0]  

 cryst.   s(11) = (     0          1          0      )
                  (     1          0          0      )
                  (     0          0          1      )

 cart.    s(11) = (  0.5000000  0.8660254  0.0000000 )
                  (  0.8660254 -0.5000000 -0.0000000 )
                  (  0.0000000  0.0000000  1.0000000 )


      isym = 12     inv. 180 deg rotation - cryst. axis [1,1,0]  

 cryst.   s(12) = (     1         -1          0      )
                  (     0         -1          0      )
                  (     0         -1          1      )

 cart.    s(12) = (  0.5000000 -0.8660254  0.0000000 )
                  ( -0.8660254 -0.5000000 -0.0000000 )
                  (  0.0000000  0.0000000  1.0000000 )


   Cartesian axes

     site n.     atom                  positions (alat units)
         1           Ca  tau(   1) = (   1.5000000   0.8660254   0.6123724  )
         2           Ca  tau(   2) = (   0.5000000   0.2886751   0.2041241  )
         3           Hg  tau(   3) = (   1.0000000   0.5773503   0.4082483  )
         4           Pb  tau(   4) = (   0.0000000   0.0000000   0.0000000  )

   Crystallographic axes

     site n.     atom                  positions (cryst. coord.)
         1           Ca  tau(   1) = (  0.7500000  0.7500000  0.7500000  )
         2           Ca  tau(   2) = (  0.2500000  0.2500000  0.2500000  )
         3           Hg  tau(   3) = (  0.5000000  0.5000000  0.5000000  )
         4           Pb  tau(   4) = (  0.0000000  0.0000000  0.0000000  )

     number of k points=     1  Methfessel-Paxton smearing, width (Ry)=  0.0010
                       cart. coord. in units 2pi/alat
        k(    1) = (   0.0000000   0.0000000   0.0000000), wk =   2.0000000

                       cryst. coord.
        k(    1) = (   0.0000000   0.0000000   0.0000000), wk =   2.0000000

     Dense  grid:    24615 G-vectors     FFT dimensions: (  54,  54,  54)

     Smooth grid:     8727 G-vectors     FFT dimensions: (  40,  40,  40)

     Dynamical RAM for                 wfc:       0.53 MB

     Dynamical RAM for     wfc (w. buffer):       0.53 MB

     Dynamical RAM for           str. fact:       1.13 MB

     Dynamical RAM for           local pot:       0.00 MB

     Dynamical RAM for          nlocal pot:       1.43 MB

     Dynamical RAM for                qrad:       8.96 MB

     Dynamical RAM for          rho,v,vnew:       4.73 MB

     Dynamical RAM for               rhoin:       1.58 MB

     Dynamical RAM for            rho*nmix:       6.01 MB

     Dynamical RAM for           G-vectors:       1.48 MB

     Dynamical RAM for          h,s,v(r/c):       0.09 MB

     Dynamical RAM for          <psi|beta>:       0.02 MB

     Dynamical RAM for                 psi:       1.06 MB

     Dynamical RAM for                hpsi:       1.06 MB

     Dynamical RAM for                spsi:       1.06 MB

     Dynamical RAM for      wfcinit/wfcrot:       1.33 MB

     Dynamical RAM for           addusdens:      75.12 MB

     Dynamical RAM for          addusforce:      76.07 MB

     Dynamical RAM for         addusstress:      84.51 MB

     Estimated static dynamical RAM per process >      27.33 MB

     Estimated max dynamical RAM per process >     117.85 MB

     Check: negative core charge=   -0.000001

     Initial potential from superposition of free atoms

     starting charge      53.9867, renormalised to      54.0000
     Starting wfcs are   39 randomized atomic wfcs
     Checking if some PAW data can be deallocated... 

     total cpu time spent up to now is        3.0 secs

     Self-consistent Calculation

     iteration #  1     ecut=    30.00 Ry     beta= 0.70
     Davidson diagonalization with overlap

---- Real-time Memory Report at c_bands before calling an iterative solver
           406 MiB given to the printing process from OS
             0 MiB allocation reported by mallinfo(arena+hblkhd)
         97230 MiB available memory on the node where the printing process lives
------------------
     ethr =  1.00E-02,  avg # of iterations =  2.0

     Threshold (ethr) on eigenvalues was too large:
     Diagonalizing with lowered threshold

     Davidson diagonalization with overlap

---- Real-time Memory Report at c_bands before calling an iterative solver
           440 MiB given to the printing process from OS
             0 MiB allocation reported by mallinfo(arena+hblkhd)
         97210 MiB available memory on the node where the printing process lives
------------------
     ethr =  5.70E-04,  avg # of iterations =  3.0

     total cpu time spent up to now is        3.6 secs

     total energy              =   -1330.27733593 Ry
     estimated scf accuracy    <       0.31539175 Ry

     iteration #  2     ecut=    30.00 Ry     beta= 0.70
     Davidson diagonalization with overlap

---- Real-time Memory Report at c_bands before calling an iterative solver
           462 MiB given to the printing process from OS
             0 MiB allocation reported by mallinfo(arena+hblkhd)
         97187 MiB available memory on the node where the printing process lives
------------------
     ethr =  5.84E-04,  avg # of iterations =  8.0

     total cpu time spent up to now is        4.1 secs

     total energy              =   -1330.36277839 Ry
     estimated scf accuracy    <       0.45307247 Ry

     iteration #  3     ecut=    30.00 Ry     beta= 0.70
     Davidson diagonalization with overlap

---- Real-time Memory Report at c_bands before calling an iterative solver
           466 MiB given to the printing process from OS
             0 MiB allocation reported by mallinfo(arena+hblkhd)
         97184 MiB available memory on the node where the printing process lives
------------------
     ethr =  5.84E-04,  avg # of iterations =  3.0

     total cpu time spent up to now is        4.5 secs

     total energy              =   -1330.44838887 Ry
     estimated scf accuracy    <       0.00450265 Ry

     iteration #  4     ecut=    30.00 Ry     beta= 0.70
     Davidson diagonalization with overlap

---- Real-time Memory Report at c_bands before calling an iterative solver
           466 MiB given to the printing process from OS
             0 MiB allocation reported by mallinfo(arena+hblkhd)
         97185 MiB available memory on the node where the printing process lives
------------------
     ethr =  8.34E-06,  avg # of iterations = 18.0

     total cpu time spent up to now is        5.1 secs

     total energy              =   -1330.45154490 Ry
     estimated scf accuracy    <       0.00205709 Ry

     iteration #  5     ecut=    30.00 Ry     beta= 0.70
     Davidson diagonalization with overlap

---- Real-time Memory Report at c_bands before calling an iterative solver
           466 MiB given to the printing process from OS
             0 MiB allocation reported by mallinfo(arena+hblkhd)
         97184 MiB available memory on the node where the printing process lives
------------------
     ethr =  3.81E-06,  avg # of iterations =  2.0

     total cpu time spent up to now is        5.5 secs

     total energy              =   -1330.45163656 Ry
     estimated scf accuracy    <       0.00037902 Ry

     iteration #  6     ecut=    30.00 Ry     beta= 0.70
     Davidson diagonalization with overlap

---- Real-time Memory Report at c_bands before calling an iterative solver
           467 MiB given to the printing process from OS
             0 MiB allocation reported by mallinfo(arena+hblkhd)
         97182 MiB available memory on the node where the printing process lives
------------------
     ethr =  7.02E-07,  avg # of iterations =  4.0

     total cpu time spent up to now is        6.0 secs

     total energy              =   -1330.45178286 Ry
     estimated scf accuracy    <       0.00005873 Ry

     iteration #  7     ecut=    30.00 Ry     beta= 0.70
     Davidson diagonalization with overlap

---- Real-time Memory Report at c_bands before calling an iterative solver
           467 MiB given to the printing process from OS
             0 MiB allocation reported by mallinfo(arena+hblkhd)
         97182 MiB available memory on the node where the printing process lives
------------------
     ethr =  1.09E-07,  avg # of iterations =  5.0

     total cpu time spent up to now is        6.4 secs

     total energy              =   -1330.45180304 Ry
     estimated scf accuracy    <       0.00000945 Ry

     iteration #  8     ecut=    30.00 Ry     beta= 0.70
     Davidson diagonalization with overlap

---- Real-time Memory Report at c_bands before calling an iterative solver
           468 MiB given to the printing process from OS
             0 MiB allocation reported by mallinfo(arena+hblkhd)
         97182 MiB available memory on the node where the printing process lives
------------------
     ethr =  1.75E-08,  avg # of iterations =  4.0

     total cpu time spent up to now is        6.8 secs

     End of self-consistent calculation

          k = 0.0000 0.0000 0.0000 (  1055 PWs)   bands (ev):

  -106.8915 -54.6555 -54.6555 -54.6554 -31.4022 -31.3860 -12.4712 -12.4711
   -12.4710 -12.4013 -12.4012 -12.4010  -6.0383  -6.0380  -6.0379  -5.9950
    -5.9948   1.1186   2.7030   2.7032   2.7032   2.7614   2.7615   5.9419
     8.5256   8.5256   8.5258  11.6128  11.6129  13.0008  13.0008  13.0008

     occupation numbers 
     1.0000   1.0000   1.0000   1.0000   1.0000   1.0000   1.0000   1.0000
     1.0000   1.0000   1.0000   1.0000   1.0000   1.0000   1.0000   1.0000
     1.0000   1.0000   1.0000   1.0000   1.0000   1.0000   1.0000   1.0000
     1.0000   1.0000   1.0000  -0.0000  -0.0000  -0.0000  -0.0000  -0.0000

     the Fermi energy is     9.3818 ev

!    total energy              =   -1330.45180495 Ry
     estimated scf accuracy    <       0.00000060 Ry
     smearing contrib. (-TS)   =       0.00000000 Ry
     internal energy E=F+TS    =   -1330.45180495 Ry

     The total energy is F=E-TS. E is the sum of the following terms:
     one-electron contribution =    -284.45362916 Ry
     hartree contribution      =     158.67697263 Ry
     xc contribution           =     -95.72216334 Ry
     ewald contribution        =    -380.47044086 Ry
     one-center paw contrib.   =    -728.48254422 Ry
      -> PAW hartree energy AE =     103.40618304 Ry
      -> PAW hartree energy PS =    -103.20472505 Ry
      -> PAW xc energy AE      =    -772.76495602 Ry
      -> PAW xc energy PS      =      44.08095381 Ry
      -> total E_H with PAW    =     158.87843062 Ry
      -> total E_XC with PAW   =    -824.40616555 Ry

     convergence has been achieved in   8 iterations

     Forces acting on atoms (cartesian axes, Ry/au):

     atom    1 type  1   force =    -0.00000000    0.00000000    0.00027913
     atom    2 type  1   force =     0.00000000    0.00000000   -0.00027913
     atom    3 type  2   force =     0.00000000    0.00000000   -0.00000000
     atom    4 type  3   force =    -0.00000000    0.00000000    0.00000000
     The non-local contrib.  to forces
     atom    1 type  1   force =     0.00000000    0.00000000    0.00017041
     atom    2 type  1   force =     0.00000000   -0.00000000   -0.00017041
     atom    3 type  2   force =    -0.00000000   -0.00000000    0.00000000
     atom    4 type  3   force =    -0.00000000    0.00000000    0.00000000
     The ionic contribution  to forces
     atom    1 type  1   force =     0.00000000    0.00000000    0.00000000
     atom    2 type  1   force =     0.00000000    0.00000000   -0.00000000
     atom    3 type  2   force =    -0.00000000   -0.00000000    0.00000000
     atom    4 type  3   force =     0.00000000    0.00000000   -0.00000000
     The local contribution  to forces
     atom    1 type  1   force =     0.00005548    0.00054143    0.00083035
     atom    2 type  1   force =    -0.00007586   -0.00027352   -0.00101251
     atom    3 type  2   force =    -0.00003224   -0.00005214    0.00013271
     atom    4 type  3   force =     0.00000194   -0.00021749   -0.00008335
     The core correction contribution to forces
     atom    1 type  1   force =    -0.00000067    0.00000660    0.00000778
     atom    2 type  1   force =    -0.00000379   -0.00000512   -0.00001117
     atom    3 type  2   force =     0.00000000    0.00000000    0.00000000
     atom    4 type  3   force =     0.00000412   -0.00000598   -0.00000483
     The Hubbard contrib.    to forces
     atom    1 type  1   force =     0.00000000    0.00000000    0.00000000
     atom    2 type  1   force =     0.00000000    0.00000000    0.00000000
     atom    3 type  2   force =     0.00000000    0.00000000    0.00000000
     atom    4 type  3   force =     0.00000000    0.00000000    0.00000000
     The SCF correction term to forces
     atom    1 type  1   force =    -0.00007157   -0.00051209   -0.00076572
     atom    2 type  1   force =     0.00005306    0.00019456    0.00087864
     atom    3 type  2   force =    -0.00000008    0.00010533   -0.00015758
     atom    4 type  3   force =     0.00002253    0.00025454    0.00010203

     Total force =     0.000395     Total SCF correction =     0.001333
     SCF correction compared to forces is large: reduce conv_thr to get better values


     Computing stress (Cartesian axis) and pressure

          total   stress  (Ry/bohr**3)                   (kbar)     P=     -321.07
  -0.00218258  -0.00000000   0.00000000         -321.07       -0.00        0.00
  -0.00000000  -0.00218258   0.00000000           -0.00     -321.07        0.00
   0.00000000  -0.00000000  -0.00218270            0.00       -0.00     -321.09

     kinetic stress (kbar)  20748.16     -0.00     -0.00
                               -0.00  20748.16      0.00
                               -0.00     -0.00  20748.14

     local   stress (kbar)  -6347.47     -0.03      0.03
                               -0.03  -6347.52     -0.00
                                0.03     -0.00  -6347.63

     nonloc. stress (kbar)   3670.20      0.00      0.00
                                0.00   3670.20      0.00
                                0.00      0.00   3670.21

     hartree stress (kbar)   9927.81      0.01     -0.02
                                0.01   9927.86     -0.01
                               -0.02     -0.01   9927.96

     exc-cor stress (kbar)   1497.01      0.00     -0.00
                                0.00   1497.01      0.00
                               -0.00      0.00   1497.01

     corecor stress (kbar)  -6012.04      0.00     -0.00
                                0.00  -6012.05     -0.00
                               -0.00     -0.00  -6012.04

     ewald   stress (kbar) -23804.74     -0.00     -0.00
                               -0.00 -23804.74     -0.00
                               -0.00     -0.00 -23804.74

     hubbard stress (kbar)      0.00      0.00      0.00
                                0.00      0.00      0.00
                                0.00      0.00      0.00

     DFT-D   stress (kbar)      0.00      0.00      0.00
                                0.00      0.00      0.00
                                0.00      0.00      0.00

     XDM     stress (kbar)      0.00      0.00      0.00
                                0.00      0.00      0.00
                                0.00      0.00      0.00

     dft-nl  stress (kbar)      0.00      0.00      0.00
                                0.00      0.00      0.00
                                0.00      0.00      0.00

     TS-vdW  stress (kbar)      0.00      0.00      0.00
                                0.00      0.00      0.00
                                0.00      0.00      0.00


                                0.00      0.00      0.00
                                0.00      0.00      0.00


                                0.00      0.00      0.00


     Writing all to output data dir new_calculations/myprefix.save/
 
     init_run     :     71.69s CPU      2.76s WALL (       1 calls)
     electrons    :    115.63s CPU      3.87s WALL (       1 calls)
     forces       :      2.31s CPU      0.08s WALL (       1 calls)
     stress       :      6.63s CPU      0.22s WALL (       1 calls)

     Called by init_run:
     wfcinit      :     21.19s CPU      0.69s WALL (       1 calls)
     wfcinit:atom :      0.01s CPU      0.00s WALL (       1 calls)
     wfcinit:wfcr :     21.07s CPU      0.68s WALL (       1 calls)
     potinit      :     19.24s CPU      0.63s WALL (       1 calls)
     hinit0       :     28.40s CPU      1.33s WALL (       1 calls)

     Called by electrons:
     c_bands      :     59.51s CPU      1.89s WALL (       9 calls)
     sum_band     :     21.65s CPU      0.82s WALL (       9 calls)
     v_of_rho     :      4.44s CPU      0.15s WALL (       9 calls)
     v_h          :      0.37s CPU      0.01s WALL (       9 calls)
     v_xc         :      4.76s CPU      0.16s WALL (      11 calls)
     newd         :     12.37s CPU      0.43s WALL (       9 calls)
     PAW_pot      :     18.88s CPU      0.63s WALL (       9 calls)
     mix_rho      :      0.85s CPU      0.03s WALL (       9 calls)

     Called by c_bands:
     init_us_2    :      0.23s CPU      0.01s WALL (      19 calls)
     init_us_2:cp :      0.20s CPU      0.01s WALL (      19 calls)
     regterg      :     58.53s CPU      1.86s WALL (       9 calls)

     Called by sum_band:
     sum_band:wei :      0.01s CPU      0.00s WALL (       9 calls)
     sum_band:loo :      9.10s CPU      0.29s WALL (       9 calls)
     sum_band:buf :      0.01s CPU      0.00s WALL (       9 calls)
     sum_band:ini :      0.11s CPU      0.00s WALL (       9 calls)
     sum_band:cal :      0.04s CPU      0.00s WALL (       9 calls)
     sum_band:bec :      0.02s CPU      0.00s WALL (       9 calls)
     addusdens    :     11.80s CPU      0.51s WALL (       9 calls)
     addusd:skk   :      0.03s CPU      0.00s WALL (      18 calls)
     addusd:dgemm :      1.48s CPU      0.16s WALL (      18 calls)
     addusd:qvan2 :      9.70s CPU      0.31s WALL (      18 calls)

     Called by *egterg:
     rdiaghg      :      2.14s CPU      0.07s WALL (      57 calls)
     regterg:over :      0.14s CPU      0.00s WALL (      49 calls)
     regterg:upda :      0.20s CPU      0.01s WALL (      49 calls)
     regterg:last :      0.37s CPU      0.01s WALL (      21 calls)
     h_psi        :     75.78s CPU      2.42s WALL (      59 calls)
     s_psi        :      0.07s CPU      0.00s WALL (      59 calls)
     g_psi        :      0.06s CPU      0.00s WALL (      49 calls)

     Called by h_psi:
     h_psi:calbec :      0.25s CPU      0.01s WALL (      59 calls)
     vloc_psi     :     75.11s CPU      2.39s WALL (      59 calls)
     add_vuspsi   :      0.13s CPU      0.00s WALL (      59 calls)

     General routines
     calbec       :      0.21s CPU      0.01s WALL (      73 calls)
     fft          :     16.95s CPU      0.55s WALL (     118 calls)
     ffts         :     16.06s CPU      0.53s WALL (      18 calls)
     fftw         :     77.52s CPU      2.46s WALL (     994 calls)
     interpolate  :     16.36s CPU      0.54s WALL (       9 calls)
 
     Parallel routines

     PAW routines
     PAW_pot      :     18.88s CPU      0.63s WALL (       9 calls)
     PAW_symme    :      0.07s CPU      0.00s WALL (      18 calls)
 
     PWSCF        :   3m23.88s CPU      7.42s WALL

 
   This run was terminated on:  17:51:35  21May2023            

=------------------------------------------------------------------------------=
   JOB DONE.
=------------------------------------------------------------------------------=
