
     Program PWSCF v.7.0 starts on 20May2023 at 17:37:20 

     This program is part of the open-source Quantum ESPRESSO suite
     for quantum simulation of materials; please cite
         "P. Giannozzi et al., J. Phys.:Condens. Matter 21 395502 (2009);
         "P. Giannozzi et al., J. Phys.:Condens. Matter 29 465901 (2017);
         "P. Giannozzi et al., J. Chem. Phys. 152 154105 (2020);
          URL http://www.quantum-espresso.org", 
     in publications or presentations arising from this work. More details at
     http://www.quantum-espresso.org/quote

     Parallel version (MPI & OpenMP), running on      32 processor cores
     Number of MPI processes:                 1
     Threads/MPI process:                    32

     MPI processes distributed on     1 nodes
     173038 MiB available memory on the printing compute node when the environment starts
 
     Reading input from espresso_15260.pwi
Warning: card &CELL ignored
Warning: card / ignored

     Current dimensions of program PWSCF are:
     Max number of different atomic species (ntypx) = 10
     Max number of k-points (npk) =  40000
     Max angular momentum in pseudopotentials (lmaxx) =  4
     file Cd.pbe-dn-rrkjus_psl.0.3.1.UPF: wavefunction(s)  4D renormalized

     gamma-point specific algorithms are used
     Message from routine setup:
     using ibrav=0 with symmetry is DISCOURAGED, use correct ibrav instead

     Subspace diagonalization in iterative solution of the eigenvalue problem:
     a serial algorithm will be used

 
     G-vector sticks info
     --------------------
     sticks:   dense  smooth     PW     G-vecs:    dense   smooth      PW
     Sum        1261     625    151                29123    10177    1243
 
     Using Slab Decomposition
 


     bravais-lattice index     =            0
     lattice parameter (alat)  =       8.6838  a.u.
     unit-cell volume          =     463.0425 (a.u.)^3
     number of atoms/cell      =            4
     number of atomic types    =            3
     number of electrons       =        67.00
     number of Kohn-Sham states=           41
     kinetic-energy cutoff     =      30.0000  Ry
     charge density cutoff     =     240.0000  Ry
     scf convergence threshold =      1.0E-06
     mixing beta               =       0.7000
     number of iterations used =            8  plain     mixing
     Exchange-correlation= PBE
                           (   1   4   3   4   0   0   0)

     celldm(1)=   8.683843  celldm(2)=   0.000000  celldm(3)=   0.000000
     celldm(4)=   0.000000  celldm(5)=   0.000000  celldm(6)=   0.000000

     crystal axes: (cart. coord. in units of alat)
               a(1) = (   1.000000   0.000000   0.000000 )  
               a(2) = (   0.500000   0.866025   0.000000 )  
               a(3) = (   0.500000   0.288675   0.816497 )  

     reciprocal axes: (cart. coord. in units 2 pi/alat)
               b(1) = (  1.000000 -0.577350 -0.408248 )  
               b(2) = (  0.000000  1.154701 -0.408248 )  
               b(3) = (  0.000000  0.000000  1.224745 )  


     PseudoPot. # 1 for Cd read from file:
     /home/pragov/projects/rrg-bengioy-ad/pragov/crystal_structure_design/SSSP/Cd.pbe-dn-rrkjus_psl.0.3.1.UPF
     MD5 check sum: 558e9f355611b531a870a69ef6ace9e2
     Pseudo is Ultrasoft + core correction, Zval = 12.0
     Generated using "atomic" code by A. Dal Corso  v.5.0.99 svn rev. 10869
     Using radial grid of 1239 points,  6 beta functions with: 
                l(1) =   0
                l(2) =   0
                l(3) =   1
                l(4) =   1
                l(5) =   2
                l(6) =   2
     Q(r) pseudized with 0 coefficients 


     PseudoPot. # 2 for Ag read from file:
     /home/pragov/projects/rrg-bengioy-ad/pragov/crystal_structure_design/SSSP/Ag_ONCV_PBE-1.0.oncvpsp.upf
     MD5 check sum: 94f47bd0669c641108e45594df92fabc
     Pseudo is Norm-conserving, Zval = 19.0
     Generated using ONCVPSP code by D. R. Hamann
     Using radial grid of 1398 points,  6 beta functions with: 
                l(1) =   0
                l(2) =   0
                l(3) =   1
                l(4) =   1
                l(5) =   2
                l(6) =   2

     PseudoPot. # 3 for Pd read from file:
     /home/pragov/projects/rrg-bengioy-ad/pragov/crystal_structure_design/SSSP/Pd_ONCV_PBE-1.0.oncvpsp.upf
     MD5 check sum: eb77f42b51d86fb18e25f68156a31cf1
     Pseudo is Norm-conserving, Zval = 18.0
     Generated using ONCVPSP code by D. R. Hamann
     Using radial grid of 1410 points,  6 beta functions with: 
                l(1) =   0
                l(2) =   0
                l(3) =   1
                l(4) =   1
                l(5) =   2
                l(6) =   2

     atomic species   valence    mass     pseudopotential
        Cd            12.00   112.41400     Cd( 1.00)
        Ag            19.00   107.86820     Ag( 1.00)
        Pd            18.00   106.42000     Pd( 1.00)

     12 Sym. Ops., with inversion, found


                                    s                        frac. trans.

      isym =  1     identity                                     

 cryst.   s( 1) = (     1          0          0      )
                  (     0          1          0      )
                  (     0          0          1      )

 cart.    s( 1) = (  1.0000000  0.0000000  0.0000000 )
                  (  0.0000000  1.0000000  0.0000000 )
                  (  0.0000000  0.0000000  1.0000000 )


      isym =  2     180 deg rotation - cart. axis [1,0,0]        

 cryst.   s( 2) = (     1          0          0      )
                  (     1         -1          0      )
                  (     1          0         -1      )

 cart.    s( 2) = (  1.0000000  0.0000000  0.0000000 )
                  (  0.0000000 -1.0000000 -0.0000000 )
                  (  0.0000000  0.0000000 -1.0000000 )


      isym =  3     120 deg rotation - cryst. axis [0,0,1]       

 cryst.   s( 3) = (    -1          1          0      )
                  (    -1          0          0      )
                  (    -1          0          1      )

 cart.    s( 3) = ( -0.5000000 -0.8660254  0.0000000 )
                  (  0.8660254 -0.5000000  0.0000000 )
                  (  0.0000000  0.0000000  1.0000000 )


      isym =  4     120 deg rotation - cryst. axis [0,0,-1]      

 cryst.   s( 4) = (     0         -1          0      )
                  (     1         -1          0      )
                  (     0         -1          1      )

 cart.    s( 4) = ( -0.5000000  0.8660254  0.0000000 )
                  ( -0.8660254 -0.5000000 -0.0000000 )
                  (  0.0000000  0.0000000  1.0000000 )


      isym =  5     180 deg rotation - cryst. axis [0,1,0]       

 cryst.   s( 5) = (     0         -1          0      )
                  (    -1          0          0      )
                  (     0          0         -1      )

 cart.    s( 5) = ( -0.5000000 -0.8660254  0.0000000 )
                  ( -0.8660254  0.5000000 -0.0000000 )
                  (  0.0000000  0.0000000 -1.0000000 )


      isym =  6     180 deg rotation - cryst. axis [1,1,0]       

 cryst.   s( 6) = (    -1          1          0      )
                  (     0          1          0      )
                  (     0          1         -1      )

 cart.    s( 6) = ( -0.5000000  0.8660254  0.0000000 )
                  (  0.8660254  0.5000000  0.0000000 )
                  (  0.0000000  0.0000000 -1.0000000 )


      isym =  7     inversion                                    

 cryst.   s( 7) = (    -1          0          0      )
                  (     0         -1          0      )
                  (     0          0         -1      )

 cart.    s( 7) = ( -1.0000000  0.0000000 -0.0000000 )
                  (  0.0000000 -1.0000000 -0.0000000 )
                  (  0.0000000  0.0000000 -1.0000000 )


      isym =  8     inv. 180 deg rotation - cart. axis [1,0,0]   

 cryst.   s( 8) = (    -1          0          0      )
                  (    -1          1          0      )
                  (    -1          0          1      )

 cart.    s( 8) = ( -1.0000000  0.0000000 -0.0000000 )
                  (  0.0000000  1.0000000  0.0000000 )
                  (  0.0000000  0.0000000  1.0000000 )


      isym =  9     inv. 120 deg rotation - cryst. axis [0,0,1]  

 cryst.   s( 9) = (     1         -1          0      )
                  (     1          0          0      )
                  (     1          0         -1      )

 cart.    s( 9) = (  0.5000000  0.8660254  0.0000000 )
                  ( -0.8660254  0.5000000 -0.0000000 )
                  (  0.0000000  0.0000000 -1.0000000 )


      isym = 10     inv. 120 deg rotation - cryst. axis [0,0,-1] 

 cryst.   s(10) = (     0          1          0      )
                  (    -1          1          0      )
                  (     0          1         -1      )

 cart.    s(10) = (  0.5000000 -0.8660254  0.0000000 )
                  (  0.8660254  0.5000000  0.0000000 )
                  (  0.0000000  0.0000000 -1.0000000 )


      isym = 11     inv. 180 deg rotation - cryst. axis [0,1,0]  

 cryst.   s(11) = (     0          1          0      )
                  (     1          0          0      )
                  (     0          0          1      )

 cart.    s(11) = (  0.5000000  0.8660254  0.0000000 )
                  (  0.8660254 -0.5000000  0.0000000 )
                  (  0.0000000  0.0000000  1.0000000 )


      isym = 12     inv. 180 deg rotation - cryst. axis [1,1,0]  

 cryst.   s(12) = (     1         -1          0      )
                  (     0         -1          0      )
                  (     0         -1          1      )

 cart.    s(12) = (  0.5000000 -0.8660254  0.0000000 )
                  ( -0.8660254 -0.5000000 -0.0000000 )
                  (  0.0000000  0.0000000  1.0000000 )


   Cartesian axes

     site n.     atom                  positions (alat units)
         1           Cd  tau(   1) = (   0.0000000   0.0000000   0.0000000  )
         2           Ag  tau(   2) = (   1.0000000   0.5773503   0.4082483  )
         3           Pd  tau(   3) = (   0.5000000   0.2886751   0.2041241  )
         4           Pd  tau(   4) = (   1.5000000   0.8660254   0.6123724  )

   Crystallographic axes

     site n.     atom                  positions (cryst. coord.)
         1           Cd  tau(   1) = (  0.0000000  0.0000000  0.0000000  )
         2           Ag  tau(   2) = (  0.5000000  0.5000000  0.5000000  )
         3           Pd  tau(   3) = (  0.2500000  0.2500000  0.2500000  )
         4           Pd  tau(   4) = (  0.7500000  0.7500000  0.7500000  )

     number of k points=     1  Methfessel-Paxton smearing, width (Ry)=  0.0010
                       cart. coord. in units 2pi/alat
        k(    1) = (   0.0000000   0.0000000   0.0000000), wk =   2.0000000

                       cryst. coord.
        k(    1) = (   0.0000000   0.0000000   0.0000000), wk =   2.0000000

     Dense  grid:    14562 G-vectors     FFT dimensions: (  45,  45,  45)

     Smooth grid:     5089 G-vectors     FFT dimensions: (  32,  32,  32)

     Dynamical RAM for                 wfc:       0.40 MB

     Dynamical RAM for     wfc (w. buffer):       0.40 MB

     Dynamical RAM for           str. fact:       0.67 MB

     Dynamical RAM for           local pot:       0.00 MB

     Dynamical RAM for          nlocal pot:       0.71 MB

     Dynamical RAM for                qrad:       3.73 MB

     Dynamical RAM for          rho,v,vnew:       2.75 MB

     Dynamical RAM for               rhoin:       0.92 MB

     Dynamical RAM for            rho*nmix:       3.56 MB

     Dynamical RAM for           G-vectors:       0.87 MB

     Dynamical RAM for          h,s,v(r/c):       0.15 MB

     Dynamical RAM for          <psi|beta>:       0.02 MB

     Dynamical RAM for                 psi:       0.80 MB

     Dynamical RAM for                hpsi:       0.80 MB

     Dynamical RAM for                spsi:       0.80 MB

     Dynamical RAM for      wfcinit/wfcrot:       0.84 MB

     Dynamical RAM for           addusdens:      41.55 MB

     Dynamical RAM for          addusforce:      41.67 MB

     Dynamical RAM for         addusstress:      44.66 MB

     Estimated static dynamical RAM per process >      14.41 MB

     Estimated max dynamical RAM per process >      62.63 MB

     Check: negative core charge=   -0.000002

     Initial potential from superposition of free atoms

     starting charge      66.9941, renormalised to      67.0000
     Starting wfcs are   39 randomized atomic wfcs +    2 random wfcs

     total cpu time spent up to now is        6.4 secs

     Self-consistent Calculation

     iteration #  1     ecut=    30.00 Ry     beta= 0.70
     Davidson diagonalization with overlap

---- Real-time Memory Report at c_bands before calling an iterative solver
           321 MiB given to the printing process from OS
             0 MiB allocation reported by mallinfo(arena+hblkhd)
        172894 MiB available memory on the node where the printing process lives
------------------
     ethr =  1.00E-02,  avg # of iterations =  3.0

     Threshold (ethr) on eigenvalues was too large:
     Diagonalizing with lowered threshold

     Davidson diagonalization with overlap

---- Real-time Memory Report at c_bands before calling an iterative solver
           495 MiB given to the printing process from OS
             0 MiB allocation reported by mallinfo(arena+hblkhd)
        172754 MiB available memory on the node where the printing process lives
------------------
     ethr =  5.55E-04,  avg # of iterations =  1.0

     total cpu time spent up to now is        7.2 secs

     total energy              =    -914.78239056 Ry
     estimated scf accuracy    <       0.37040753 Ry

     iteration #  2     ecut=    30.00 Ry     beta= 0.70
     Davidson diagonalization with overlap

---- Real-time Memory Report at c_bands before calling an iterative solver
           499 MiB given to the printing process from OS
             0 MiB allocation reported by mallinfo(arena+hblkhd)
        172749 MiB available memory on the node where the printing process lives
------------------
     ethr =  5.53E-04,  avg # of iterations =  3.0

     total cpu time spent up to now is        8.2 secs

     total energy              =    -914.82941628 Ry
     estimated scf accuracy    <       0.31035025 Ry

     iteration #  3     ecut=    30.00 Ry     beta= 0.70
     Davidson diagonalization with overlap

---- Real-time Memory Report at c_bands before calling an iterative solver
           499 MiB given to the printing process from OS
             0 MiB allocation reported by mallinfo(arena+hblkhd)
        172748 MiB available memory on the node where the printing process lives
------------------
     ethr =  4.63E-04,  avg # of iterations =  2.0

     total cpu time spent up to now is        8.9 secs

     total energy              =    -914.90586351 Ry
     estimated scf accuracy    <       0.01194923 Ry

     iteration #  4     ecut=    30.00 Ry     beta= 0.70
     Davidson diagonalization with overlap

---- Real-time Memory Report at c_bands before calling an iterative solver
           499 MiB given to the printing process from OS
             0 MiB allocation reported by mallinfo(arena+hblkhd)
        172748 MiB available memory on the node where the printing process lives
------------------
     ethr =  1.78E-05,  avg # of iterations =  2.0

     total cpu time spent up to now is        9.6 secs

     total energy              =    -914.90874161 Ry
     estimated scf accuracy    <       0.00218512 Ry

     iteration #  5     ecut=    30.00 Ry     beta= 0.70
     Davidson diagonalization with overlap

---- Real-time Memory Report at c_bands before calling an iterative solver
           499 MiB given to the printing process from OS
             0 MiB allocation reported by mallinfo(arena+hblkhd)
        172748 MiB available memory on the node where the printing process lives
------------------
     ethr =  3.26E-06,  avg # of iterations =  6.0

     total cpu time spent up to now is       10.4 secs

     total energy              =    -914.90915190 Ry
     estimated scf accuracy    <       0.00003723 Ry

     iteration #  6     ecut=    30.00 Ry     beta= 0.70
     Davidson diagonalization with overlap

---- Real-time Memory Report at c_bands before calling an iterative solver
           499 MiB given to the printing process from OS
             0 MiB allocation reported by mallinfo(arena+hblkhd)
        172747 MiB available memory on the node where the printing process lives
------------------
     ethr =  5.56E-08,  avg # of iterations =  2.0

     total cpu time spent up to now is       11.0 secs

     total energy              =    -914.90916238 Ry
     estimated scf accuracy    <       0.00000198 Ry

     iteration #  7     ecut=    30.00 Ry     beta= 0.70
     Davidson diagonalization with overlap

---- Real-time Memory Report at c_bands before calling an iterative solver
           499 MiB given to the printing process from OS
             0 MiB allocation reported by mallinfo(arena+hblkhd)
        172747 MiB available memory on the node where the printing process lives
------------------
     ethr =  2.95E-09,  avg # of iterations =  2.0

     total cpu time spent up to now is       11.7 secs

     End of self-consistent calculation

          k = 0.0000 0.0000 0.0000 (   622 PWs)   bands (ev):

   -76.4867 -67.7667 -67.7597 -39.4823 -39.4823 -39.4823 -33.1860 -33.1859
   -33.1858 -33.1545 -33.1544 -33.1543   8.4187   8.4187   8.4419   8.4419
     8.4420   8.8064  12.0569  12.0569  12.0570  12.1969  12.1969  13.2358
    13.2359  13.2359  14.6445  14.6445  15.9170  15.9170  15.9170  16.1436
    16.1437  21.1823  23.1046  23.1046  23.1047  23.2118  23.2120  23.2120
    23.5697

     occupation numbers 
     1.0000   1.0000   1.0000   1.0000   1.0000   1.0000   1.0000   1.0000
     1.0000   1.0000   1.0000   1.0000   1.0000   1.0000   1.0000   1.0000
     1.0000   1.0000   1.0000   1.0000   1.0000   1.0000   1.0000   1.0000
     1.0000   1.0000   1.0000   1.0000   1.0000   1.0000   1.0000   1.0000
     1.0000   0.5000  -0.0000  -0.0000  -0.0000  -0.0000  -0.0000  -0.0000
    -0.0000

     the Fermi energy is    21.1823 ev

!    total energy              =    -914.90916219 Ry
     estimated scf accuracy    <       0.00000099 Ry
     smearing contrib. (-TS)   =      -0.00028209 Ry
     internal energy E=F+TS    =    -914.90888009 Ry

     The total energy is F=E-TS. E is the sum of the following terms:
     one-electron contribution =    -327.46344164 Ry
     hartree contribution      =     206.63452959 Ry
     xc contribution           =    -119.91163885 Ry
     ewald contribution        =    -674.16832920 Ry

     convergence has been achieved in   7 iterations

     Forces acting on atoms (cartesian axes, Ry/au):

     atom    1 type  1   force =     0.00000000    0.00000000   -0.00000000
     atom    2 type  2   force =    -0.00000000    0.00000000    0.00000000
     atom    3 type  3   force =     0.00000000    0.00000000    0.00000253
     atom    4 type  3   force =     0.00000000    0.00000000   -0.00000253
     The non-local contrib.  to forces
     atom    1 type  1   force =     0.00000000    0.00000000    0.00000000
     atom    2 type  2   force =    -0.00000000    0.00000000   -0.00000000
     atom    3 type  3   force =     0.00000000   -0.00000000   -0.00012684
     atom    4 type  3   force =     0.00000000    0.00000000    0.00012684
     The ionic contribution  to forces
     atom    1 type  1   force =    -0.00000000    0.00000000   -0.00000000
     atom    2 type  2   force =     0.00000000    0.00000000    0.00000000
     atom    3 type  3   force =     0.00000000   -0.00000000   -0.00000000
     atom    4 type  3   force =     0.00000000   -0.00000000    0.00000000
     The local contribution  to forces
     atom    1 type  1   force =     0.00002743    0.00001653   -0.00001478
     atom    2 type  2   force =    -0.00002307    0.00004426   -0.00001386
     atom    3 type  3   force =     0.00023547    0.00113418   -0.00083024
     atom    4 type  3   force =    -0.00024001   -0.00131276    0.00090054
     The core correction contribution to forces
     atom    1 type  1   force =     0.00000070    0.00000027   -0.00000075
     atom    2 type  2   force =     0.00000000    0.00000000    0.00000000
     atom    3 type  3   force =     0.00000000    0.00000000    0.00000000
     atom    4 type  3   force =     0.00000000    0.00000000    0.00000000
     The Hubbard contrib.    to forces
     atom    1 type  1   force =     0.00000000    0.00000000    0.00000000
     atom    2 type  2   force =     0.00000000    0.00000000    0.00000000
     atom    3 type  3   force =     0.00000000    0.00000000    0.00000000
     atom    4 type  3   force =     0.00000000    0.00000000    0.00000000
     The SCF correction term to forces
     atom    1 type  1   force =    -0.00003233   -0.00001599    0.00001559
     atom    2 type  2   force =     0.00002986   -0.00004949    0.00000878
     atom    3 type  3   force =    -0.00028495   -0.00133789    0.00097039
     atom    4 type  3   force =     0.00028398    0.00149179   -0.00101914

     Total force =     0.000004     Total SCF correction =     0.002482
     SCF correction compared to forces is large: reduce conv_thr to get better values


     Computing stress (Cartesian axis) and pressure

          total   stress  (Ry/bohr**3)                   (kbar)     P=    -1307.59
  -0.00888860   0.00000000  -0.00000000        -1307.56        0.00       -0.00
   0.00000000  -0.00888860   0.00000000            0.00    -1307.56        0.00
  -0.00000000  -0.00000000  -0.00888929           -0.00       -0.00    -1307.66

     kinetic stress (kbar)  64775.94      0.00      0.00
                                0.00  64775.94     -0.00
                                0.00     -0.00  64775.93

     local   stress (kbar)  -8821.10     -0.02     -0.02
                               -0.02  -8820.85     -0.14
                               -0.02     -0.14  -8821.20

     nonloc. stress (kbar)   2074.74     -0.00      0.00
                               -0.00   2074.74     -0.00
                                0.00     -0.00   2074.72

     hartree stress (kbar)  21882.12      0.02      0.01
                                0.02  21881.93      0.08
                                0.01      0.08  21882.17

     exc-cor stress (kbar)  -1646.64     -0.00     -0.00
                               -0.00  -1646.64      0.00
                               -0.00      0.00  -1646.64

     corecor stress (kbar)  -8179.93      0.00      0.00
                                0.00  -8179.93     -0.00
                                0.00     -0.00  -8179.93

     ewald   stress (kbar) -71392.71     -0.00      0.00
                               -0.00 -71392.71      0.00
                                0.00      0.00 -71392.71

     hubbard stress (kbar)      0.00      0.00      0.00
                                0.00      0.00      0.00
                                0.00      0.00      0.00

     DFT-D   stress (kbar)      0.00      0.00      0.00
                                0.00      0.00      0.00
                                0.00      0.00      0.00

     XDM     stress (kbar)      0.00      0.00      0.00
                                0.00      0.00      0.00
                                0.00      0.00      0.00

     dft-nl  stress (kbar)      0.00      0.00      0.00
                                0.00      0.00      0.00
                                0.00      0.00      0.00

     TS-vdW  stress (kbar)      0.00      0.00      0.00
                                0.00      0.00      0.00
                                0.00      0.00      0.00


                                0.00      0.00      0.00
                                0.00      0.00      0.00


                                0.00      0.00      0.00


     Writing all to output data dir new_calculations/myprefix.save/
 
     init_run     :    131.00s CPU      6.27s WALL (       1 calls)
     electrons    :    112.83s CPU      5.30s WALL (       1 calls)
     forces       :      3.66s CPU      0.17s WALL (       1 calls)
     stress       :      5.93s CPU      0.27s WALL (       1 calls)

     Called by init_run:
     wfcinit      :     35.57s CPU      1.58s WALL (       1 calls)
     wfcinit:atom :      0.01s CPU      0.00s WALL (       1 calls)
     wfcinit:wfcr :     35.53s CPU      1.58s WALL (       1 calls)
     potinit      :     20.56s CPU      0.90s WALL (       1 calls)
     hinit0       :     73.39s CPU      3.72s WALL (       1 calls)

     Called by electrons:
     c_bands      :     72.35s CPU      3.41s WALL (       8 calls)
     sum_band     :     26.16s CPU      1.20s WALL (       8 calls)
     v_of_rho     :      2.65s CPU      0.13s WALL (       8 calls)
     v_h          :      0.29s CPU      0.01s WALL (       8 calls)
     v_xc         :      2.96s CPU      0.14s WALL (      10 calls)
     newd         :     11.59s CPU      0.56s WALL (       8 calls)
     mix_rho      :      0.49s CPU      0.02s WALL (       8 calls)

     Called by c_bands:
     init_us_2    :      0.25s CPU      0.01s WALL (      17 calls)
     init_us_2:cp :      0.24s CPU      0.01s WALL (      17 calls)
     regterg      :     71.81s CPU      3.39s WALL (       8 calls)

     Called by sum_band:
     sum_band:wei :      0.01s CPU      0.00s WALL (       8 calls)
     sum_band:loo :     12.17s CPU      0.56s WALL (       8 calls)
     sum_band:buf :      0.00s CPU      0.00s WALL (       8 calls)
     sum_band:ini :      0.13s CPU      0.01s WALL (       8 calls)
     sum_band:cal :      3.72s CPU      0.17s WALL (       8 calls)
     sum_band:bec :      0.04s CPU      0.00s WALL (       8 calls)
     addusdens    :     13.56s CPU      0.62s WALL (       8 calls)
     addusd:skk   :      0.04s CPU      0.00s WALL (       8 calls)
     addusd:dgemm :      0.50s CPU      0.02s WALL (       8 calls)
     addusd:qvan2 :     12.82s CPU      0.59s WALL (       8 calls)

     Called by *egterg:
     rdiaghg      :      3.55s CPU      0.17s WALL (      28 calls)
     regterg:over :     12.46s CPU      0.59s WALL (      21 calls)
     regterg:upda :      0.19s CPU      0.01s WALL (      21 calls)
     regterg:last :      0.20s CPU      0.01s WALL (      15 calls)
     h_psi        :     82.15s CPU      3.76s WALL (      30 calls)
     s_psi        :      0.13s CPU      0.01s WALL (      30 calls)
     g_psi        :      0.07s CPU      0.00s WALL (      21 calls)

     Called by h_psi:
     h_psi:calbec :      8.69s CPU      0.41s WALL (      30 calls)
     vloc_psi     :     73.03s CPU      3.33s WALL (      30 calls)
     add_vuspsi   :      0.17s CPU      0.01s WALL (      30 calls)

     General routines
     calbec       :     14.94s CPU      0.70s WALL (      43 calls)
     fft          :     66.47s CPU      3.16s WALL (     107 calls)
     ffts         :     20.23s CPU      0.89s WALL (      16 calls)
     fftw         :     78.93s CPU      3.60s WALL (    1040 calls)
     interpolate  :     20.44s CPU      0.90s WALL (       8 calls)
 
     Parallel routines
 
     PWSCF        :   4m19.78s CPU     17.27s WALL

 
   This run was terminated on:  17:37:38  20May2023            

=------------------------------------------------------------------------------=
   JOB DONE.
=------------------------------------------------------------------------------=
