
     Program PWSCF v.7.0 starts on 21May2023 at  2:16:46 

     This program is part of the open-source Quantum ESPRESSO suite
     for quantum simulation of materials; please cite
         "P. Giannozzi et al., J. Phys.:Condens. Matter 21 395502 (2009);
         "P. Giannozzi et al., J. Phys.:Condens. Matter 29 465901 (2017);
         "P. Giannozzi et al., J. Chem. Phys. 152 154105 (2020);
          URL http://www.quantum-espresso.org", 
     in publications or presentations arising from this work. More details at
     http://www.quantum-espresso.org/quote

     Parallel version (MPI & OpenMP), running on      32 processor cores
     Number of MPI processes:                 1
     Threads/MPI process:                    32

     MPI processes distributed on     1 nodes
     173731 MiB available memory on the printing compute node when the environment starts
 
     Reading input from espresso_15429.pwi
Warning: card &CELL ignored
Warning: card / ignored

     Current dimensions of program PWSCF are:
     Max number of different atomic species (ntypx) = 10
     Max number of k-points (npk) =  40000
     Max angular momentum in pseudopotentials (lmaxx) =  4
     file Al.pbe-n-kjpaw_psl.1.0.0.UPF: wavefunction(s)  3S 3P renormalized

     gamma-point specific algorithms are used
     Message from routine setup:
     using ibrav=0 with symmetry is DISCOURAGED, use correct ibrav instead

     Subspace diagonalization in iterative solution of the eigenvalue problem:
     a serial algorithm will be used

 
     G-vector sticks info
     --------------------
     sticks:   dense  smooth     PW     G-vecs:    dense   smooth      PW
     Sum        1381     685    163                33823    12039    1459
 
     Using Slab Decomposition
 


     bravais-lattice index     =            0
     lattice parameter (alat)  =       9.1347  a.u.
     unit-cell volume          =     538.9756 (a.u.)^3
     number of atoms/cell      =            4
     number of atomic types    =            3
     number of electrons       =        52.00
     number of Kohn-Sham states=           31
     kinetic-energy cutoff     =      30.0000  Ry
     charge density cutoff     =     240.0000  Ry
     scf convergence threshold =      1.0E-06
     mixing beta               =       0.7000
     number of iterations used =            8  plain     mixing
     Exchange-correlation= PBE
                           (   1   4   3   4   0   0   0)

     celldm(1)=   9.134708  celldm(2)=   0.000000  celldm(3)=   0.000000
     celldm(4)=   0.000000  celldm(5)=   0.000000  celldm(6)=   0.000000

     crystal axes: (cart. coord. in units of alat)
               a(1) = (   1.000000   0.000000   0.000000 )  
               a(2) = (   0.500000   0.866025   0.000000 )  
               a(3) = (   0.500000   0.288675   0.816497 )  

     reciprocal axes: (cart. coord. in units 2 pi/alat)
               b(1) = (  1.000000 -0.577350 -0.408248 )  
               b(2) = (  0.000000  1.154701 -0.408248 )  
               b(3) = (  0.000000  0.000000  1.224745 )  


     PseudoPot. # 1 for Y  read from file:
     /home/pragov/projects/rrg-bengioy-ad/pragov/crystal_structure_design/SSSP/Y_pbe_v1.uspp.F.UPF
     MD5 check sum: 2cf71db95cafeb975fc457bd7f14888e
     Pseudo is Ultrasoft + core correction, Zval = 11.0
     Generated by new atomic code, or converted to UPF format
     Using radial grid of  885 points,  6 beta functions with: 
                l(1) =   0
                l(2) =   0
                l(3) =   1
                l(4) =   1
                l(5) =   2
                l(6) =   2
     Q(r) pseudized with  6 coefficients,  rinner =    1.200   1.200   1.200
                                                       1.200   1.200

     PseudoPot. # 2 for Al read from file:
     /home/pragov/projects/rrg-bengioy-ad/pragov/crystal_structure_design/SSSP/Al.pbe-n-kjpaw_psl.1.0.0.UPF
     MD5 check sum: cfc449ca30b5f3223ec38ddd88ac046d
     Pseudo is Projector augmented-wave + core cor, Zval =  3.0
     Generated using "atomic" code by A. Dal Corso  v.5.1
     Shape of augmentation charge: PSQ
     Using radial grid of 1135 points,  6 beta functions with: 
                l(1) =   0
                l(2) =   0
                l(3) =   1
                l(4) =   1
                l(5) =   2
                l(6) =   2
     Q(r) pseudized with 0 coefficients 


     PseudoPot. # 3 for Au read from file:
     /home/pragov/projects/rrg-bengioy-ad/pragov/crystal_structure_design/SSSP/Au_ONCV_PBE-1.0.oncvpsp.upf
     MD5 check sum: d14007822ba0e19f0206237467fc06c2
     Pseudo is Norm-conserving, Zval = 19.0
     Generated using ONCVPSP code by D. R. Hamann
     Using radial grid of 1278 points,  8 beta functions with: 
                l(1) =   0
                l(2) =   0
                l(3) =   1
                l(4) =   1
                l(5) =   2
                l(6) =   2
                l(7) =   3
                l(8) =   3

     atomic species   valence    mass     pseudopotential
        Y             11.00    88.90584     Y ( 1.00)
        Al             3.00    26.98154     Al( 1.00)
        Au            19.00   196.96657     Au( 1.00)

     12 Sym. Ops., with inversion, found


                                    s                        frac. trans.

      isym =  1     identity                                     

 cryst.   s( 1) = (     1          0          0      )
                  (     0          1          0      )
                  (     0          0          1      )

 cart.    s( 1) = (  1.0000000  0.0000000  0.0000000 )
                  (  0.0000000  1.0000000  0.0000000 )
                  (  0.0000000  0.0000000  1.0000000 )


      isym =  2     180 deg rotation - cart. axis [1,0,0]        

 cryst.   s( 2) = (     1          0          0      )
                  (     1         -1          0      )
                  (     1          0         -1      )

 cart.    s( 2) = (  1.0000000  0.0000000  0.0000000 )
                  (  0.0000000 -1.0000000 -0.0000000 )
                  (  0.0000000  0.0000000 -1.0000000 )


      isym =  3     120 deg rotation - cryst. axis [0,0,1]       

 cryst.   s( 3) = (    -1          1          0      )
                  (    -1          0          0      )
                  (    -1          0          1      )

 cart.    s( 3) = ( -0.5000000 -0.8660254 -0.0000000 )
                  (  0.8660254 -0.5000000 -0.0000000 )
                  (  0.0000000  0.0000000  1.0000000 )


      isym =  4     120 deg rotation - cryst. axis [0,0,-1]      

 cryst.   s( 4) = (     0         -1          0      )
                  (     1         -1          0      )
                  (     0         -1          1      )

 cart.    s( 4) = ( -0.5000000  0.8660254  0.0000000 )
                  ( -0.8660254 -0.5000000 -0.0000000 )
                  (  0.0000000  0.0000000  1.0000000 )


      isym =  5     180 deg rotation - cryst. axis [0,1,0]       

 cryst.   s( 5) = (     0         -1          0      )
                  (    -1          0          0      )
                  (     0          0         -1      )

 cart.    s( 5) = ( -0.5000000 -0.8660254 -0.0000000 )
                  ( -0.8660254  0.5000000  0.0000000 )
                  (  0.0000000  0.0000000 -1.0000000 )


      isym =  6     180 deg rotation - cryst. axis [1,1,0]       

 cryst.   s( 6) = (    -1          1          0      )
                  (     0          1          0      )
                  (     0          1         -1      )

 cart.    s( 6) = ( -0.5000000  0.8660254  0.0000000 )
                  (  0.8660254  0.5000000  0.0000000 )
                  (  0.0000000  0.0000000 -1.0000000 )


      isym =  7     inversion                                    

 cryst.   s( 7) = (    -1          0          0      )
                  (     0         -1          0      )
                  (     0          0         -1      )

 cart.    s( 7) = ( -1.0000000  0.0000000  0.0000000 )
                  (  0.0000000 -1.0000000 -0.0000000 )
                  (  0.0000000  0.0000000 -1.0000000 )


      isym =  8     inv. 180 deg rotation - cart. axis [1,0,0]   

 cryst.   s( 8) = (    -1          0          0      )
                  (    -1          1          0      )
                  (    -1          0          1      )

 cart.    s( 8) = ( -1.0000000  0.0000000 -0.0000000 )
                  (  0.0000000  1.0000000  0.0000000 )
                  (  0.0000000  0.0000000  1.0000000 )


      isym =  9     inv. 120 deg rotation - cryst. axis [0,0,1]  

 cryst.   s( 9) = (     1         -1          0      )
                  (     1          0          0      )
                  (     1          0         -1      )

 cart.    s( 9) = (  0.5000000  0.8660254  0.0000000 )
                  ( -0.8660254  0.5000000  0.0000000 )
                  (  0.0000000  0.0000000 -1.0000000 )


      isym = 10     inv. 120 deg rotation - cryst. axis [0,0,-1] 

 cryst.   s(10) = (     0          1          0      )
                  (    -1          1          0      )
                  (     0          1         -1      )

 cart.    s(10) = (  0.5000000 -0.8660254 -0.0000000 )
                  (  0.8660254  0.5000000  0.0000000 )
                  (  0.0000000  0.0000000 -1.0000000 )


      isym = 11     inv. 180 deg rotation - cryst. axis [0,1,0]  

 cryst.   s(11) = (     0          1          0      )
                  (     1          0          0      )
                  (     0          0          1      )

 cart.    s(11) = (  0.5000000  0.8660254  0.0000000 )
                  (  0.8660254 -0.5000000 -0.0000000 )
                  (  0.0000000  0.0000000  1.0000000 )


      isym = 12     inv. 180 deg rotation - cryst. axis [1,1,0]  

 cryst.   s(12) = (     1         -1          0      )
                  (     0         -1          0      )
                  (     0         -1          1      )

 cart.    s(12) = (  0.5000000 -0.8660254 -0.0000000 )
                  ( -0.8660254 -0.5000000 -0.0000000 )
                  (  0.0000000  0.0000000  1.0000000 )


   Cartesian axes

     site n.     atom                  positions (alat units)
         1           Y   tau(   1) = (   0.0000000   0.0000000   0.0000000  )
         2           Al  tau(   2) = (   1.0000000   0.5773503   0.4082483  )
         3           Au  tau(   3) = (   1.5000000   0.8660254   0.6123724  )
         4           Au  tau(   4) = (   0.5000000   0.2886751   0.2041241  )

   Crystallographic axes

     site n.     atom                  positions (cryst. coord.)
         1           Y   tau(   1) = (  0.0000000  0.0000000  0.0000000  )
         2           Al  tau(   2) = (  0.5000000  0.5000000  0.5000000  )
         3           Au  tau(   3) = (  0.7500000  0.7500000  0.7500000  )
         4           Au  tau(   4) = (  0.2500000  0.2500000  0.2500000  )

     number of k points=     1  Methfessel-Paxton smearing, width (Ry)=  0.0010
                       cart. coord. in units 2pi/alat
        k(    1) = (   0.0000000   0.0000000   0.0000000), wk =   2.0000000

                       cryst. coord.
        k(    1) = (   0.0000000   0.0000000   0.0000000), wk =   2.0000000

     Dense  grid:    16912 G-vectors     FFT dimensions: (  45,  45,  45)

     Smooth grid:     6020 G-vectors     FFT dimensions: (  32,  32,  32)

     Dynamical RAM for                 wfc:       0.35 MB

     Dynamical RAM for     wfc (w. buffer):       0.35 MB

     Dynamical RAM for           str. fact:       0.77 MB

     Dynamical RAM for           local pot:       0.00 MB

     Dynamical RAM for          nlocal pot:       1.14 MB

     Dynamical RAM for                qrad:       8.96 MB

     Dynamical RAM for          rho,v,vnew:       2.86 MB

     Dynamical RAM for               rhoin:       0.95 MB

     Dynamical RAM for            rho*nmix:       4.13 MB

     Dynamical RAM for           G-vectors:       1.01 MB

     Dynamical RAM for          h,s,v(r/c):       0.09 MB

     Dynamical RAM for          <psi|beta>:       0.02 MB

     Dynamical RAM for                 psi:       0.71 MB

     Dynamical RAM for                hpsi:       0.71 MB

     Dynamical RAM for                spsi:       0.71 MB

     Dynamical RAM for      wfcinit/wfcrot:       0.88 MB

     Dynamical RAM for           addusdens:      51.35 MB

     Dynamical RAM for          addusforce:      51.49 MB

     Dynamical RAM for         addusstress:      58.06 MB

     Estimated static dynamical RAM per process >      20.56 MB

     Estimated max dynamical RAM per process >      82.75 MB

     Check: negative core charge=   -0.000004

     Initial potential from superposition of free atoms

     starting charge      51.9931, renormalised to      52.0000

     negative rho (up, down):  4.347E-02 0.000E+00
     Starting wfcs are   37 randomized atomic wfcs
     Checking if some PAW data can be deallocated... 

     total cpu time spent up to now is        5.7 secs

     Self-consistent Calculation

     iteration #  1     ecut=    30.00 Ry     beta= 0.70
     Davidson diagonalization with overlap

---- Real-time Memory Report at c_bands before calling an iterative solver
           348 MiB given to the printing process from OS
             0 MiB allocation reported by mallinfo(arena+hblkhd)
        173600 MiB available memory on the node where the printing process lives
------------------
     ethr =  1.00E-02,  avg # of iterations =  2.0

     negative rho (up, down):  3.921E-02 0.000E+00

     total cpu time spent up to now is        6.2 secs

     total energy              =    -675.38296387 Ry
     estimated scf accuracy    <       0.53136193 Ry

     iteration #  2     ecut=    30.00 Ry     beta= 0.70
     Davidson diagonalization with overlap

---- Real-time Memory Report at c_bands before calling an iterative solver
           385 MiB given to the printing process from OS
             0 MiB allocation reported by mallinfo(arena+hblkhd)
        173524 MiB available memory on the node where the printing process lives
------------------
     ethr =  1.02E-03,  avg # of iterations =  6.0

     negative rho (up, down):  3.896E-02 0.000E+00

     total cpu time spent up to now is        6.8 secs

     total energy              =    -675.55884683 Ry
     estimated scf accuracy    <       0.29049717 Ry

     iteration #  3     ecut=    30.00 Ry     beta= 0.70
     Davidson diagonalization with overlap

---- Real-time Memory Report at c_bands before calling an iterative solver
           386 MiB given to the printing process from OS
             0 MiB allocation reported by mallinfo(arena+hblkhd)
        173524 MiB available memory on the node where the printing process lives
------------------
     ethr =  5.59E-04,  avg # of iterations =  3.0

     negative rho (up, down):  3.953E-02 0.000E+00

     total cpu time spent up to now is        7.3 secs

     total energy              =    -675.60752196 Ry
     estimated scf accuracy    <       0.00725210 Ry

     iteration #  4     ecut=    30.00 Ry     beta= 0.70
     Davidson diagonalization with overlap

---- Real-time Memory Report at c_bands before calling an iterative solver
           386 MiB given to the printing process from OS
             0 MiB allocation reported by mallinfo(arena+hblkhd)
        173523 MiB available memory on the node where the printing process lives
------------------
     ethr =  1.39E-05,  avg # of iterations = 10.0

     negative rho (up, down):  3.954E-02 0.000E+00

     total cpu time spent up to now is        7.7 secs

     total energy              =    -675.61028308 Ry
     estimated scf accuracy    <       0.00488133 Ry

     iteration #  5     ecut=    30.00 Ry     beta= 0.70
     Davidson diagonalization with overlap

---- Real-time Memory Report at c_bands before calling an iterative solver
           386 MiB given to the printing process from OS
             0 MiB allocation reported by mallinfo(arena+hblkhd)
        173523 MiB available memory on the node where the printing process lives
------------------
     ethr =  9.39E-06,  avg # of iterations =  2.0

     negative rho (up, down):  3.940E-02 0.000E+00

     total cpu time spent up to now is        8.1 secs

     total energy              =    -675.61089401 Ry
     estimated scf accuracy    <       0.00059462 Ry

     iteration #  6     ecut=    30.00 Ry     beta= 0.70
     Davidson diagonalization with overlap

---- Real-time Memory Report at c_bands before calling an iterative solver
           387 MiB given to the printing process from OS
             0 MiB allocation reported by mallinfo(arena+hblkhd)
        173524 MiB available memory on the node where the printing process lives
------------------
     ethr =  1.14E-06,  avg # of iterations =  3.0

     negative rho (up, down):  3.939E-02 0.000E+00

     total cpu time spent up to now is        8.6 secs

     total energy              =    -675.61107953 Ry
     estimated scf accuracy    <       0.00007732 Ry

     iteration #  7     ecut=    30.00 Ry     beta= 0.70
     Davidson diagonalization with overlap

---- Real-time Memory Report at c_bands before calling an iterative solver
           388 MiB given to the printing process from OS
             0 MiB allocation reported by mallinfo(arena+hblkhd)
        173524 MiB available memory on the node where the printing process lives
------------------
     ethr =  1.49E-07,  avg # of iterations =  2.0

     negative rho (up, down):  3.939E-02 0.000E+00

     total cpu time spent up to now is        9.2 secs

     total energy              =    -675.61108149 Ry
     estimated scf accuracy    <       0.00003352 Ry

     iteration #  8     ecut=    30.00 Ry     beta= 0.70
     Davidson diagonalization with overlap

---- Real-time Memory Report at c_bands before calling an iterative solver
           388 MiB given to the printing process from OS
             0 MiB allocation reported by mallinfo(arena+hblkhd)
        173524 MiB available memory on the node where the printing process lives
------------------
     ethr =  6.45E-08,  avg # of iterations =  3.0

     negative rho (up, down):  3.939E-02 0.000E+00

     total cpu time spent up to now is        9.7 secs

     End of self-consistent calculation

          k = 0.0000 0.0000 0.0000 (   730 PWs)   bands (ev):

   -93.0274 -93.0265 -43.9587 -43.9586 -43.9586 -43.9542 -43.9542 -43.9542
   -25.7054  -5.9180  -5.9178  -5.9176   5.2911   8.6469   8.6469   8.8078
     8.8079   8.8079  10.0005  10.0005  10.0006  10.8077  10.8077  14.3868
    14.3868  14.3869  15.4996  15.5724  16.4867  16.4868  16.4870

     occupation numbers 
     1.0000   1.0000   1.0000   1.0000   1.0000   1.0000   1.0000   1.0000
     1.0000   1.0000   1.0000   1.0000   1.0000   1.0000   1.0000   1.0000
     1.0000   1.0000   1.0000   1.0000   1.0000   1.0000   1.0000   1.0000
     1.0000   1.0000  -0.0000  -0.0000  -0.0000  -0.0000  -0.0000

     the Fermi energy is    14.9076 ev

!    total energy              =    -675.61108782 Ry
     estimated scf accuracy    <       0.00000029 Ry
     smearing contrib. (-TS)   =       0.00000000 Ry
     internal energy E=F+TS    =    -675.61108782 Ry

     The total energy is F=E-TS. E is the sum of the following terms:
     one-electron contribution =    -293.21088990 Ry
     hartree contribution      =     162.18008608 Ry
     xc contribution           =     -75.10617158 Ry
     ewald contribution        =    -434.90366020 Ry
     one-center paw contrib.   =     -34.57045222 Ry
      -> PAW hartree energy AE =       0.55852745 Ry
      -> PAW hartree energy PS =      -0.55754075 Ry
      -> PAW xc energy AE      =     -36.02169837 Ry
      -> PAW xc energy PS      =       1.45025946 Ry
      -> total E_H with PAW    =     162.18107278 Ry
      -> total E_XC with PAW   =    -109.67761049 Ry

     convergence has been achieved in   8 iterations

     negative rho (up, down):  3.939E-02 0.000E+00

     Forces acting on atoms (cartesian axes, Ry/au):

     atom    1 type  1   force =     0.00000000   -0.00000000   -0.00000000
     atom    2 type  2   force =    -0.00000000    0.00000000    0.00000000
     atom    3 type  3   force =    -0.00000000   -0.00000000    0.00011153
     atom    4 type  3   force =     0.00000000    0.00000000   -0.00011153
     The non-local contrib.  to forces
     atom    1 type  1   force =     0.00000000    0.00000000    0.00000000
     atom    2 type  2   force =     0.00000000   -0.00000000    0.00000000
     atom    3 type  3   force =     0.00000000    0.00000000   -0.00003474
     atom    4 type  3   force =    -0.00000000    0.00000000    0.00003474
     The ionic contribution  to forces
     atom    1 type  1   force =    -0.00000000   -0.00000000    0.00000000
     atom    2 type  2   force =     0.00000000    0.00000000    0.00000000
     atom    3 type  3   force =     0.00000000   -0.00000000   -0.00000000
     atom    4 type  3   force =     0.00000000    0.00000000   -0.00000000
     The local contribution  to forces
     atom    1 type  1   force =    -0.00015176   -0.00019403   -0.00010427
     atom    2 type  2   force =     0.00008551    0.00006506    0.00005656
     atom    3 type  3   force =    -0.00262294    0.00027177   -0.00129192
     atom    4 type  3   force =     0.00149118   -0.00053608    0.00034539
     The core correction contribution to forces
     atom    1 type  1   force =    -0.00000185   -0.00000158   -0.00000150
     atom    2 type  2   force =     0.00000285    0.00000270    0.00000167
     atom    3 type  3   force =     0.00000000    0.00000000    0.00000000
     atom    4 type  3   force =     0.00000000    0.00000000    0.00000000
     The Hubbard contrib.    to forces
     atom    1 type  1   force =     0.00000000    0.00000000    0.00000000
     atom    2 type  2   force =     0.00000000    0.00000000    0.00000000
     atom    3 type  3   force =     0.00000000    0.00000000    0.00000000
     atom    4 type  3   force =     0.00000000    0.00000000    0.00000000
     The SCF correction term to forces
     atom    1 type  1   force =     0.00013679    0.00017446    0.00009110
     atom    2 type  2   force =    -0.00004269   -0.00003152   -0.00002884
     atom    3 type  3   force =     0.00292049   -0.00035843    0.00142942
     atom    4 type  3   force =    -0.00182304    0.00061389   -0.00050044

     Total force =     0.000158     Total SCF correction =     0.003836
     SCF correction compared to forces is large: reduce conv_thr to get better values


     Computing stress (Cartesian axis) and pressure


     negative rho (up, down):  3.939E-02 0.000E+00
          total   stress  (Ry/bohr**3)                   (kbar)     P=     -632.25
  -0.00429767  -0.00000000  -0.00000000         -632.21       -0.00       -0.00
  -0.00000000  -0.00429767  -0.00000000           -0.00     -632.21       -0.00
  -0.00000000  -0.00000000  -0.00429847           -0.00       -0.00     -632.33

     kinetic stress (kbar)  34699.51     -0.00      0.00
                               -0.00  34699.51      0.00
                                0.00      0.00  34699.50

     local   stress (kbar) -11897.24      0.22      0.40
                                0.22 -11897.02     -0.00
                                0.40     -0.00 -11897.37

     nonloc. stress (kbar)   7168.21      0.00      0.00
                                0.00   7168.21      0.00
                                0.00      0.00   7168.18

     hartree stress (kbar)  14754.86     -0.16     -0.23
                               -0.16  14754.74      0.01
                               -0.23      0.01  14754.97

     exc-cor stress (kbar)  -2189.96     -0.00     -0.00
                               -0.00  -2189.96     -0.00
                               -0.00     -0.00  -2189.96

     corecor stress (kbar)  -3600.89      0.00      0.00
                                0.00  -3600.89      0.00
                                0.00      0.00  -3600.89

     ewald   stress (kbar) -39566.75     -0.00      0.00
                               -0.00 -39566.75      0.00
                                0.00      0.00 -39566.75

     hubbard stress (kbar)      0.00      0.00      0.00
                                0.00      0.00      0.00
                                0.00      0.00      0.00

     DFT-D   stress (kbar)      0.00      0.00      0.00
                                0.00      0.00      0.00
                                0.00      0.00      0.00

     XDM     stress (kbar)      0.00      0.00      0.00
                                0.00      0.00      0.00
                                0.00      0.00      0.00

     dft-nl  stress (kbar)      0.00      0.00      0.00
                                0.00      0.00      0.00
                                0.00      0.00      0.00

     TS-vdW  stress (kbar)      0.00      0.00      0.00
                                0.00      0.00      0.00
                                0.00      0.00      0.00


                                0.00      0.00      0.00
                                0.00      0.00      0.00


                                0.00      0.00      0.00


     Writing all to output data dir new_calculations/myprefix.save/
 
     init_run     :    119.79s CPU      5.51s WALL (       1 calls)
     electrons    :    110.66s CPU      4.03s WALL (       1 calls)
     forces       :      2.92s CPU      0.10s WALL (       1 calls)
     stress       :      7.46s CPU      0.27s WALL (       1 calls)

     Called by init_run:
     wfcinit      :     22.30s CPU      0.87s WALL (       1 calls)
     wfcinit:atom :      0.01s CPU      0.00s WALL (       1 calls)
     wfcinit:wfcr :     22.20s CPU      0.86s WALL (       1 calls)
     potinit      :     22.71s CPU      0.89s WALL (       1 calls)
     hinit0       :     70.29s CPU      3.55s WALL (       1 calls)

     Called by electrons:
     c_bands      :     45.06s CPU      1.65s WALL (       8 calls)
     sum_band     :     27.55s CPU      0.99s WALL (       8 calls)
     v_of_rho     :      3.16s CPU      0.12s WALL (       9 calls)
     v_h          :      0.32s CPU      0.01s WALL (       9 calls)
     v_xc         :      3.31s CPU      0.12s WALL (      11 calls)
     newd         :     20.55s CPU      0.76s WALL (       9 calls)
     PAW_pot      :     16.04s CPU      0.60s WALL (       9 calls)
     mix_rho      :      0.68s CPU      0.02s WALL (       8 calls)

     Called by c_bands:
     init_us_2    :      0.19s CPU      0.01s WALL (      17 calls)
     init_us_2:cp :      0.17s CPU      0.01s WALL (      17 calls)
     regterg      :     44.33s CPU      1.62s WALL (       8 calls)

     Called by sum_band:
     sum_band:wei :      0.01s CPU      0.00s WALL (       8 calls)
     sum_band:loo :      6.32s CPU      0.23s WALL (       8 calls)
     sum_band:buf :      0.00s CPU      0.00s WALL (       8 calls)
     sum_band:ini :      0.10s CPU      0.00s WALL (       8 calls)
     sum_band:cal :      1.43s CPU      0.05s WALL (       8 calls)
     sum_band:bec :      0.04s CPU      0.00s WALL (       8 calls)
     addusdens    :     20.75s CPU      0.74s WALL (       8 calls)
     addusd:skk   :      0.06s CPU      0.00s WALL (      16 calls)
     addusd:dgemm :      0.87s CPU      0.03s WALL (      16 calls)
     addusd:qvan2 :     19.48s CPU      0.69s WALL (      16 calls)

     Called by *egterg:
     rdiaghg      :      1.68s CPU      0.06s WALL (      39 calls)
     regterg:over :     10.75s CPU      0.40s WALL (      31 calls)
     regterg:upda :      0.21s CPU      0.01s WALL (      31 calls)
     regterg:last :      0.22s CPU      0.01s WALL (      17 calls)
     h_psi        :     48.29s CPU      1.81s WALL (      40 calls)
     s_psi        :      0.12s CPU      0.00s WALL (      40 calls)
     g_psi        :      0.09s CPU      0.00s WALL (      31 calls)

     Called by h_psi:
     h_psi:calbec :      4.81s CPU      0.18s WALL (      40 calls)
     vloc_psi     :     43.05s CPU      1.61s WALL (      40 calls)
     add_vuspsi   :      0.16s CPU      0.01s WALL (      40 calls)

     General routines
     calbec       :      6.21s CPU      0.23s WALL (      53 calls)
     fft          :     61.98s CPU      2.83s WALL (     117 calls)
     ffts         :     20.32s CPU      0.79s WALL (      17 calls)
     fftw         :     45.05s CPU      1.69s WALL (     824 calls)
     interpolate  :     20.54s CPU      0.80s WALL (       9 calls)
 
     Parallel routines

     PAW routines
     PAW_pot      :     16.04s CPU      0.60s WALL (       9 calls)
     PAW_symme    :      0.06s CPU      0.00s WALL (      17 calls)
 
     PWSCF        :   4m10.06s CPU     10.48s WALL

 
   This run was terminated on:   2:16:56  21May2023            

=------------------------------------------------------------------------------=
   JOB DONE.
=------------------------------------------------------------------------------=
