
     Program PWSCF v.7.0 starts on 20May2023 at  6:43:30 

     This program is part of the open-source Quantum ESPRESSO suite
     for quantum simulation of materials; please cite
         "P. Giannozzi et al., J. Phys.:Condens. Matter 21 395502 (2009);
         "P. Giannozzi et al., J. Phys.:Condens. Matter 29 465901 (2017);
         "P. Giannozzi et al., J. Chem. Phys. 152 154105 (2020);
          URL http://www.quantum-espresso.org", 
     in publications or presentations arising from this work. More details at
     http://www.quantum-espresso.org/quote

     Parallel version (MPI & OpenMP), running on      32 processor cores
     Number of MPI processes:                 1
     Threads/MPI process:                    32

     MPI processes distributed on     1 nodes
     118944 MiB available memory on the printing compute node when the environment starts
 
     Reading input from espresso_10203.pwi
Warning: card &CELL ignored
Warning: card / ignored

     Current dimensions of program PWSCF are:
     Max number of different atomic species (ntypx) = 10
     Max number of k-points (npk) =  40000
     Max angular momentum in pseudopotentials (lmaxx) =  4
     file Mg.pbe-n-kjpaw_psl.0.3.0.UPF: wavefunction(s)  3S renormalized
     file Cd.pbe-dn-rrkjus_psl.0.3.1.UPF: wavefunction(s)  4D renormalized

     gamma-point specific algorithms are used
     Message from routine setup:
     using ibrav=0 with symmetry is DISCOURAGED, use correct ibrav instead

     Subspace diagonalization in iterative solution of the eigenvalue problem:
     a serial algorithm will be used

 
     G-vector sticks info
     --------------------
     sticks:   dense  smooth     PW     G-vecs:    dense   smooth      PW
     Sum        1573     769    199                41049    14361    1837
 
     Using Slab Decomposition
 


     bravais-lattice index     =            0
     lattice parameter (alat)  =       9.7498  a.u.
     unit-cell volume          =     655.3542 (a.u.)^3
     number of atoms/cell      =            4
     number of atomic types    =            3
     number of electrons       =        36.00
     number of Kohn-Sham states=           22
     kinetic-energy cutoff     =      30.0000  Ry
     charge density cutoff     =     240.0000  Ry
     scf convergence threshold =      1.0E-06
     mixing beta               =       0.7000
     number of iterations used =            8  plain     mixing
     Exchange-correlation= PBE
                           (   1   4   3   4   0   0   0)

     celldm(1)=   9.749830  celldm(2)=   0.000000  celldm(3)=   0.000000
     celldm(4)=   0.000000  celldm(5)=   0.000000  celldm(6)=   0.000000

     crystal axes: (cart. coord. in units of alat)
               a(1) = (   1.000000   0.000000   0.000000 )  
               a(2) = (   0.500000   0.866025   0.000000 )  
               a(3) = (   0.500000   0.288675   0.816497 )  

     reciprocal axes: (cart. coord. in units 2 pi/alat)
               b(1) = (  1.000000 -0.577350 -0.408248 )  
               b(2) = (  0.000000  1.154701 -0.408248 )  
               b(3) = (  0.000000  0.000000  1.224745 )  


     PseudoPot. # 1 for Ca read from file:
     /home/pragov/projects/rrg-bengioy-ad/pragov/crystal_structure_design/SSSP/Ca_pbe_v1.uspp.F.UPF
     MD5 check sum: 403a4c14b9e4d4dfdc3024c9a3812218
     Pseudo is Ultrasoft + core correction, Zval = 10.0
     Generated by new atomic code, or converted to UPF format
     Using radial grid of  845 points,  6 beta functions with: 
                l(1) =   0
                l(2) =   0
                l(3) =   1
                l(4) =   1
                l(5) =   2
                l(6) =   2
     Q(r) pseudized with  8 coefficients,  rinner =    1.500   1.500   1.500
                                                       1.500   1.500

     PseudoPot. # 2 for Mg read from file:
     /home/pragov/projects/rrg-bengioy-ad/pragov/crystal_structure_design/SSSP/Mg.pbe-n-kjpaw_psl.0.3.0.UPF
     MD5 check sum: 24ecedc7f3e3cbe212e682f4413594e4
     Pseudo is Projector augmented-wave + core cor, Zval =  2.0
     Generated using "atomic" code by A. Dal Corso  v.5.0.99 svn rev. 10869
     Shape of augmentation charge: PSQ
     Using radial grid of 1129 points,  4 beta functions with: 
                l(1) =   0
                l(2) =   0
                l(3) =   1
                l(4) =   1
     Q(r) pseudized with 0 coefficients 


     PseudoPot. # 3 for Cd read from file:
     /home/pragov/projects/rrg-bengioy-ad/pragov/crystal_structure_design/SSSP/Cd.pbe-dn-rrkjus_psl.0.3.1.UPF
     MD5 check sum: 558e9f355611b531a870a69ef6ace9e2
     Pseudo is Ultrasoft + core correction, Zval = 12.0
     Generated using "atomic" code by A. Dal Corso  v.5.0.99 svn rev. 10869
     Using radial grid of 1239 points,  6 beta functions with: 
                l(1) =   0
                l(2) =   0
                l(3) =   1
                l(4) =   1
                l(5) =   2
                l(6) =   2
     Q(r) pseudized with 0 coefficients 


     atomic species   valence    mass     pseudopotential
        Ca            10.00    40.07800     Ca( 1.00)
        Mg             2.00    24.30500     Mg( 1.00)
        Cd            12.00   112.41400     Cd( 1.00)

     12 Sym. Ops., with inversion, found


                                    s                        frac. trans.

      isym =  1     identity                                     

 cryst.   s( 1) = (     1          0          0      )
                  (     0          1          0      )
                  (     0          0          1      )

 cart.    s( 1) = (  1.0000000  0.0000000  0.0000000 )
                  (  0.0000000  1.0000000 -0.0000000 )
                  (  0.0000000  0.0000000  1.0000000 )


      isym =  2     180 deg rotation - cart. axis [1,0,0]        

 cryst.   s( 2) = (     1          0          0      )
                  (     1         -1          0      )
                  (     1          0         -1      )

 cart.    s( 2) = (  1.0000000  0.0000000  0.0000000 )
                  (  0.0000000 -1.0000000  0.0000000 )
                  (  0.0000000  0.0000000 -1.0000000 )


      isym =  3     120 deg rotation - cryst. axis [0,0,1]       

 cryst.   s( 3) = (    -1          1          0      )
                  (    -1          0          0      )
                  (    -1          0          1      )

 cart.    s( 3) = ( -0.5000000 -0.8660254  0.0000000 )
                  (  0.8660254 -0.5000000  0.0000000 )
                  (  0.0000000  0.0000000  1.0000000 )


      isym =  4     120 deg rotation - cryst. axis [0,0,-1]      

 cryst.   s( 4) = (     0         -1          0      )
                  (     1         -1          0      )
                  (     0         -1          1      )

 cart.    s( 4) = ( -0.5000000  0.8660254 -0.0000000 )
                  ( -0.8660254 -0.5000000  0.0000000 )
                  (  0.0000000  0.0000000  1.0000000 )


      isym =  5     180 deg rotation - cryst. axis [0,1,0]       

 cryst.   s( 5) = (     0         -1          0      )
                  (    -1          0          0      )
                  (     0          0         -1      )

 cart.    s( 5) = ( -0.5000000 -0.8660254  0.0000000 )
                  ( -0.8660254  0.5000000 -0.0000000 )
                  (  0.0000000  0.0000000 -1.0000000 )


      isym =  6     180 deg rotation - cryst. axis [1,1,0]       

 cryst.   s( 6) = (    -1          1          0      )
                  (     0          1          0      )
                  (     0          1         -1      )

 cart.    s( 6) = ( -0.5000000  0.8660254 -0.0000000 )
                  (  0.8660254  0.5000000 -0.0000000 )
                  (  0.0000000  0.0000000 -1.0000000 )


      isym =  7     inversion                                    

 cryst.   s( 7) = (    -1          0          0      )
                  (     0         -1          0      )
                  (     0          0         -1      )

 cart.    s( 7) = ( -1.0000000  0.0000000  0.0000000 )
                  (  0.0000000 -1.0000000  0.0000000 )
                  (  0.0000000  0.0000000 -1.0000000 )


      isym =  8     inv. 180 deg rotation - cart. axis [1,0,0]   

 cryst.   s( 8) = (    -1          0          0      )
                  (    -1          1          0      )
                  (    -1          0          1      )

 cart.    s( 8) = ( -1.0000000  0.0000000  0.0000000 )
                  (  0.0000000  1.0000000 -0.0000000 )
                  (  0.0000000  0.0000000  1.0000000 )


      isym =  9     inv. 120 deg rotation - cryst. axis [0,0,1]  

 cryst.   s( 9) = (     1         -1          0      )
                  (     1          0          0      )
                  (     1          0         -1      )

 cart.    s( 9) = (  0.5000000  0.8660254 -0.0000000 )
                  ( -0.8660254  0.5000000 -0.0000000 )
                  (  0.0000000  0.0000000 -1.0000000 )


      isym = 10     inv. 120 deg rotation - cryst. axis [0,0,-1] 

 cryst.   s(10) = (     0          1          0      )
                  (    -1          1          0      )
                  (     0          1         -1      )

 cart.    s(10) = (  0.5000000 -0.8660254  0.0000000 )
                  (  0.8660254  0.5000000 -0.0000000 )
                  (  0.0000000  0.0000000 -1.0000000 )


      isym = 11     inv. 180 deg rotation - cryst. axis [0,1,0]  

 cryst.   s(11) = (     0          1          0      )
                  (     1          0          0      )
                  (     0          0          1      )

 cart.    s(11) = (  0.5000000  0.8660254 -0.0000000 )
                  (  0.8660254 -0.5000000  0.0000000 )
                  (  0.0000000  0.0000000  1.0000000 )


      isym = 12     inv. 180 deg rotation - cryst. axis [1,1,0]  

 cryst.   s(12) = (     1         -1          0      )
                  (     0         -1          0      )
                  (     0         -1          1      )

 cart.    s(12) = (  0.5000000 -0.8660254  0.0000000 )
                  ( -0.8660254 -0.5000000  0.0000000 )
                  (  0.0000000  0.0000000  1.0000000 )


   Cartesian axes

     site n.     atom                  positions (alat units)
         1           Ca  tau(   1) = (   1.0000000   0.5773503   0.4082483  )
         2           Mg  tau(   2) = (   0.0000000   0.0000000   0.0000000  )
         3           Cd  tau(   3) = (   1.5000000   0.8660254   0.6123724  )
         4           Cd  tau(   4) = (   0.5000000   0.2886751   0.2041241  )

   Crystallographic axes

     site n.     atom                  positions (cryst. coord.)
         1           Ca  tau(   1) = (  0.5000000  0.5000000  0.5000000  )
         2           Mg  tau(   2) = (  0.0000000  0.0000000  0.0000000  )
         3           Cd  tau(   3) = (  0.7500000  0.7500000  0.7500000  )
         4           Cd  tau(   4) = (  0.2500000  0.2500000  0.2500000  )

     number of k points=     1  Methfessel-Paxton smearing, width (Ry)=  0.0010
                       cart. coord. in units 2pi/alat
        k(    1) = (   0.0000000   0.0000000   0.0000000), wk =   2.0000000

                       cryst. coord.
        k(    1) = (   0.0000000   0.0000000   0.0000000), wk =   2.0000000

     Dense  grid:    20525 G-vectors     FFT dimensions: (  50,  50,  50)

     Smooth grid:     7181 G-vectors     FFT dimensions: (  36,  36,  36)

     Dynamical RAM for                 wfc:       0.31 MB

     Dynamical RAM for     wfc (w. buffer):       0.31 MB

     Dynamical RAM for           str. fact:       0.94 MB

     Dynamical RAM for           local pot:       0.00 MB

     Dynamical RAM for          nlocal pot:       0.86 MB

     Dynamical RAM for                qrad:       3.73 MB

     Dynamical RAM for          rho,v,vnew:       3.80 MB

     Dynamical RAM for               rhoin:       1.27 MB

     Dynamical RAM for            rho*nmix:       5.01 MB

     Dynamical RAM for           G-vectors:       1.23 MB

     Dynamical RAM for          h,s,v(r/c):       0.04 MB

     Dynamical RAM for          <psi|beta>:       0.01 MB

     Dynamical RAM for                 psi:       0.61 MB

     Dynamical RAM for                hpsi:       0.61 MB

     Dynamical RAM for                spsi:       0.61 MB

     Dynamical RAM for      wfcinit/wfcrot:       0.91 MB

     Dynamical RAM for           addusdens:      58.88 MB

     Dynamical RAM for          addusforce:      59.67 MB

     Dynamical RAM for         addusstress:      62.95 MB

     Estimated static dynamical RAM per process >      18.15 MB

     Estimated max dynamical RAM per process >      86.12 MB

     Initial potential from superposition of free atoms

     starting charge      35.9839, renormalised to      36.0000
     Starting wfcs are   32 randomized atomic wfcs
     Checking if some PAW data can be deallocated... 

     total cpu time spent up to now is        5.5 secs

     Self-consistent Calculation

     iteration #  1     ecut=    30.00 Ry     beta= 0.70
     Davidson diagonalization with overlap

---- Real-time Memory Report at c_bands before calling an iterative solver
           299 MiB given to the printing process from OS
             0 MiB allocation reported by mallinfo(arena+hblkhd)
        118864 MiB available memory on the node where the printing process lives
------------------
     ethr =  1.00E-02,  avg # of iterations =  3.0

     total cpu time spent up to now is        6.5 secs

     total energy              =    -352.14994652 Ry
     estimated scf accuracy    <       0.54835569 Ry

     iteration #  2     ecut=    30.00 Ry     beta= 0.70
     Davidson diagonalization with overlap

---- Real-time Memory Report at c_bands before calling an iterative solver
           314 MiB given to the printing process from OS
             0 MiB allocation reported by mallinfo(arena+hblkhd)
        118797 MiB available memory on the node where the printing process lives
------------------
     ethr =  1.52E-03,  avg # of iterations =  5.0

     total cpu time spent up to now is        8.2 secs

     total energy              =    -352.37719674 Ry
     estimated scf accuracy    <       0.35120085 Ry

     iteration #  3     ecut=    30.00 Ry     beta= 0.70
     Davidson diagonalization with overlap

---- Real-time Memory Report at c_bands before calling an iterative solver
           325 MiB given to the printing process from OS
             0 MiB allocation reported by mallinfo(arena+hblkhd)
        118784 MiB available memory on the node where the printing process lives
------------------
     ethr =  9.76E-04,  avg # of iterations =  2.0

     total cpu time spent up to now is        9.5 secs

     total energy              =    -352.40804411 Ry
     estimated scf accuracy    <       0.03099176 Ry

     iteration #  4     ecut=    30.00 Ry     beta= 0.70
     Davidson diagonalization with overlap

---- Real-time Memory Report at c_bands before calling an iterative solver
           337 MiB given to the printing process from OS
             0 MiB allocation reported by mallinfo(arena+hblkhd)
        118809 MiB available memory on the node where the printing process lives
------------------
     ethr =  8.61E-05,  avg # of iterations =  5.0

     total cpu time spent up to now is       10.7 secs

     total energy              =    -352.42857016 Ry
     estimated scf accuracy    <       0.01700610 Ry

     iteration #  5     ecut=    30.00 Ry     beta= 0.70
     Davidson diagonalization with overlap

---- Real-time Memory Report at c_bands before calling an iterative solver
           338 MiB given to the printing process from OS
             0 MiB allocation reported by mallinfo(arena+hblkhd)
        118809 MiB available memory on the node where the printing process lives
------------------
     ethr =  4.72E-05,  avg # of iterations =  2.0

     total cpu time spent up to now is       11.0 secs

     total energy              =    -352.42900802 Ry
     estimated scf accuracy    <       0.00426816 Ry

     iteration #  6     ecut=    30.00 Ry     beta= 0.70
     Davidson diagonalization with overlap

---- Real-time Memory Report at c_bands before calling an iterative solver
           340 MiB given to the printing process from OS
             0 MiB allocation reported by mallinfo(arena+hblkhd)
        118808 MiB available memory on the node where the printing process lives
------------------
     ethr =  1.19E-05,  avg # of iterations = 16.0

     total cpu time spent up to now is       11.5 secs

     total energy              =    -352.43022078 Ry
     estimated scf accuracy    <       0.00022172 Ry

     iteration #  7     ecut=    30.00 Ry     beta= 0.70
     Davidson diagonalization with overlap

---- Real-time Memory Report at c_bands before calling an iterative solver
           340 MiB given to the printing process from OS
             0 MiB allocation reported by mallinfo(arena+hblkhd)
        118796 MiB available memory on the node where the printing process lives
------------------
     ethr =  6.16E-07,  avg # of iterations =  4.0

     total cpu time spent up to now is       11.8 secs

     total energy              =    -352.43029100 Ry
     estimated scf accuracy    <       0.00000999 Ry

     iteration #  8     ecut=    30.00 Ry     beta= 0.70
     Davidson diagonalization with overlap

---- Real-time Memory Report at c_bands before calling an iterative solver
           340 MiB given to the printing process from OS
             0 MiB allocation reported by mallinfo(arena+hblkhd)
        118795 MiB available memory on the node where the printing process lives
------------------
     ethr =  2.78E-08,  avg # of iterations = 10.0

     total cpu time spent up to now is       12.1 secs

     total energy              =    -352.43029798 Ry
     estimated scf accuracy    <       0.00000864 Ry

     iteration #  9     ecut=    30.00 Ry     beta= 0.70
     Davidson diagonalization with overlap

---- Real-time Memory Report at c_bands before calling an iterative solver
           340 MiB given to the printing process from OS
             0 MiB allocation reported by mallinfo(arena+hblkhd)
        118794 MiB available memory on the node where the printing process lives
------------------
     ethr =  2.40E-08,  avg # of iterations =  2.0

     total cpu time spent up to now is       12.4 secs

     total energy              =    -352.43029912 Ry
     estimated scf accuracy    <       0.00000171 Ry

     iteration # 10     ecut=    30.00 Ry     beta= 0.70
     Davidson diagonalization with overlap

---- Real-time Memory Report at c_bands before calling an iterative solver
           341 MiB given to the printing process from OS
             0 MiB allocation reported by mallinfo(arena+hblkhd)
        118794 MiB available memory on the node where the printing process lives
------------------
     ethr =  4.75E-09,  avg # of iterations =  3.0

     total cpu time spent up to now is       12.7 secs

     End of self-consistent calculation

          k = 0.0000 0.0000 0.0000 (   919 PWs)   bands (ev):

   -31.0514 -12.1895 -12.1894 -12.1893  -1.0404  -1.0402  -1.0055  -1.0054
    -1.0053  -0.7674  -0.7673  -0.7672  -0.5363  -0.5361   0.7885   8.1642
     8.1646   8.1646   8.6381  10.2776  10.2776  10.2777

     occupation numbers 
     1.0000   1.0000   1.0000   1.0000   1.0000   1.0000   1.0000   1.0000
     1.0000   1.0000   1.0000   1.0000   1.0000   1.0000   1.0000   1.0000
     1.0000   1.0000  -0.0000  -0.0000  -0.0000  -0.0000

     the Fermi energy is     8.4637 ev

!    total energy              =    -352.43029932 Ry
     estimated scf accuracy    <       0.00000026 Ry
     smearing contrib. (-TS)   =       0.00000000 Ry
     internal energy E=F+TS    =    -352.43029932 Ry

     The total energy is F=E-TS. E is the sum of the following terms:
     one-electron contribution =    -118.48023508 Ry
     hartree contribution      =      86.24984655 Ry
     xc contribution           =     -99.22533238 Ry
     ewald contribution        =    -189.76999319 Ry
     one-center paw contrib.   =     -31.20458521 Ry
      -> PAW hartree energy AE =       0.09704013 Ry
      -> PAW hartree energy PS =      -0.09685708 Ry
      -> PAW xc energy AE      =     -32.04965032 Ry
      -> PAW xc energy PS      =       0.84488206 Ry
      -> total E_H with PAW    =      86.25002960 Ry
      -> total E_XC with PAW   =    -130.43010064 Ry

     convergence has been achieved in  10 iterations

     Forces acting on atoms (cartesian axes, Ry/au):

     atom    1 type  1   force =     0.00000000    0.00000000   -0.00000000
     atom    2 type  2   force =     0.00000000    0.00000000   -0.00000000
     atom    3 type  3   force =     0.00000000    0.00000000    0.00007949
     atom    4 type  3   force =     0.00000000    0.00000000   -0.00007949
     The non-local contrib.  to forces
     atom    1 type  1   force =     0.00000000   -0.00000000   -0.00000000
     atom    2 type  2   force =     0.00000000   -0.00000000    0.00000000
     atom    3 type  3   force =    -0.00000000   -0.00000000    0.00001591
     atom    4 type  3   force =    -0.00000000    0.00000000   -0.00001591
     The ionic contribution  to forces
     atom    1 type  1   force =    -0.00000000   -0.00000000    0.00000000
     atom    2 type  2   force =     0.00000000    0.00000000   -0.00000000
     atom    3 type  3   force =    -0.00000000    0.00000000   -0.00000000
     atom    4 type  3   force =    -0.00000000   -0.00000000    0.00000000
     The local contribution  to forces
     atom    1 type  1   force =    -0.00023544   -0.00012062   -0.00002515
     atom    2 type  2   force =    -0.00004905   -0.00007134    0.00000876
     atom    3 type  3   force =     0.00065804    0.00081380    0.00008688
     atom    4 type  3   force =     0.00060837    0.00089105    0.00007920
     The core correction contribution to forces
     atom    1 type  1   force =    -0.00000027   -0.00000144    0.00000694
     atom    2 type  2   force =    -0.00000278   -0.00000371    0.00000049
     atom    3 type  3   force =     0.00001854    0.00002822   -0.00000166
     atom    4 type  3   force =     0.00001955    0.00002722    0.00000214
     The Hubbard contrib.    to forces
     atom    1 type  1   force =     0.00000000    0.00000000    0.00000000
     atom    2 type  2   force =     0.00000000    0.00000000    0.00000000
     atom    3 type  3   force =     0.00000000    0.00000000    0.00000000
     atom    4 type  3   force =     0.00000000    0.00000000    0.00000000
     The SCF correction term to forces
     atom    1 type  1   force =     0.00015687    0.00007876   -0.00000127
     atom    2 type  2   force =     0.00001373    0.00002412   -0.00000390
     atom    3 type  3   force =    -0.00048487   -0.00068420    0.00005884
     atom    4 type  3   force =    -0.00052220   -0.00081999   -0.00006445

     Total force =     0.000112     Total SCF correction =     0.001299
     SCF correction compared to forces is large: reduce conv_thr to get better values


     Computing stress (Cartesian axis) and pressure

          total   stress  (Ry/bohr**3)                   (kbar)     P=     -195.86
  -0.00133144   0.00000000   0.00000000         -195.86        0.00        0.00
   0.00000000  -0.00133144   0.00000000            0.00     -195.86        0.00
   0.00000000   0.00000000  -0.00133142            0.00        0.00     -195.86

     kinetic stress (kbar)  15090.45     -0.00     -0.00
                               -0.00  15090.45     -0.00
                               -0.00     -0.00  15090.36

     local   stress (kbar)  -1709.61     -0.04      0.10
                               -0.04  -1709.55      0.04
                                0.10      0.04  -1709.59

     nonloc. stress (kbar)  -1994.73     -0.00      0.00
                               -0.00  -1994.73      0.00
                                0.00      0.00  -1994.63

     hartree stress (kbar)   6453.41      0.02     -0.05
                                0.02   6453.38     -0.02
                               -0.05     -0.02   6453.40

     exc-cor stress (kbar)   8245.30      0.00     -0.00
                                0.00   8245.30     -0.00
                               -0.00     -0.00   8245.30

     corecor stress (kbar) -12081.70     -0.00      0.00
                               -0.00 -12081.70     -0.00
                                0.00     -0.00 -12081.70

     ewald   stress (kbar) -14199.00      0.00      0.00
                                0.00 -14199.00      0.00
                                0.00      0.00 -14199.00

     hubbard stress (kbar)      0.00      0.00      0.00
                                0.00      0.00      0.00
                                0.00      0.00      0.00

     DFT-D   stress (kbar)      0.00      0.00      0.00
                                0.00      0.00      0.00
                                0.00      0.00      0.00

     XDM     stress (kbar)      0.00      0.00      0.00
                                0.00      0.00      0.00
                                0.00      0.00      0.00

     dft-nl  stress (kbar)      0.00      0.00      0.00
                                0.00      0.00      0.00
                                0.00      0.00      0.00

     TS-vdW  stress (kbar)      0.00      0.00      0.00
                                0.00      0.00      0.00
                                0.00      0.00      0.00


                                0.00      0.00      0.00
                                0.00      0.00      0.00


                                0.00      0.00      0.00


     Writing all to output data dir new_calculations/myprefix.save/
 
     init_run     :    138.76s CPU      5.27s WALL (       1 calls)
     electrons    :    215.98s CPU      7.24s WALL (       1 calls)
     forces       :      1.95s CPU      0.07s WALL (       1 calls)
     stress       :      7.46s CPU      0.24s WALL (       1 calls)

     Called by init_run:
     wfcinit      :     59.11s CPU      2.05s WALL (       1 calls)
     wfcinit:atom :      0.01s CPU      0.00s WALL (       1 calls)
     wfcinit:wfcr :     58.80s CPU      2.04s WALL (       1 calls)
     potinit      :     25.15s CPU      0.88s WALL (       1 calls)
     hinit0       :     49.46s CPU      2.15s WALL (       1 calls)

     Called by electrons:
     c_bands      :    128.01s CPU      4.26s WALL (      10 calls)
     sum_band     :     43.61s CPU      1.47s WALL (      10 calls)
     v_of_rho     :      5.27s CPU      0.18s WALL (      11 calls)
     v_h          :      0.47s CPU      0.02s WALL (      11 calls)
     v_xc         :      5.39s CPU      0.19s WALL (      13 calls)
     newd         :     36.92s CPU      1.26s WALL (      11 calls)
     PAW_pot      :      4.12s CPU      0.14s WALL (      11 calls)
     mix_rho      :      1.75s CPU      0.06s WALL (      10 calls)

     Called by c_bands:
     init_us_2    :      0.47s CPU      0.02s WALL (      21 calls)
     init_us_2:cp :      0.44s CPU      0.02s WALL (      21 calls)
     regterg      :    127.43s CPU      4.25s WALL (      10 calls)

     Called by sum_band:
     sum_band:wei :      0.01s CPU      0.00s WALL (      10 calls)
     sum_band:loo :     20.89s CPU      0.70s WALL (      10 calls)
     sum_band:buf :      0.01s CPU      0.00s WALL (      10 calls)
     sum_band:ini :      0.14s CPU      0.00s WALL (      10 calls)
     sum_band:cal :      0.52s CPU      0.02s WALL (      10 calls)
     sum_band:bec :      0.05s CPU      0.00s WALL (      10 calls)
     addusdens    :     21.94s CPU      0.75s WALL (      10 calls)
     addusd:skk   :      0.08s CPU      0.00s WALL (      30 calls)
     addusd:dgemm :      4.42s CPU      0.16s WALL (      30 calls)
     addusd:qvan2 :     16.38s CPU      0.54s WALL (      30 calls)

     Called by *egterg:
     rdiaghg      :      1.37s CPU      0.05s WALL (      62 calls)
     regterg:over :      3.87s CPU      0.13s WALL (      52 calls)
     regterg:upda :      0.25s CPU      0.01s WALL (      52 calls)
     regterg:last :      0.31s CPU      0.01s WALL (      23 calls)
     h_psi        :    178.91s CPU      6.03s WALL (      63 calls)
     s_psi        :      0.10s CPU      0.00s WALL (      63 calls)
     g_psi        :      0.10s CPU      0.00s WALL (      52 calls)

     Called by h_psi:
     h_psi:calbec :      5.37s CPU      0.18s WALL (      63 calls)
     vloc_psi     :    172.94s CPU      5.83s WALL (      63 calls)
     add_vuspsi   :      0.25s CPU      0.01s WALL (      63 calls)

     General routines
     calbec       :      5.80s CPU      0.20s WALL (      78 calls)
     fft          :     38.33s CPU      1.32s WALL (     139 calls)
     ffts         :     24.01s CPU      0.84s WALL (      21 calls)
     fftw         :    188.66s CPU      6.36s WALL (     762 calls)
     interpolate  :     24.39s CPU      0.85s WALL (      11 calls)
 
     Parallel routines

     PAW routines
     PAW_pot      :      4.12s CPU      0.14s WALL (      11 calls)
     PAW_symme    :      0.03s CPU      0.00s WALL (      21 calls)
 
     PWSCF        :   6m12.33s CPU     13.60s WALL

 
   This run was terminated on:   6:43:44  20May2023            

=------------------------------------------------------------------------------=
   JOB DONE.
=------------------------------------------------------------------------------=
