
     Program PWSCF v.7.0 starts on 21May2023 at 16: 4:57 

     This program is part of the open-source Quantum ESPRESSO suite
     for quantum simulation of materials; please cite
         "P. Giannozzi et al., J. Phys.:Condens. Matter 21 395502 (2009);
         "P. Giannozzi et al., J. Phys.:Condens. Matter 29 465901 (2017);
         "P. Giannozzi et al., J. Chem. Phys. 152 154105 (2020);
          URL http://www.quantum-espresso.org", 
     in publications or presentations arising from this work. More details at
     http://www.quantum-espresso.org/quote

     Parallel version (MPI & OpenMP), running on      32 processor cores
     Number of MPI processes:                 1
     Threads/MPI process:                    32

     MPI processes distributed on     1 nodes
     170770 MiB available memory on the printing compute node when the environment starts
 
     Reading input from espresso_22863.pwi
Warning: card &CELL ignored
Warning: card / ignored

     Current dimensions of program PWSCF are:
     Max number of different atomic species (ntypx) = 10
     Max number of k-points (npk) =  40000
     Max angular momentum in pseudopotentials (lmaxx) =  4

     gamma-point specific algorithms are used
     Message from routine setup:
     using ibrav=0 with symmetry is DISCOURAGED, use correct ibrav instead

     Subspace diagonalization in iterative solution of the eigenvalue problem:
     a serial algorithm will be used

 
     G-vector sticks info
     --------------------
     sticks:   dense  smooth     PW     G-vecs:    dense   smooth      PW
     Sum        1285     649    163                30731    10969    1363
 
     Using Slab Decomposition
 


     bravais-lattice index     =            0
     lattice parameter (alat)  =       8.8421  a.u.
     unit-cell volume          =     488.8295 (a.u.)^3
     number of atoms/cell      =            4
     number of atomic types    =            3
     number of electrons       =        42.00
     number of Kohn-Sham states=           25
     kinetic-energy cutoff     =      30.0000  Ry
     charge density cutoff     =     240.0000  Ry
     scf convergence threshold =      1.0E-06
     mixing beta               =       0.7000
     number of iterations used =            8  plain     mixing
     Exchange-correlation= SLA  PW   PBE  PBE
                           (   1   4   3   4   0   0   0)

     celldm(1)=   8.842142  celldm(2)=   0.000000  celldm(3)=   0.000000
     celldm(4)=   0.000000  celldm(5)=   0.000000  celldm(6)=   0.000000

     crystal axes: (cart. coord. in units of alat)
               a(1) = (   1.000000   0.000000   0.000000 )  
               a(2) = (   0.500000   0.866025   0.000000 )  
               a(3) = (   0.500000   0.288675   0.816497 )  

     reciprocal axes: (cart. coord. in units 2 pi/alat)
               b(1) = (  1.000000 -0.577350 -0.408248 )  
               b(2) = (  0.000000  1.154701 -0.408248 )  
               b(3) = (  0.000000  0.000000  1.224745 )  


     PseudoPot. # 1 for Li read from file:
     /home/pragov/projects/rrg-bengioy-ad/pragov/crystal_structure_design/SSSP/li_pbe_v1.4.uspp.F.UPF
     MD5 check sum: e912e257baa3777c20ea3d68f190483c
     Pseudo is Ultrasoft, Zval =  3.0
     Generated by new atomic code, or converted to UPF format
     Using radial grid of  751 points,  5 beta functions with: 
                l(1) =   0
                l(2) =   0
                l(3) =   0
                l(4) =   1
                l(5) =   1
     Q(r) pseudized with 10 coefficients,  rinner =    1.150   1.150   1.150


     PseudoPot. # 2 for Zr read from file:
     /home/pragov/projects/rrg-bengioy-ad/pragov/crystal_structure_design/SSSP/Zr_pbe_v1.uspp.F.UPF
     MD5 check sum: 5db81b1e868ab7776c4564c113de050b
     Pseudo is Ultrasoft + core correction, Zval = 12.0
     Generated by new atomic code, or converted to UPF format
     Using radial grid of  887 points,  6 beta functions with: 
                l(1) =   0
                l(2) =   0
                l(3) =   1
                l(4) =   1
                l(5) =   2
                l(6) =   2
     Q(r) pseudized with  6 coefficients,  rinner =    1.200   1.200   1.200
                                                       1.200   1.200

     PseudoPot. # 3 for Ir read from file:
     /home/pragov/projects/rrg-bengioy-ad/pragov/crystal_structure_design/SSSP/Ir_pbe_v1.2.uspp.F.UPF
     MD5 check sum: 8836f839c3459d2b385c504ce6d91f2c
     Pseudo is Ultrasoft + core correction, Zval = 15.0
     Generated by new atomic code, or converted to UPF format
     Using radial grid of  983 points,  7 beta functions with: 
                l(1) =   0
                l(2) =   0
                l(3) =   1
                l(4) =   1
                l(5) =   1
                l(6) =   2
                l(7) =   2
     Q(r) pseudized with  8 coefficients,  rinner =    1.400   1.400   1.400
                                                       1.400   1.400

     atomic species   valence    mass     pseudopotential
        Li             3.00     6.94000     Li( 1.00)
        Zr            12.00    91.22400     Zr( 1.00)
        Ir            15.00   192.21700     Ir( 1.00)

     12 Sym. Ops., with inversion, found


                                    s                        frac. trans.

      isym =  1     identity                                     

 cryst.   s( 1) = (     1          0          0      )
                  (     0          1          0      )
                  (     0          0          1      )

 cart.    s( 1) = (  1.0000000  0.0000000  0.0000000 )
                  (  0.0000000  1.0000000 -0.0000000 )
                  (  0.0000000  0.0000000  1.0000000 )


      isym =  2     180 deg rotation - cart. axis [1,0,0]        

 cryst.   s( 2) = (     1          0          0      )
                  (     1         -1          0      )
                  (     1          0         -1      )

 cart.    s( 2) = (  1.0000000  0.0000000  0.0000000 )
                  (  0.0000000 -1.0000000  0.0000000 )
                  (  0.0000000  0.0000000 -1.0000000 )


      isym =  3     120 deg rotation - cryst. axis [0,0,1]       

 cryst.   s( 3) = (    -1          1          0      )
                  (    -1          0          0      )
                  (    -1          0          1      )

 cart.    s( 3) = ( -0.5000000 -0.8660254 -0.0000000 )
                  (  0.8660254 -0.5000000 -0.0000000 )
                  (  0.0000000  0.0000000  1.0000000 )


      isym =  4     120 deg rotation - cryst. axis [0,0,-1]      

 cryst.   s( 4) = (     0         -1          0      )
                  (     1         -1          0      )
                  (     0         -1          1      )

 cart.    s( 4) = ( -0.5000000  0.8660254  0.0000000 )
                  ( -0.8660254 -0.5000000 -0.0000000 )
                  (  0.0000000  0.0000000  1.0000000 )


      isym =  5     180 deg rotation - cryst. axis [0,1,0]       

 cryst.   s( 5) = (     0         -1          0      )
                  (    -1          0          0      )
                  (     0          0         -1      )

 cart.    s( 5) = ( -0.5000000 -0.8660254 -0.0000000 )
                  ( -0.8660254  0.5000000  0.0000000 )
                  (  0.0000000  0.0000000 -1.0000000 )


      isym =  6     180 deg rotation - cryst. axis [1,1,0]       

 cryst.   s( 6) = (    -1          1          0      )
                  (     0          1          0      )
                  (     0          1         -1      )

 cart.    s( 6) = ( -0.5000000  0.8660254  0.0000000 )
                  (  0.8660254  0.5000000  0.0000000 )
                  (  0.0000000  0.0000000 -1.0000000 )


      isym =  7     inversion                                    

 cryst.   s( 7) = (    -1          0          0      )
                  (     0         -1          0      )
                  (     0          0         -1      )

 cart.    s( 7) = ( -1.0000000  0.0000000 -0.0000000 )
                  (  0.0000000 -1.0000000  0.0000000 )
                  (  0.0000000  0.0000000 -1.0000000 )


      isym =  8     inv. 180 deg rotation - cart. axis [1,0,0]   

 cryst.   s( 8) = (    -1          0          0      )
                  (    -1          1          0      )
                  (    -1          0          1      )

 cart.    s( 8) = ( -1.0000000  0.0000000  0.0000000 )
                  (  0.0000000  1.0000000 -0.0000000 )
                  (  0.0000000  0.0000000  1.0000000 )


      isym =  9     inv. 120 deg rotation - cryst. axis [0,0,1]  

 cryst.   s( 9) = (     1         -1          0      )
                  (     1          0          0      )
                  (     1          0         -1      )

 cart.    s( 9) = (  0.5000000  0.8660254  0.0000000 )
                  ( -0.8660254  0.5000000  0.0000000 )
                  (  0.0000000  0.0000000 -1.0000000 )


      isym = 10     inv. 120 deg rotation - cryst. axis [0,0,-1] 

 cryst.   s(10) = (     0          1          0      )
                  (    -1          1          0      )
                  (     0          1         -1      )

 cart.    s(10) = (  0.5000000 -0.8660254 -0.0000000 )
                  (  0.8660254  0.5000000  0.0000000 )
                  (  0.0000000  0.0000000 -1.0000000 )


      isym = 11     inv. 180 deg rotation - cryst. axis [0,1,0]  

 cryst.   s(11) = (     0          1          0      )
                  (     1          0          0      )
                  (     0          0          1      )

 cart.    s(11) = (  0.5000000  0.8660254  0.0000000 )
                  (  0.8660254 -0.5000000 -0.0000000 )
                  (  0.0000000  0.0000000  1.0000000 )


      isym = 12     inv. 180 deg rotation - cryst. axis [1,1,0]  

 cryst.   s(12) = (     1         -1          0      )
                  (     0         -1          0      )
                  (     0         -1          1      )

 cart.    s(12) = (  0.5000000 -0.8660254 -0.0000000 )
                  ( -0.8660254 -0.5000000 -0.0000000 )
                  (  0.0000000  0.0000000  1.0000000 )


   Cartesian axes

     site n.     atom                  positions (alat units)
         1           Li  tau(   1) = (   0.0000000   0.0000000   0.0000000  )
         2           Zr  tau(   2) = (   0.5000000   0.2886751   0.2041241  )
         3           Zr  tau(   3) = (   1.5000000   0.8660254   0.6123724  )
         4           Ir  tau(   4) = (   1.0000000   0.5773503   0.4082483  )

   Crystallographic axes

     site n.     atom                  positions (cryst. coord.)
         1           Li  tau(   1) = (  0.0000000  0.0000000  0.0000000  )
         2           Zr  tau(   2) = (  0.2500000  0.2500000  0.2500000  )
         3           Zr  tau(   3) = (  0.7500000  0.7500000  0.7500000  )
         4           Ir  tau(   4) = (  0.5000000  0.5000000  0.5000000  )

     number of k points=     1  Methfessel-Paxton smearing, width (Ry)=  0.0010
                       cart. coord. in units 2pi/alat
        k(    1) = (   0.0000000   0.0000000   0.0000000), wk =   2.0000000

                       cryst. coord.
        k(    1) = (   0.0000000   0.0000000   0.0000000), wk =   2.0000000

     Dense  grid:    15366 G-vectors     FFT dimensions: (  45,  45,  45)

     Smooth grid:     5485 G-vectors     FFT dimensions: (  32,  32,  32)

     Dynamical RAM for                 wfc:       0.26 MB

     Dynamical RAM for     wfc (w. buffer):       0.26 MB

     Dynamical RAM for           str. fact:       0.70 MB

     Dynamical RAM for           local pot:       0.00 MB

     Dynamical RAM for          nlocal pot:       0.68 MB

     Dynamical RAM for                qrad:       4.98 MB

     Dynamical RAM for          rho,v,vnew:       2.79 MB

     Dynamical RAM for               rhoin:       0.93 MB

     Dynamical RAM for            rho*nmix:       3.75 MB

     Dynamical RAM for           G-vectors:       0.92 MB

     Dynamical RAM for          h,s,v(r/c):       0.06 MB

     Dynamical RAM for          <psi|beta>:       0.01 MB

     Dynamical RAM for                 psi:       0.52 MB

     Dynamical RAM for                hpsi:       0.52 MB

     Dynamical RAM for                spsi:       0.52 MB

     Dynamical RAM for      wfcinit/wfcrot:       0.93 MB

     Dynamical RAM for           addusdens:      58.15 MB

     Dynamical RAM for          addusforce:      58.74 MB

     Dynamical RAM for         addusstress:      61.20 MB

     Estimated static dynamical RAM per process >      15.68 MB

     Estimated max dynamical RAM per process >      80.62 MB

     Check: negative core charge=   -0.000003

     Initial potential from superposition of free atoms

     starting charge      41.0449, renormalised to      42.0000

     negative rho (up, down):  4.918E-01 0.000E+00
     Starting wfcs are   43 randomized atomic wfcs

     total cpu time spent up to now is        3.2 secs

     Self-consistent Calculation

     iteration #  1     ecut=    30.00 Ry     beta= 0.70
     Davidson diagonalization with overlap

---- Real-time Memory Report at c_bands before calling an iterative solver
           287 MiB given to the printing process from OS
             0 MiB allocation reported by mallinfo(arena+hblkhd)
        170699 MiB available memory on the node where the printing process lives
------------------
     ethr =  1.00E-02,  avg # of iterations =  2.0

     negative rho (up, down):  3.963E-01 0.000E+00

     total cpu time spent up to now is        3.4 secs

     total energy              =    -393.51514496 Ry
     estimated scf accuracy    <       2.93583954 Ry

     iteration #  2     ecut=    30.00 Ry     beta= 0.70
     Davidson diagonalization with overlap

---- Real-time Memory Report at c_bands before calling an iterative solver
           330 MiB given to the printing process from OS
             0 MiB allocation reported by mallinfo(arena+hblkhd)
        170669 MiB available memory on the node where the printing process lives
------------------
     ethr =  6.99E-03,  avg # of iterations =  3.0

     negative rho (up, down):  4.305E-01 0.000E+00

     total cpu time spent up to now is        3.5 secs

     total energy              =    -394.20967738 Ry
     estimated scf accuracy    <       9.41597008 Ry

     iteration #  3     ecut=    30.00 Ry     beta= 0.70
     Davidson diagonalization with overlap

---- Real-time Memory Report at c_bands before calling an iterative solver
           334 MiB given to the printing process from OS
             0 MiB allocation reported by mallinfo(arena+hblkhd)
        170665 MiB available memory on the node where the printing process lives
------------------
     ethr =  6.99E-03,  avg # of iterations =  2.0

     negative rho (up, down):  4.401E-01 0.000E+00

     total cpu time spent up to now is        3.6 secs

     total energy              =    -395.17018091 Ry
     estimated scf accuracy    <       0.22484753 Ry

     iteration #  4     ecut=    30.00 Ry     beta= 0.70
     Davidson diagonalization with overlap

---- Real-time Memory Report at c_bands before calling an iterative solver
           335 MiB given to the printing process from OS
             0 MiB allocation reported by mallinfo(arena+hblkhd)
        170665 MiB available memory on the node where the printing process lives
------------------
     ethr =  5.35E-04,  avg # of iterations =  8.0

     negative rho (up, down):  4.330E-01 0.000E+00

     total cpu time spent up to now is        3.8 secs

     total energy              =    -395.22538842 Ry
     estimated scf accuracy    <       0.25843742 Ry

     iteration #  5     ecut=    30.00 Ry     beta= 0.70
     Davidson diagonalization with overlap

---- Real-time Memory Report at c_bands before calling an iterative solver
           335 MiB given to the printing process from OS
             0 MiB allocation reported by mallinfo(arena+hblkhd)
        170665 MiB available memory on the node where the printing process lives
------------------
     ethr =  5.35E-04,  avg # of iterations =  2.0

     negative rho (up, down):  4.331E-01 0.000E+00

     total cpu time spent up to now is        3.9 secs

     total energy              =    -395.27082726 Ry
     estimated scf accuracy    <       0.00667070 Ry

     iteration #  6     ecut=    30.00 Ry     beta= 0.70
     Davidson diagonalization with overlap

---- Real-time Memory Report at c_bands before calling an iterative solver
           335 MiB given to the printing process from OS
             0 MiB allocation reported by mallinfo(arena+hblkhd)
        170665 MiB available memory on the node where the printing process lives
------------------
     ethr =  1.59E-05,  avg # of iterations =  4.0

     negative rho (up, down):  4.338E-01 0.000E+00

     total cpu time spent up to now is        4.0 secs

     total energy              =    -395.26954974 Ry
     estimated scf accuracy    <       0.00579795 Ry

     iteration #  7     ecut=    30.00 Ry     beta= 0.70
     Davidson diagonalization with overlap

---- Real-time Memory Report at c_bands before calling an iterative solver
           336 MiB given to the printing process from OS
             0 MiB allocation reported by mallinfo(arena+hblkhd)
        170665 MiB available memory on the node where the printing process lives
------------------
     ethr =  1.38E-05,  avg # of iterations =  2.0

     negative rho (up, down):  4.338E-01 0.000E+00

     total cpu time spent up to now is        4.2 secs

     total energy              =    -395.27023706 Ry
     estimated scf accuracy    <       0.00005010 Ry

     iteration #  8     ecut=    30.00 Ry     beta= 0.70
     Davidson diagonalization with overlap

---- Real-time Memory Report at c_bands before calling an iterative solver
           336 MiB given to the printing process from OS
             0 MiB allocation reported by mallinfo(arena+hblkhd)
        170665 MiB available memory on the node where the printing process lives
------------------
     ethr =  1.19E-07,  avg # of iterations =  5.0

     negative rho (up, down):  4.338E-01 0.000E+00

     total cpu time spent up to now is        4.3 secs

     total energy              =    -395.27027554 Ry
     estimated scf accuracy    <       0.00000625 Ry

     iteration #  9     ecut=    30.00 Ry     beta= 0.70
     Davidson diagonalization with overlap

---- Real-time Memory Report at c_bands before calling an iterative solver
           336 MiB given to the printing process from OS
             0 MiB allocation reported by mallinfo(arena+hblkhd)
        170664 MiB available memory on the node where the printing process lives
------------------
     ethr =  1.49E-08,  avg # of iterations =  5.0

     negative rho (up, down):  4.339E-01 0.000E+00

     total cpu time spent up to now is        4.5 secs

     total energy              =    -395.27027639 Ry
     estimated scf accuracy    <       0.00000260 Ry

     iteration # 10     ecut=    30.00 Ry     beta= 0.70
     Davidson diagonalization with overlap

---- Real-time Memory Report at c_bands before calling an iterative solver
           336 MiB given to the printing process from OS
             0 MiB allocation reported by mallinfo(arena+hblkhd)
        170665 MiB available memory on the node where the printing process lives
------------------
     ethr =  6.19E-09,  avg # of iterations =  2.0

     negative rho (up, down):  4.338E-01 0.000E+00

     total cpu time spent up to now is        4.6 secs

     End of self-consistent calculation

          k = 0.0000 0.0000 0.0000 (   682 PWs)   bands (ev):

   -34.8079 -34.8078 -34.8076 -34.4348 -34.3368 -31.2411 -12.6022 -12.6021
   -12.6020 -12.2885 -12.2884 -12.2883   7.7191  10.5303  10.5304  11.4837
    11.4838  11.4839  12.3505  12.3505  12.3506  15.5168  15.5168  18.1395
    18.1395

     occupation numbers 
     1.0000   1.0000   1.0000   1.0000   1.0000   1.0000   1.0000   1.0000
     1.0000   1.0000   1.0000   1.0000   1.0000   1.0000   1.0000   1.0000
     1.0000   1.0000   1.0000   1.0000   1.0000  -0.0000  -0.0000  -0.0000
    -0.0000

     the Fermi energy is    14.9493 ev

!    total energy              =    -395.27027606 Ry
     estimated scf accuracy    <       0.00000066 Ry
     smearing contrib. (-TS)   =       0.00000000 Ry
     internal energy E=F+TS    =    -395.27027606 Ry

     The total energy is F=E-TS. E is the sum of the following terms:
     one-electron contribution =     -88.55065259 Ry
     hartree contribution      =      62.40373370 Ry
     xc contribution           =     -89.38084447 Ry
     ewald contribution        =    -279.74251270 Ry

     convergence has been achieved in  10 iterations

     negative rho (up, down):  4.338E-01 0.000E+00

     Forces acting on atoms (cartesian axes, Ry/au):

     atom    1 type  1   force =    -0.00000000    0.00000000    0.00000000
     atom    2 type  2   force =    -0.00000000   -0.00000000   -0.00003084
     atom    3 type  2   force =     0.00000000    0.00000000    0.00003084
     atom    4 type  3   force =     0.00000000    0.00000000   -0.00000000
     The non-local contrib.  to forces
     atom    1 type  1   force =     0.00000000   -0.00000000   -0.00000000
     atom    2 type  2   force =     0.00000000    0.00000000    0.00000757
     atom    3 type  2   force =     0.00000000    0.00000000   -0.00000757
     atom    4 type  3   force =     0.00000000    0.00000000   -0.00000000
     The ionic contribution  to forces
     atom    1 type  1   force =    -0.00000000    0.00000000    0.00000000
     atom    2 type  2   force =    -0.00000000   -0.00000000   -0.00000000
     atom    3 type  2   force =     0.00000000    0.00000000   -0.00000000
     atom    4 type  3   force =    -0.00000000   -0.00000000    0.00000000
     The local contribution  to forces
     atom    1 type  1   force =    -0.00001605    0.00001241   -0.00000536
     atom    2 type  2   force =    -0.00014143   -0.00005448   -0.00011164
     atom    3 type  2   force =     0.00027855    0.00017613    0.00008478
     atom    4 type  3   force =    -0.00009940   -0.00027123    0.00010583
     The core correction contribution to forces
     atom    1 type  1   force =     0.00000000    0.00000000    0.00000000
     atom    2 type  2   force =    -0.00000297   -0.00000073   -0.00000271
     atom    3 type  2   force =     0.00000567    0.00000514    0.00000139
     atom    4 type  3   force =    -0.00000522   -0.00000290   -0.00000130
     The Hubbard contrib.    to forces
     atom    1 type  1   force =     0.00000000    0.00000000    0.00000000
     atom    2 type  2   force =     0.00000000    0.00000000    0.00000000
     atom    3 type  2   force =     0.00000000    0.00000000    0.00000000
     atom    4 type  3   force =     0.00000000    0.00000000    0.00000000
     The SCF correction term to forces
     atom    1 type  1   force =    -0.00000103   -0.00001169    0.00000627
     atom    2 type  2   force =     0.00012727    0.00009117    0.00006697
     atom    3 type  2   force =    -0.00022866   -0.00017546   -0.00005675
     atom    4 type  3   force =     0.00018953    0.00036974   -0.00012073

     Total force =     0.000044     Total SCF correction =     0.000550
     SCF correction compared to forces is large: reduce conv_thr to get better values


     Computing stress (Cartesian axis) and pressure


     negative rho (up, down):  4.338E-01 0.000E+00
          total   stress  (Ry/bohr**3)                   (kbar)     P=     -303.89
  -0.00206575   0.00000000  -0.00000000         -303.88        0.00       -0.00
   0.00000000  -0.00206575  -0.00000000            0.00     -303.88       -0.00
  -0.00000000  -0.00000000  -0.00206582           -0.00       -0.00     -303.89

     kinetic stress (kbar)  21030.27     -0.00     -0.00
                               -0.00  21030.27      0.00
                                0.00      0.00  21030.23

     local   stress (kbar)  -2646.60      0.04      0.03
                                0.04  -2646.71     -0.00
                                0.03     -0.00  -2646.69

     nonloc. stress (kbar)   9361.54     -0.00     -0.00
                               -0.00   9361.54      0.00
                                0.00      0.00   9361.59

     hartree stress (kbar)   6259.76     -0.03     -0.02
                               -0.03   6259.80     -0.01
                               -0.02     -0.01   6259.80

     exc-cor stress (kbar)   7814.92     -0.00      0.00
                               -0.00   7814.92      0.00
                                0.00      0.00   7814.92

     corecor stress (kbar) -14062.46      0.00     -0.00
                                0.00 -14062.46     -0.00
                               -0.00     -0.00 -14062.46

     ewald   stress (kbar) -28061.28      0.00      0.00
                                0.00 -28061.28      0.00
                                0.00      0.00 -28061.28

     hubbard stress (kbar)      0.00      0.00      0.00
                                0.00      0.00      0.00
                                0.00      0.00      0.00

     DFT-D   stress (kbar)      0.00      0.00      0.00
                                0.00      0.00      0.00
                                0.00      0.00      0.00

     XDM     stress (kbar)      0.00      0.00      0.00
                                0.00      0.00      0.00
                                0.00      0.00      0.00

     dft-nl  stress (kbar)      0.00      0.00      0.00
                                0.00      0.00      0.00
                                0.00      0.00      0.00

     TS-vdW  stress (kbar)      0.00      0.00      0.00
                                0.00      0.00      0.00
                                0.00      0.00      0.00


                                0.00      0.00      0.00
                                0.00      0.00      0.00


                                0.00      0.00      0.00


     Writing all to output data dir new_calculations/myprefix.save/
 
     init_run     :     68.33s CPU      2.96s WALL (       1 calls)
     electrons    :     40.38s CPU      1.38s WALL (       1 calls)
     forces       :      1.78s CPU      0.06s WALL (       1 calls)
     stress       :      6.24s CPU      0.21s WALL (       1 calls)

     Called by init_run:
     wfcinit      :      8.10s CPU      0.27s WALL (       1 calls)
     wfcinit:atom :      0.01s CPU      0.00s WALL (       1 calls)
     wfcinit:wfcr :      8.00s CPU      0.26s WALL (       1 calls)
     potinit      :      9.05s CPU      0.30s WALL (       1 calls)
     hinit0       :     49.74s CPU      2.33s WALL (       1 calls)

     Called by electrons:
     c_bands      :      9.35s CPU      0.31s WALL (      10 calls)
     sum_band     :     14.25s CPU      0.52s WALL (      10 calls)
     v_of_rho     :      3.24s CPU      0.11s WALL (      11 calls)
     v_h          :      0.29s CPU      0.01s WALL (      11 calls)
     v_xc         :      3.40s CPU      0.11s WALL (      13 calls)
     newd         :     13.67s CPU      0.45s WALL (      11 calls)
     mix_rho      :      0.70s CPU      0.02s WALL (      10 calls)

     Called by c_bands:
     init_us_2    :      0.20s CPU      0.01s WALL (      21 calls)
     init_us_2:cp :      0.17s CPU      0.01s WALL (      21 calls)
     regterg      :      8.82s CPU      0.29s WALL (      10 calls)

     Called by sum_band:
     sum_band:wei :      0.01s CPU      0.00s WALL (      10 calls)
     sum_band:loo :      1.47s CPU      0.05s WALL (      10 calls)
     sum_band:buf :      0.01s CPU      0.00s WALL (      10 calls)
     sum_band:ini :      0.10s CPU      0.00s WALL (      10 calls)
     sum_band:cal :      0.04s CPU      0.00s WALL (      10 calls)
     sum_band:bec :      0.02s CPU      0.00s WALL (      10 calls)
     addusdens    :     12.29s CPU      0.45s WALL (      10 calls)
     addusd:skk   :      0.04s CPU      0.00s WALL (      30 calls)
     addusd:dgemm :      1.94s CPU      0.12s WALL (      30 calls)
     addusd:qvan2 :      9.59s CPU      0.31s WALL (      30 calls)

     Called by *egterg:
     rdiaghg      :      1.15s CPU      0.04s WALL (      45 calls)
     regterg:over :      0.08s CPU      0.00s WALL (      35 calls)
     regterg:upda :      0.11s CPU      0.00s WALL (      35 calls)
     regterg:last :      0.16s CPU      0.01s WALL (      20 calls)
     h_psi        :     14.62s CPU      0.48s WALL (      46 calls)
     s_psi        :      0.05s CPU      0.00s WALL (      46 calls)
     g_psi        :      0.04s CPU      0.00s WALL (      35 calls)

     Called by h_psi:
     h_psi:calbec :      0.16s CPU      0.01s WALL (      46 calls)
     vloc_psi     :     14.18s CPU      0.46s WALL (      46 calls)
     add_vuspsi   :      0.08s CPU      0.00s WALL (      46 calls)

     General routines
     calbec       :      0.13s CPU      0.00s WALL (      61 calls)
     fft          :     39.81s CPU      1.43s WALL (     139 calls)
     ffts         :      8.56s CPU      0.28s WALL (      21 calls)
     fftw         :     12.43s CPU      0.40s WALL (     808 calls)
     interpolate  :      8.80s CPU      0.29s WALL (      11 calls)
 
     Parallel routines
 
     PWSCF        :   2m 3.02s CPU      5.07s WALL

 
   This run was terminated on:  16: 5: 2  21May2023            

=------------------------------------------------------------------------------=
   JOB DONE.
=------------------------------------------------------------------------------=
