
     Program PWSCF v.7.0 starts on 20May2023 at 21:17:25 

     This program is part of the open-source Quantum ESPRESSO suite
     for quantum simulation of materials; please cite
         "P. Giannozzi et al., J. Phys.:Condens. Matter 21 395502 (2009);
         "P. Giannozzi et al., J. Phys.:Condens. Matter 29 465901 (2017);
         "P. Giannozzi et al., J. Chem. Phys. 152 154105 (2020);
          URL http://www.quantum-espresso.org", 
     in publications or presentations arising from this work. More details at
     http://www.quantum-espresso.org/quote

     Parallel version (MPI & OpenMP), running on      32 processor cores
     Number of MPI processes:                 1
     Threads/MPI process:                    32

     MPI processes distributed on     1 nodes
     40385 MiB available memory on the printing compute node when the environment starts
 
     Reading input from espresso_16619.pwi
Warning: card &CELL ignored
Warning: card / ignored

     Current dimensions of program PWSCF are:
     Max number of different atomic species (ntypx) = 10
     Max number of k-points (npk) =  40000
     Max angular momentum in pseudopotentials (lmaxx) =  4
     file C.pbe-n-kjpaw_psl.1.0.0.UPF: wavefunction(s)  2S 2P renormalized

     gamma-point specific algorithms are used
     Message from routine setup:
     using ibrav=0 with symmetry is DISCOURAGED, use correct ibrav instead

     Subspace diagonalization in iterative solution of the eigenvalue problem:
     a serial algorithm will be used

 
     G-vector sticks info
     --------------------
     sticks:   dense  smooth     PW     G-vecs:    dense   smooth      PW
     Sum         361     187     43                44791    15833    1907
 
     Using Slab Decomposition
 


     bravais-lattice index     =            0
     lattice parameter (alat)  =       4.6639  a.u.
     unit-cell volume          =     711.9034 (a.u.)^3
     number of atoms/cell      =            2
     number of atomic types    =            1
     number of electrons       =         8.00
     number of Kohn-Sham states=            8
     kinetic-energy cutoff     =      30.0000  Ry
     charge density cutoff     =     240.0000  Ry
     scf convergence threshold =      1.0E-06
     mixing beta               =       0.7000
     number of iterations used =            8  plain     mixing
     Exchange-correlation= SLA  PW   PBX  PBC
                           (   1   4   3   4   0   0   0)

     celldm(1)=   4.663901  celldm(2)=   0.000000  celldm(3)=   0.000000
     celldm(4)=   0.000000  celldm(5)=   0.000000  celldm(6)=   0.000000

     crystal axes: (cart. coord. in units of alat)
               a(1) = (   1.000000   0.000000   0.000000 )  
               a(2) = (  -0.500000   0.866025   0.000000 )  
               a(3) = (   0.000000   0.000000   8.102937 )  

     reciprocal axes: (cart. coord. in units 2 pi/alat)
               b(1) = (  1.000000  0.577350  0.000000 )  
               b(2) = (  0.000000  1.154701  0.000000 )  
               b(3) = (  0.000000  0.000000  0.123412 )  


     PseudoPot. # 1 for C  read from file:
     /home/pragov/projects/rrg-bengioy-ad/pragov/crystal_structure_design/SSSP/C.pbe-n-kjpaw_psl.1.0.0.UPF
     MD5 check sum: 5d2aebdfa2cae82b50a7e79e9516da0f
     Pseudo is Projector augmented-wave + core cor, Zval =  4.0
     Generated using "atomic" code by A. Dal Corso  v.5.1
     Shape of augmentation charge: PSQ
     Using radial grid of 1073 points,  4 beta functions with: 
                l(1) =   0
                l(2) =   0
                l(3) =   1
                l(4) =   1
     Q(r) pseudized with 0 coefficients 


     atomic species   valence    mass     pseudopotential
        C              4.00    12.01100     C ( 1.00)

     24 Sym. Ops., with inversion, found


                                    s                        frac. trans.

      isym =  1     identity                                     

 cryst.   s( 1) = (     1          0          0      )
                  (     0          1          0      )
                  (     0          0          1      )

 cart.    s( 1) = (  1.0000000  0.0000000  0.0000000 )
                  (  0.0000000  1.0000000  0.0000000 )
                  (  0.0000000  0.0000000  1.0000000 )


      isym =  2     180 deg rotation - cart. axis [0,0,1]        

 cryst.   s( 2) = (    -1          0          0      )
                  (     0         -1          0      )
                  (     0          0          1      )

 cart.    s( 2) = ( -1.0000000 -0.0000000  0.0000000 )
                  (  0.0000000 -1.0000000  0.0000000 )
                  (  0.0000000  0.0000000  1.0000000 )


      isym =  3     180 deg rotation - cart. axis [0,1,0]        

 cryst.   s( 3) = (    -1          0          0      )
                  (     1          1          0      )
                  (     0          0         -1      )

 cart.    s( 3) = ( -1.0000000 -0.0000003  0.0000000 )
                  (  0.0000000  1.0000000  0.0000000 )
                  (  0.0000000  0.0000000 -1.0000000 )


      isym =  4     180 deg rotation - cart. axis [1,0,0]        

 cryst.   s( 4) = (     1          0          0      )
                  (    -1         -1          0      )
                  (     0          0         -1      )

 cart.    s( 4) = (  1.0000000  0.0000003  0.0000000 )
                  (  0.0000000 -1.0000000  0.0000000 )
                  (  0.0000000  0.0000000 -1.0000000 )


      isym =  5      60 deg rotation - cryst. axis [0,0,1]       

 cryst.   s( 5) = (     1          1          0      )
                  (    -1          0          0      )
                  (     0          0          1      )

 cart.    s( 5) = (  0.4999999 -0.8660255  0.0000000 )
                  (  0.8660253  0.5000001  0.0000000 )
                  (  0.0000000  0.0000000  1.0000000 )


      isym =  6      60 deg rotation - cryst. axis [0,0,-1]      

 cryst.   s( 6) = (     0         -1          0      )
                  (     1          1          0      )
                  (     0          0          1      )

 cart.    s( 6) = (  0.5000001  0.8660255  0.0000000 )
                  ( -0.8660253  0.4999999  0.0000000 )
                  (  0.0000000  0.0000000  1.0000000 )


      isym =  7     120 deg rotation - cryst. axis [0,0,1]       

 cryst.   s( 7) = (     0          1          0      )
                  (    -1         -1          0      )
                  (     0          0          1      )

 cart.    s( 7) = ( -0.5000001 -0.8660255  0.0000000 )
                  (  0.8660253 -0.4999999  0.0000000 )
                  (  0.0000000  0.0000000  1.0000000 )


      isym =  8     120 deg rotation - cryst. axis [0,0,-1]      

 cryst.   s( 8) = (    -1         -1          0      )
                  (     1          0          0      )
                  (     0          0          1      )

 cart.    s( 8) = ( -0.4999999  0.8660255  0.0000000 )
                  ( -0.8660253 -0.5000001  0.0000000 )
                  (  0.0000000  0.0000000  1.0000000 )


      isym =  9     180 deg rotation - cryst. axis [1,-1,0]      

 cryst.   s( 9) = (     0         -1          0      )
                  (    -1          0          0      )
                  (     0          0         -1      )

 cart.    s( 9) = (  0.5000001 -0.8660253  0.0000000 )
                  ( -0.8660253 -0.5000001  0.0000000 )
                  (  0.0000000  0.0000000 -1.0000000 )


      isym = 10     180 deg rotation - cryst. axis [2,1,0]       

 cryst.   s(10) = (     1          1          0      )
                  (     0         -1          0      )
                  (     0          0         -1      )

 cart.    s(10) = (  0.4999999  0.8660256  0.0000000 )
                  (  0.8660253 -0.4999999  0.0000000 )
                  (  0.0000000  0.0000000 -1.0000000 )


      isym = 11     180 deg rotation - cryst. axis [0,1,0]       

 cryst.   s(11) = (    -1         -1          0      )
                  (     0          1          0      )
                  (     0          0         -1      )

 cart.    s(11) = ( -0.4999999 -0.8660256  0.0000000 )
                  ( -0.8660253  0.4999999  0.0000000 )
                  (  0.0000000  0.0000000 -1.0000000 )


      isym = 12     180 deg rotation - cryst. axis [1,1,0]       

 cryst.   s(12) = (     0          1          0      )
                  (     1          0          0      )
                  (     0          0         -1      )

 cart.    s(12) = ( -0.5000001  0.8660253  0.0000000 )
                  (  0.8660253  0.5000001  0.0000000 )
                  (  0.0000000  0.0000000 -1.0000000 )


      isym = 13     inversion                                    

 cryst.   s(13) = (    -1          0          0      )
                  (     0         -1          0      )
                  (     0          0         -1      )

 cart.    s(13) = ( -1.0000000 -0.0000000  0.0000000 )
                  (  0.0000000 -1.0000000  0.0000000 )
                  (  0.0000000  0.0000000 -1.0000000 )


      isym = 14     inv. 180 deg rotation - cart. axis [0,0,1]   

 cryst.   s(14) = (     1          0          0      )
                  (     0          1          0      )
                  (     0          0         -1      )

 cart.    s(14) = (  1.0000000  0.0000000  0.0000000 )
                  (  0.0000000  1.0000000  0.0000000 )
                  (  0.0000000  0.0000000 -1.0000000 )


      isym = 15     inv. 180 deg rotation - cart. axis [0,1,0]   

 cryst.   s(15) = (     1          0          0      )
                  (    -1         -1          0      )
                  (     0          0          1      )

 cart.    s(15) = (  1.0000000  0.0000003  0.0000000 )
                  (  0.0000000 -1.0000000  0.0000000 )
                  (  0.0000000  0.0000000  1.0000000 )


      isym = 16     inv. 180 deg rotation - cart. axis [1,0,0]   

 cryst.   s(16) = (    -1          0          0      )
                  (     1          1          0      )
                  (     0          0          1      )

 cart.    s(16) = ( -1.0000000 -0.0000003  0.0000000 )
                  (  0.0000000  1.0000000  0.0000000 )
                  (  0.0000000  0.0000000  1.0000000 )


      isym = 17     inv.  60 deg rotation - cryst. axis [0,0,1]  

 cryst.   s(17) = (    -1         -1          0      )
                  (     1          0          0      )
                  (     0          0         -1      )

 cart.    s(17) = ( -0.4999999  0.8660255  0.0000000 )
                  ( -0.8660253 -0.5000001  0.0000000 )
                  (  0.0000000  0.0000000 -1.0000000 )


      isym = 18     inv.  60 deg rotation - cryst. axis [0,0,-1] 

 cryst.   s(18) = (     0          1          0      )
                  (    -1         -1          0      )
                  (     0          0         -1      )

 cart.    s(18) = ( -0.5000001 -0.8660255  0.0000000 )
                  (  0.8660253 -0.4999999  0.0000000 )
                  (  0.0000000  0.0000000 -1.0000000 )


      isym = 19     inv. 120 deg rotation - cryst. axis [0,0,1]  

 cryst.   s(19) = (     0         -1          0      )
                  (     1          1          0      )
                  (     0          0         -1      )

 cart.    s(19) = (  0.5000001  0.8660255  0.0000000 )
                  ( -0.8660253  0.4999999  0.0000000 )
                  (  0.0000000  0.0000000 -1.0000000 )


      isym = 20     inv. 120 deg rotation - cryst. axis [0,0,-1] 

 cryst.   s(20) = (     1          1          0      )
                  (    -1          0          0      )
                  (     0          0         -1      )

 cart.    s(20) = (  0.4999999 -0.8660255  0.0000000 )
                  (  0.8660253  0.5000001  0.0000000 )
                  (  0.0000000  0.0000000 -1.0000000 )


      isym = 21     inv. 180 deg rotation - cryst. axis [1,-1,0] 

 cryst.   s(21) = (     0          1          0      )
                  (     1          0          0      )
                  (     0          0          1      )

 cart.    s(21) = ( -0.5000001  0.8660253  0.0000000 )
                  (  0.8660253  0.5000001  0.0000000 )
                  (  0.0000000  0.0000000  1.0000000 )


      isym = 22     inv. 180 deg rotation - cryst. axis [2,1,0]  

 cryst.   s(22) = (    -1         -1          0      )
                  (     0          1          0      )
                  (     0          0          1      )

 cart.    s(22) = ( -0.4999999 -0.8660256  0.0000000 )
                  ( -0.8660253  0.4999999  0.0000000 )
                  (  0.0000000  0.0000000  1.0000000 )


      isym = 23     inv. 180 deg rotation - cryst. axis [0,1,0]  

 cryst.   s(23) = (     1          1          0      )
                  (     0         -1          0      )
                  (     0          0          1      )

 cart.    s(23) = (  0.4999999  0.8660256  0.0000000 )
                  (  0.8660253 -0.4999999  0.0000000 )
                  (  0.0000000  0.0000000  1.0000000 )


      isym = 24     inv. 180 deg rotation - cryst. axis [1,1,0]  

 cryst.   s(24) = (     0         -1          0      )
                  (    -1          0          0      )
                  (     0          0          1      )

 cart.    s(24) = (  0.5000001 -0.8660253  0.0000000 )
                  ( -0.8660253 -0.5000001  0.0000000 )
                  (  0.0000000  0.0000000  1.0000000 )


   Cartesian axes

     site n.     atom                  positions (alat units)
         1           C   tau(   1) = (  -0.0000006   0.5773505   0.0000000  )
         2           C   tau(   2) = (   0.5000005   0.2886748   0.0000000  )

   Crystallographic axes

     site n.     atom                  positions (cryst. coord.)
         1           C   tau(   1) = (  0.3333330  0.6666670  0.0000000  )
         2           C   tau(   2) = (  0.6666670  0.3333330  0.0000000  )

     number of k points=     1  Methfessel-Paxton smearing, width (Ry)=  0.0010
                       cart. coord. in units 2pi/alat
        k(    1) = (   0.0000000   0.0000000   0.0000000), wk =   2.0000000

                       cryst. coord.
        k(    1) = (   0.0000000   0.0000000   0.0000000), wk =   2.0000000

     Dense  grid:    22396 G-vectors     FFT dimensions: (  24,  24, 192)

     Smooth grid:     7917 G-vectors     FFT dimensions: (  18,  18, 135)

     Dynamical RAM for                 wfc:       0.12 MB

     Dynamical RAM for     wfc (w. buffer):       0.12 MB

     Dynamical RAM for           str. fact:       0.34 MB

     Dynamical RAM for           local pot:       0.00 MB

     Dynamical RAM for          nlocal pot:       0.24 MB

     Dynamical RAM for                qrad:       0.36 MB

     Dynamical RAM for          rho,v,vnew:       3.56 MB

     Dynamical RAM for               rhoin:       1.19 MB

     Dynamical RAM for            rho*nmix:       5.47 MB

     Dynamical RAM for           G-vectors:       1.34 MB

     Dynamical RAM for          h,s,v(r/c):       0.01 MB

     Dynamical RAM for          <psi|beta>:       0.00 MB

     Dynamical RAM for                 psi:       0.24 MB

     Dynamical RAM for                hpsi:       0.24 MB

     Dynamical RAM for                spsi:       0.24 MB

     Dynamical RAM for      wfcinit/wfcrot:       0.24 MB

     Dynamical RAM for           addusdens:      15.38 MB

     Dynamical RAM for          addusforce:      16.23 MB

     Dynamical RAM for         addusstress:      17.09 MB

     Estimated static dynamical RAM per process >      12.05 MB

     Estimated max dynamical RAM per process >      34.60 MB

     Check: negative core charge=   -0.000011

     Initial potential from superposition of free atoms

     starting charge       7.9999, renormalised to       8.0000

     negative rho (up, down):  3.969E-04 0.000E+00
     Starting wfcs are    8 randomized atomic wfcs
     Checking if some PAW data can be deallocated... 

     total cpu time spent up to now is        4.6 secs

     Self-consistent Calculation

     iteration #  1     ecut=    30.00 Ry     beta= 0.70
     Davidson diagonalization with overlap

---- Real-time Memory Report at c_bands before calling an iterative solver
           271 MiB given to the printing process from OS
             0 MiB allocation reported by mallinfo(arena+hblkhd)
         40292 MiB available memory on the node where the printing process lives
------------------
     ethr =  1.00E-02,  avg # of iterations =  5.0

     negative rho (up, down):  6.899E-04 0.000E+00

     total cpu time spent up to now is        4.9 secs

     total energy              =     -36.31649755 Ry
     estimated scf accuracy    <       0.36459631 Ry

     iteration #  2     ecut=    30.00 Ry     beta= 0.70
     Davidson diagonalization with overlap

---- Real-time Memory Report at c_bands before calling an iterative solver
           283 MiB given to the printing process from OS
             0 MiB allocation reported by mallinfo(arena+hblkhd)
         40286 MiB available memory on the node where the printing process lives
------------------
     ethr =  4.56E-03,  avg # of iterations =  2.0

     negative rho (up, down):  7.466E-04 0.000E+00

     total cpu time spent up to now is        5.2 secs

     total energy              =     -36.36248472 Ry
     estimated scf accuracy    <       0.01083607 Ry

     iteration #  3     ecut=    30.00 Ry     beta= 0.70
     Davidson diagonalization with overlap

---- Real-time Memory Report at c_bands before calling an iterative solver
           283 MiB given to the printing process from OS
             0 MiB allocation reported by mallinfo(arena+hblkhd)
         40288 MiB available memory on the node where the printing process lives
------------------
     ethr =  1.35E-04,  avg # of iterations =  8.0

     negative rho (up, down):  7.895E-04 0.000E+00

     total cpu time spent up to now is        5.5 secs

     total energy              =     -36.36272808 Ry
     estimated scf accuracy    <       0.00069659 Ry

     iteration #  4     ecut=    30.00 Ry     beta= 0.70
     Davidson diagonalization with overlap

---- Real-time Memory Report at c_bands before calling an iterative solver
           284 MiB given to the printing process from OS
             0 MiB allocation reported by mallinfo(arena+hblkhd)
         40289 MiB available memory on the node where the printing process lives
------------------
     ethr =  8.71E-06,  avg # of iterations =  2.0

     negative rho (up, down):  7.874E-04 0.000E+00

     total cpu time spent up to now is        5.6 secs

     total energy              =     -36.36274012 Ry
     estimated scf accuracy    <       0.00000268 Ry

     iteration #  5     ecut=    30.00 Ry     beta= 0.70
     Davidson diagonalization with overlap

---- Real-time Memory Report at c_bands before calling an iterative solver
           284 MiB given to the printing process from OS
             0 MiB allocation reported by mallinfo(arena+hblkhd)
         40284 MiB available memory on the node where the printing process lives
------------------
     ethr =  3.35E-08,  avg # of iterations =  3.0

     negative rho (up, down):  7.893E-04 0.000E+00

     total cpu time spent up to now is        5.8 secs

     total energy              =     -36.36274032 Ry
     estimated scf accuracy    <       0.00000104 Ry

     iteration #  6     ecut=    30.00 Ry     beta= 0.70
     Davidson diagonalization with overlap

---- Real-time Memory Report at c_bands before calling an iterative solver
           284 MiB given to the printing process from OS
             0 MiB allocation reported by mallinfo(arena+hblkhd)
         40284 MiB available memory on the node where the printing process lives
------------------
     ethr =  1.30E-08,  avg # of iterations =  4.0

     negative rho (up, down):  7.900E-04 0.000E+00

     total cpu time spent up to now is        6.0 secs

     total energy              =     -36.36274051 Ry
     estimated scf accuracy    <       0.00000193 Ry

     iteration #  7     ecut=    30.00 Ry     beta= 0.70
     Davidson diagonalization with overlap

---- Real-time Memory Report at c_bands before calling an iterative solver
           284 MiB given to the printing process from OS
             0 MiB allocation reported by mallinfo(arena+hblkhd)
         40286 MiB available memory on the node where the printing process lives
------------------
     ethr =  1.30E-08,  avg # of iterations =  2.0

     negative rho (up, down):  7.903E-04 0.000E+00

     total cpu time spent up to now is        6.1 secs

     End of self-consistent calculation

          k = 0.0000 0.0000 0.0000 (   954 PWs)   bands (ev):

   -21.7750 -10.0634  -4.9958  -4.9957   0.5943   1.2677   1.3747   2.4189

     occupation numbers 
     1.0000   1.0000   1.0000   1.0000  -0.0000  -0.0000  -0.0000  -0.0000

     the Fermi energy is    -3.5615 ev

!    total energy              =     -36.36274062 Ry

     total all-electron energy =      -151.890936 Ry
     estimated scf accuracy    <       0.00000014 Ry
     smearing contrib. (-TS)   =       0.00000000 Ry
     internal energy E=F+TS    =     -36.36274062 Ry

     The total energy is F=E-TS. E is the sum of the following terms:
     one-electron contribution =    -222.85981732 Ry
     hartree contribution      =     113.21831549 Ry
     xc contribution           =      -9.41713692 Ry
     ewald contribution        =      94.96251753 Ry
     one-center paw contrib.   =     -12.26661940 Ry
      -> PAW hartree energy AE =      18.69688395 Ry
      -> PAW hartree energy PS =     -18.68349051 Ry
      -> PAW xc energy AE      =     -21.24171462 Ry
      -> PAW xc energy PS      =       8.96170178 Ry
      -> total E_H with PAW    =     113.23170894 Ry
      -> total E_XC with PAW   =     -21.69714977 Ry

     convergence has been achieved in   7 iterations

     negative rho (up, down):  7.903E-04 0.000E+00

     Forces acting on atoms (cartesian axes, Ry/au):

     atom    1 type  1   force =    -0.00000000    0.00000000    0.00000000
     atom    2 type  1   force =     0.00000000   -0.00000000    0.00000000
     The non-local contrib.  to forces
     atom    1 type  1   force =     0.00000000    0.00000000   -0.00000000
     atom    2 type  1   force =     0.00000000    0.00000000    0.00000000
     The ionic contribution  to forces
     atom    1 type  1   force =     0.00001814   -0.00001047    0.00000000
     atom    2 type  1   force =    -0.00001814    0.00001047   -0.00000000
     The local contribution  to forces
     atom    1 type  1   force =    -0.00009578    0.00005501   -0.00006105
     atom    2 type  1   force =    -0.00005894    0.00003311   -0.00006359
     The core correction contribution to forces
     atom    1 type  1   force =    -0.00000113    0.00000066   -0.00000025
     atom    2 type  1   force =    -0.00000070    0.00000039   -0.00000013
     The Hubbard contrib.    to forces
     atom    1 type  1   force =     0.00000000    0.00000000    0.00000000
     atom    2 type  1   force =     0.00000000    0.00000000    0.00000000
     The SCF correction term to forces
     atom    1 type  1   force =     0.00002758   -0.00001577    0.00004702
     atom    2 type  1   force =     0.00002689   -0.00001528    0.00004678

     Total force =     0.000000     Total SCF correction =     0.000080


     Computing stress (Cartesian axis) and pressure


     negative rho (up, down):  7.903E-04 0.000E+00
          total   stress  (Ry/bohr**3)                   (kbar)     P=       18.21
   0.00024126   0.00000000   0.00000000           35.49        0.00        0.00
   0.00000000   0.00024126   0.00000000            0.00       35.49        0.00
  -0.00000000  -0.00000000  -0.00011124           -0.00       -0.00      -16.36

     kinetic stress (kbar)   2247.32      0.00      0.00
                                0.00   2247.32      0.00
                                0.00      0.00   2169.41

     local   stress (kbar) -48907.81     -0.01     -0.00
                               -0.01 -48907.82      0.00
                               -0.00      0.00  48787.76

     nonloc. stress (kbar)    333.84      0.00      0.00
                                0.00    333.84      0.00
                                0.00      0.00    286.52

     hartree stress (kbar)  23176.98      0.00      0.00
                                0.00  23176.98     -0.00
                                0.00     -0.00 -22958.95

     exc-cor stress (kbar)    -40.59      0.00      0.00
                                0.00    -40.59     -0.00
                                0.00     -0.00    -65.18

     corecor stress (kbar)   -477.04     -0.00     -0.00
                               -0.00   -477.04      0.00
                               -0.00      0.00   -453.03

     ewald   stress (kbar)  23702.80      0.01     -0.00
                                0.01  23702.81      0.00
                               -0.00      0.00 -27782.91

     hubbard stress (kbar)      0.00      0.00      0.00
                                0.00      0.00      0.00
                                0.00      0.00      0.00

     DFT-D   stress (kbar)      0.00      0.00      0.00
                                0.00      0.00      0.00
                                0.00      0.00      0.00

     XDM     stress (kbar)      0.00      0.00      0.00
                                0.00      0.00      0.00
                                0.00      0.00      0.00

     dft-nl  stress (kbar)      0.00      0.00      0.00
                                0.00      0.00      0.00
                                0.00      0.00      0.00

     TS-vdW  stress (kbar)      0.00      0.00      0.00
                                0.00      0.00      0.00
                                0.00      0.00      0.00


                                0.00      0.00      0.00
                                0.00      0.00      0.00


                                0.00      0.00      0.00


     Writing all to output data dir new_calculations/myprefix.save/
 
     init_run     :    119.19s CPU      4.51s WALL (       1 calls)
     electrons    :     42.66s CPU      1.55s WALL (       1 calls)
     forces       :      1.34s CPU      0.05s WALL (       1 calls)
     stress       :      2.62s CPU      0.09s WALL (       1 calls)

     Called by init_run:
     wfcinit      :     40.98s CPU      1.47s WALL (       1 calls)
     wfcinit:atom :      0.01s CPU      0.00s WALL (       1 calls)
     wfcinit:wfcr :     40.91s CPU      1.47s WALL (       1 calls)
     potinit      :     20.93s CPU      0.76s WALL (       1 calls)
     hinit0       :     55.80s CPU      2.22s WALL (       1 calls)

     Called by electrons:
     c_bands      :     22.94s CPU      0.82s WALL (       7 calls)
     sum_band     :      6.87s CPU      0.26s WALL (       7 calls)
     v_of_rho     :      3.50s CPU      0.13s WALL (       8 calls)
     v_h          :      0.32s CPU      0.01s WALL (       8 calls)
     v_xc         :      3.85s CPU      0.14s WALL (      10 calls)
     newd         :      4.00s CPU      0.15s WALL (       8 calls)
     PAW_pot      :      5.36s CPU      0.19s WALL (       8 calls)
     mix_rho      :      0.61s CPU      0.02s WALL (       7 calls)

     Called by c_bands:
     init_us_2    :      0.11s CPU      0.00s WALL (      15 calls)
     init_us_2:cp :      0.09s CPU      0.00s WALL (      15 calls)
     regterg      :     22.73s CPU      0.82s WALL (       7 calls)

     Called by sum_band:
     sum_band:wei :      0.01s CPU      0.00s WALL (       7 calls)
     sum_band:loo :      3.90s CPU      0.14s WALL (       7 calls)
     sum_band:buf :      0.00s CPU      0.00s WALL (       7 calls)
     sum_band:ini :      0.04s CPU      0.00s WALL (       7 calls)
     sum_band:cal :      0.62s CPU      0.02s WALL (       7 calls)
     sum_band:bec :      0.04s CPU      0.00s WALL (       7 calls)
     addusdens    :      2.48s CPU      0.10s WALL (       7 calls)
     addusd:skk   :      0.04s CPU      0.00s WALL (       7 calls)
     addusd:dgemm :      0.18s CPU      0.01s WALL (       7 calls)
     addusd:qvan2 :      1.75s CPU      0.06s WALL (       7 calls)

     Called by *egterg:
     rdiaghg      :      0.31s CPU      0.01s WALL (      33 calls)
     regterg:over :      1.20s CPU      0.04s WALL (      26 calls)
     regterg:upda :      0.05s CPU      0.00s WALL (      26 calls)
     regterg:last :      0.15s CPU      0.01s WALL (      16 calls)
     h_psi        :     61.32s CPU      2.20s WALL (      34 calls)
     s_psi        :      0.08s CPU      0.00s WALL (      34 calls)
     g_psi        :      0.08s CPU      0.00s WALL (      26 calls)

     Called by h_psi:
     h_psi:calbec :      0.17s CPU      0.01s WALL (      34 calls)
     vloc_psi     :     60.86s CPU      2.18s WALL (      34 calls)
     add_vuspsi   :      0.08s CPU      0.00s WALL (      34 calls)

     General routines
     calbec       :      0.74s CPU      0.03s WALL (      46 calls)
     fft          :     50.90s CPU      2.03s WALL (     106 calls)
     ffts         :     19.36s CPU      0.70s WALL (      15 calls)
     fftw         :     62.64s CPU      2.25s WALL (     206 calls)
     interpolate  :     19.58s CPU      0.71s WALL (       8 calls)
 
     Parallel routines

     PAW routines
     PAW_pot      :      5.36s CPU      0.19s WALL (       8 calls)
     PAW_symme    :      0.03s CPU      0.00s WALL (      15 calls)
 
     PWSCF        :   2m51.22s CPU      6.70s WALL

 
   This run was terminated on:  21:17:32  20May2023            

=------------------------------------------------------------------------------=
   JOB DONE.
=------------------------------------------------------------------------------=
