
     Program PWSCF v.7.0 starts on 20May2023 at 19:40:52 

     This program is part of the open-source Quantum ESPRESSO suite
     for quantum simulation of materials; please cite
         "P. Giannozzi et al., J. Phys.:Condens. Matter 21 395502 (2009);
         "P. Giannozzi et al., J. Phys.:Condens. Matter 29 465901 (2017);
         "P. Giannozzi et al., J. Chem. Phys. 152 154105 (2020);
          URL http://www.quantum-espresso.org", 
     in publications or presentations arising from this work. More details at
     http://www.quantum-espresso.org/quote

     Parallel version (MPI & OpenMP), running on      32 processor cores
     Number of MPI processes:                 1
     Threads/MPI process:                    32

     MPI processes distributed on     1 nodes
     130569 MiB available memory on the printing compute node when the environment starts
 
     Reading input from espresso_12476.pwi
Warning: card &CELL ignored
Warning: card / ignored

     Current dimensions of program PWSCF are:
     Max number of different atomic species (ntypx) = 10
     Max number of k-points (npk) =  40000
     Max angular momentum in pseudopotentials (lmaxx) =  4

     gamma-point specific algorithms are used
     Message from routine setup:
     using ibrav=0 with symmetry is DISCOURAGED, use correct ibrav instead

     Subspace diagonalization in iterative solution of the eigenvalue problem:
     a serial algorithm will be used

 
     G-vector sticks info
     --------------------
     sticks:   dense  smooth     PW     G-vecs:    dense   smooth      PW
     Sum         625     313     85                14279     5149     649
 
     Using Slab Decomposition
 


     bravais-lattice index     =            0
     lattice parameter (alat)  =       6.1302  a.u.
     unit-cell volume          =     228.5134 (a.u.)^3
     number of atoms/cell      =            3
     number of atomic types    =            2
     number of electrons       =        31.00
     number of Kohn-Sham states=           20
     kinetic-energy cutoff     =      30.0000  Ry
     charge density cutoff     =     240.0000  Ry
     scf convergence threshold =      1.0E-06
     mixing beta               =       0.7000
     number of iterations used =            8  plain     mixing
     Exchange-correlation=  SLA  PW   PBX  PBC
                           (   1   4   3   4   0   0   0)

     celldm(1)=   6.130201  celldm(2)=   0.000000  celldm(3)=   0.000000
     celldm(4)=   0.000000  celldm(5)=   0.000000  celldm(6)=   0.000000

     crystal axes: (cart. coord. in units of alat)
               a(1) = (   1.000000   0.000000   0.000000 )  
               a(2) = (  -0.500000   0.866025   0.000000 )  
               a(3) = (   0.000000   0.000000   1.145400 )  

     reciprocal axes: (cart. coord. in units 2 pi/alat)
               b(1) = (  1.000000  0.577350  0.000000 )  
               b(2) = (  0.000000  1.154701  0.000000 )  
               b(3) = (  0.000000  0.000000  0.873058 )  


     PseudoPot. # 1 for Lu read from file:
     /home/pragov/projects/rrg-bengioy-ad/pragov/crystal_structure_design/SSSP/Lu.GGA-PBE-paw-v1.0.UPF
     MD5 check sum: 9ceca61ee0c17e9380a83635bfffa61d
     Pseudo is Projector augmented-wave + core cor, Zval = 25.0
     Generated using ATOMPAW code
     Shape of augmentation charge: BESSEL
     Using radial grid of 1118 points,  8 beta functions with: 
                l(1) =   0
                l(2) =   0
                l(3) =   1
                l(4) =   1
                l(5) =   2
                l(6) =   2
                l(7) =   3
                l(8) =   3
     Q(r) pseudized with 0 coefficients 


     PseudoPot. # 2 for B  read from file:
     /home/pragov/projects/rrg-bengioy-ad/pragov/crystal_structure_design/SSSP/b_pbe_v1.4.uspp.F.UPF
     MD5 check sum: cc6de2960df11db49a60e589f9ebb39b
     Pseudo is Ultrasoft + core correction, Zval =  3.0
     Generated by new atomic code, or converted to UPF format
     Using radial grid of  781 points,  4 beta functions with: 
                l(1) =   0
                l(2) =   0
                l(3) =   1
                l(4) =   1
     Q(r) pseudized with  8 coefficients,  rinner =    1.100   1.100   1.100


     atomic species   valence    mass     pseudopotential
        Lu            25.00   174.96680     Lu( 1.00)
        B              3.00    10.81000     B ( 1.00)

     24 Sym. Ops., with inversion, found


                                    s                        frac. trans.

      isym =  1     identity                                     

 cryst.   s( 1) = (     1          0          0      )
                  (     0          1          0      )
                  (     0          0          1      )

 cart.    s( 1) = (  1.0000000  0.0000000  0.0000000 )
                  (  0.0000000  1.0000000  0.0000000 )
                  (  0.0000000  0.0000000  1.0000000 )


      isym =  2     180 deg rotation - cart. axis [0,0,1]        

 cryst.   s( 2) = (    -1          0          0      )
                  (     0         -1          0      )
                  (     0          0          1      )

 cart.    s( 2) = ( -1.0000000 -0.0000000  0.0000000 )
                  (  0.0000000 -1.0000000  0.0000000 )
                  (  0.0000000  0.0000000  1.0000000 )


      isym =  3     180 deg rotation - cart. axis [0,1,0]        

 cryst.   s( 3) = (    -1          0          0      )
                  (     1          1          0      )
                  (     0          0         -1      )

 cart.    s( 3) = ( -1.0000000 -0.0000003  0.0000000 )
                  (  0.0000000  1.0000000  0.0000000 )
                  (  0.0000000  0.0000000 -1.0000000 )


      isym =  4     180 deg rotation - cart. axis [1,0,0]        

 cryst.   s( 4) = (     1          0          0      )
                  (    -1         -1          0      )
                  (     0          0         -1      )

 cart.    s( 4) = (  1.0000000  0.0000003  0.0000000 )
                  (  0.0000000 -1.0000000  0.0000000 )
                  (  0.0000000  0.0000000 -1.0000000 )


      isym =  5      60 deg rotation - cryst. axis [0,0,1]       

 cryst.   s( 5) = (     1          1          0      )
                  (    -1          0          0      )
                  (     0          0          1      )

 cart.    s( 5) = (  0.4999999 -0.8660255  0.0000000 )
                  (  0.8660253  0.5000001  0.0000000 )
                  (  0.0000000  0.0000000  1.0000000 )


      isym =  6      60 deg rotation - cryst. axis [0,0,-1]      

 cryst.   s( 6) = (     0         -1          0      )
                  (     1          1          0      )
                  (     0          0          1      )

 cart.    s( 6) = (  0.5000001  0.8660255  0.0000000 )
                  ( -0.8660253  0.4999999  0.0000000 )
                  (  0.0000000  0.0000000  1.0000000 )


      isym =  7     120 deg rotation - cryst. axis [0,0,1]       

 cryst.   s( 7) = (     0          1          0      )
                  (    -1         -1          0      )
                  (     0          0          1      )

 cart.    s( 7) = ( -0.5000001 -0.8660255  0.0000000 )
                  (  0.8660253 -0.4999999  0.0000000 )
                  (  0.0000000  0.0000000  1.0000000 )


      isym =  8     120 deg rotation - cryst. axis [0,0,-1]      

 cryst.   s( 8) = (    -1         -1          0      )
                  (     1          0          0      )
                  (     0          0          1      )

 cart.    s( 8) = ( -0.4999999  0.8660255  0.0000000 )
                  ( -0.8660253 -0.5000001  0.0000000 )
                  (  0.0000000  0.0000000  1.0000000 )


      isym =  9     180 deg rotation - cryst. axis [1,-1,0]      

 cryst.   s( 9) = (     0         -1          0      )
                  (    -1          0          0      )
                  (     0          0         -1      )

 cart.    s( 9) = (  0.5000001 -0.8660253  0.0000000 )
                  ( -0.8660253 -0.5000001  0.0000000 )
                  (  0.0000000  0.0000000 -1.0000000 )


      isym = 10     180 deg rotation - cryst. axis [2,1,0]       

 cryst.   s(10) = (     1          1          0      )
                  (     0         -1          0      )
                  (     0          0         -1      )

 cart.    s(10) = (  0.4999999  0.8660256  0.0000000 )
                  (  0.8660253 -0.4999999  0.0000000 )
                  (  0.0000000  0.0000000 -1.0000000 )


      isym = 11     180 deg rotation - cryst. axis [0,1,0]       

 cryst.   s(11) = (    -1         -1          0      )
                  (     0          1          0      )
                  (     0          0         -1      )

 cart.    s(11) = ( -0.4999999 -0.8660256  0.0000000 )
                  ( -0.8660253  0.4999999  0.0000000 )
                  (  0.0000000  0.0000000 -1.0000000 )


      isym = 12     180 deg rotation - cryst. axis [1,1,0]       

 cryst.   s(12) = (     0          1          0      )
                  (     1          0          0      )
                  (     0          0         -1      )

 cart.    s(12) = ( -0.5000001  0.8660253  0.0000000 )
                  (  0.8660253  0.5000001  0.0000000 )
                  (  0.0000000  0.0000000 -1.0000000 )


      isym = 13     inversion                                    

 cryst.   s(13) = (    -1          0          0      )
                  (     0         -1          0      )
                  (     0          0         -1      )

 cart.    s(13) = ( -1.0000000 -0.0000000  0.0000000 )
                  (  0.0000000 -1.0000000  0.0000000 )
                  (  0.0000000  0.0000000 -1.0000000 )


      isym = 14     inv. 180 deg rotation - cart. axis [0,0,1]   

 cryst.   s(14) = (     1          0          0      )
                  (     0          1          0      )
                  (     0          0         -1      )

 cart.    s(14) = (  1.0000000  0.0000000  0.0000000 )
                  (  0.0000000  1.0000000  0.0000000 )
                  (  0.0000000  0.0000000 -1.0000000 )


      isym = 15     inv. 180 deg rotation - cart. axis [0,1,0]   

 cryst.   s(15) = (     1          0          0      )
                  (    -1         -1          0      )
                  (     0          0          1      )

 cart.    s(15) = (  1.0000000  0.0000003  0.0000000 )
                  (  0.0000000 -1.0000000  0.0000000 )
                  (  0.0000000  0.0000000  1.0000000 )


      isym = 16     inv. 180 deg rotation - cart. axis [1,0,0]   

 cryst.   s(16) = (    -1          0          0      )
                  (     1          1          0      )
                  (     0          0          1      )

 cart.    s(16) = ( -1.0000000 -0.0000003  0.0000000 )
                  (  0.0000000  1.0000000  0.0000000 )
                  (  0.0000000  0.0000000  1.0000000 )


      isym = 17     inv.  60 deg rotation - cryst. axis [0,0,1]  

 cryst.   s(17) = (    -1         -1          0      )
                  (     1          0          0      )
                  (     0          0         -1      )

 cart.    s(17) = ( -0.4999999  0.8660255  0.0000000 )
                  ( -0.8660253 -0.5000001  0.0000000 )
                  (  0.0000000  0.0000000 -1.0000000 )


      isym = 18     inv.  60 deg rotation - cryst. axis [0,0,-1] 

 cryst.   s(18) = (     0          1          0      )
                  (    -1         -1          0      )
                  (     0          0         -1      )

 cart.    s(18) = ( -0.5000001 -0.8660255  0.0000000 )
                  (  0.8660253 -0.4999999  0.0000000 )
                  (  0.0000000  0.0000000 -1.0000000 )


      isym = 19     inv. 120 deg rotation - cryst. axis [0,0,1]  

 cryst.   s(19) = (     0         -1          0      )
                  (     1          1          0      )
                  (     0          0         -1      )

 cart.    s(19) = (  0.5000001  0.8660255  0.0000000 )
                  ( -0.8660253  0.4999999  0.0000000 )
                  (  0.0000000  0.0000000 -1.0000000 )


      isym = 20     inv. 120 deg rotation - cryst. axis [0,0,-1] 

 cryst.   s(20) = (     1          1          0      )
                  (    -1          0          0      )
                  (     0          0         -1      )

 cart.    s(20) = (  0.4999999 -0.8660255  0.0000000 )
                  (  0.8660253  0.5000001  0.0000000 )
                  (  0.0000000  0.0000000 -1.0000000 )


      isym = 21     inv. 180 deg rotation - cryst. axis [1,-1,0] 

 cryst.   s(21) = (     0          1          0      )
                  (     1          0          0      )
                  (     0          0          1      )

 cart.    s(21) = ( -0.5000001  0.8660253  0.0000000 )
                  (  0.8660253  0.5000001  0.0000000 )
                  (  0.0000000  0.0000000  1.0000000 )


      isym = 22     inv. 180 deg rotation - cryst. axis [2,1,0]  

 cryst.   s(22) = (    -1         -1          0      )
                  (     0          1          0      )
                  (     0          0          1      )

 cart.    s(22) = ( -0.4999999 -0.8660256  0.0000000 )
                  ( -0.8660253  0.4999999  0.0000000 )
                  (  0.0000000  0.0000000  1.0000000 )


      isym = 23     inv. 180 deg rotation - cryst. axis [0,1,0]  

 cryst.   s(23) = (     1          1          0      )
                  (     0         -1          0      )
                  (     0          0          1      )

 cart.    s(23) = (  0.4999999  0.8660256  0.0000000 )
                  (  0.8660253 -0.4999999  0.0000000 )
                  (  0.0000000  0.0000000  1.0000000 )


      isym = 24     inv. 180 deg rotation - cryst. axis [1,1,0]  

 cryst.   s(24) = (     0         -1          0      )
                  (    -1          0          0      )
                  (     0          0          1      )

 cart.    s(24) = (  0.5000001 -0.8660253  0.0000000 )
                  ( -0.8660253 -0.5000001  0.0000000 )
                  (  0.0000000  0.0000000  1.0000000 )


   Cartesian axes

     site n.     atom                  positions (alat units)
         1           Lu  tau(   1) = (   0.0000000   0.0000000   0.0000000  )
         2           B   tau(   2) = (   0.5000005   0.2886748   0.5726999  )
         3           B   tau(   3) = (  -0.0000006   0.5773505   0.5726999  )

   Crystallographic axes

     site n.     atom                  positions (cryst. coord.)
         1           Lu  tau(   1) = (  0.0000000  0.0000000  0.0000000  )
         2           B   tau(   2) = (  0.6666670  0.3333330  0.5000000  )
         3           B   tau(   3) = (  0.3333330  0.6666670  0.5000000  )

     number of k points=     1  Methfessel-Paxton smearing, width (Ry)=  0.0010
                       cart. coord. in units 2pi/alat
        k(    1) = (   0.0000000   0.0000000   0.0000000), wk =   2.0000000

                       cryst. coord.
        k(    1) = (   0.0000000   0.0000000   0.0000000), wk =   2.0000000

     Dense  grid:     7140 G-vectors     FFT dimensions: (  32,  32,  36)

     Smooth grid:     2575 G-vectors     FFT dimensions: (  24,  24,  25)

     Dynamical RAM for                 wfc:       0.10 MB

     Dynamical RAM for     wfc (w. buffer):       0.10 MB

     Dynamical RAM for           str. fact:       0.22 MB

     Dynamical RAM for           local pot:       0.00 MB

     Dynamical RAM for          nlocal pot:       0.23 MB

     Dynamical RAM for                qrad:       5.97 MB

     Dynamical RAM for          rho,v,vnew:       1.17 MB

     Dynamical RAM for               rhoin:       0.39 MB

     Dynamical RAM for            rho*nmix:       1.74 MB

     Dynamical RAM for           G-vectors:       0.43 MB

     Dynamical RAM for          h,s,v(r/c):       0.04 MB

     Dynamical RAM for          <psi|beta>:       0.01 MB

     Dynamical RAM for                 psi:       0.19 MB

     Dynamical RAM for                hpsi:       0.19 MB

     Dynamical RAM for                spsi:       0.19 MB

     Dynamical RAM for      wfcinit/wfcrot:       0.42 MB

     Dynamical RAM for           addusdens:      60.68 MB

     Dynamical RAM for          addusforce:      60.98 MB

     Dynamical RAM for         addusstress:      63.41 MB

     Estimated static dynamical RAM per process >      10.24 MB

     Estimated max dynamical RAM per process >      75.39 MB

     Initial potential from superposition of free atoms

     starting charge      30.9957, renormalised to      31.0000
     Starting wfcs are   40 randomized atomic wfcs
     Checking if some PAW data can be deallocated... 

     total cpu time spent up to now is        5.6 secs

     Self-consistent Calculation

     iteration #  1     ecut=    30.00 Ry     beta= 0.70
     Davidson diagonalization with overlap

---- Real-time Memory Report at c_bands before calling an iterative solver
           348 MiB given to the printing process from OS
             0 MiB allocation reported by mallinfo(arena+hblkhd)
        130448 MiB available memory on the node where the printing process lives
------------------
     ethr =  1.00E-02,  avg # of iterations =  3.0

     total cpu time spent up to now is        6.3 secs

     total energy              =   -1092.25506281 Ry
     estimated scf accuracy    <       0.31677862 Ry

     iteration #  2     ecut=    30.00 Ry     beta= 0.70
     Davidson diagonalization with overlap

---- Real-time Memory Report at c_bands before calling an iterative solver
           362 MiB given to the printing process from OS
             0 MiB allocation reported by mallinfo(arena+hblkhd)
        130434 MiB available memory on the node where the printing process lives
------------------
     ethr =  1.02E-03,  avg # of iterations =  4.0

     total cpu time spent up to now is        6.9 secs

     total energy              =   -1092.24104801 Ry
     estimated scf accuracy    <       1.01057799 Ry

     iteration #  3     ecut=    30.00 Ry     beta= 0.70
     Davidson diagonalization with overlap

---- Real-time Memory Report at c_bands before calling an iterative solver
           368 MiB given to the printing process from OS
             0 MiB allocation reported by mallinfo(arena+hblkhd)
        130432 MiB available memory on the node where the printing process lives
------------------
     ethr =  1.02E-03,  avg # of iterations =  3.0

     total cpu time spent up to now is        7.2 secs

     total energy              =   -1092.41771985 Ry
     estimated scf accuracy    <       0.02629478 Ry

     iteration #  4     ecut=    30.00 Ry     beta= 0.70
     Davidson diagonalization with overlap

---- Real-time Memory Report at c_bands before calling an iterative solver
           370 MiB given to the printing process from OS
             0 MiB allocation reported by mallinfo(arena+hblkhd)
        130429 MiB available memory on the node where the printing process lives
------------------
     ethr =  8.48E-05,  avg # of iterations =  2.0

     total cpu time spent up to now is        7.6 secs

     total energy              =   -1092.41689718 Ry
     estimated scf accuracy    <       0.01739535 Ry

     iteration #  5     ecut=    30.00 Ry     beta= 0.70
     Davidson diagonalization with overlap

---- Real-time Memory Report at c_bands before calling an iterative solver
           370 MiB given to the printing process from OS
             0 MiB allocation reported by mallinfo(arena+hblkhd)
        130429 MiB available memory on the node where the printing process lives
------------------
     ethr =  5.61E-05,  avg # of iterations =  2.0

     total cpu time spent up to now is        7.9 secs

     total energy              =   -1092.42031921 Ry
     estimated scf accuracy    <       0.00180282 Ry

     iteration #  6     ecut=    30.00 Ry     beta= 0.70
     Davidson diagonalization with overlap

---- Real-time Memory Report at c_bands before calling an iterative solver
           370 MiB given to the printing process from OS
             0 MiB allocation reported by mallinfo(arena+hblkhd)
        130430 MiB available memory on the node where the printing process lives
------------------
     ethr =  5.82E-06,  avg # of iterations =  3.0

     total cpu time spent up to now is        8.3 secs

     total energy              =   -1092.42061122 Ry
     estimated scf accuracy    <       0.00018416 Ry

     iteration #  7     ecut=    30.00 Ry     beta= 0.70
     Davidson diagonalization with overlap

---- Real-time Memory Report at c_bands before calling an iterative solver
           370 MiB given to the printing process from OS
             0 MiB allocation reported by mallinfo(arena+hblkhd)
        130429 MiB available memory on the node where the printing process lives
------------------
     ethr =  5.94E-07,  avg # of iterations =  2.0

     total cpu time spent up to now is        8.6 secs

     total energy              =   -1092.42068564 Ry
     estimated scf accuracy    <       0.00002852 Ry

     iteration #  8     ecut=    30.00 Ry     beta= 0.70
     Davidson diagonalization with overlap

---- Real-time Memory Report at c_bands before calling an iterative solver
           370 MiB given to the printing process from OS
             0 MiB allocation reported by mallinfo(arena+hblkhd)
        130429 MiB available memory on the node where the printing process lives
------------------
     ethr =  9.20E-08,  avg # of iterations =  1.0

     total cpu time spent up to now is        9.0 secs

     total energy              =   -1092.42068259 Ry
     estimated scf accuracy    <       0.00000637 Ry

     iteration #  9     ecut=    30.00 Ry     beta= 0.70
     Davidson diagonalization with overlap

---- Real-time Memory Report at c_bands before calling an iterative solver
           371 MiB given to the printing process from OS
             0 MiB allocation reported by mallinfo(arena+hblkhd)
        130429 MiB available memory on the node where the printing process lives
------------------
     ethr =  2.06E-08,  avg # of iterations =  3.0

     total cpu time spent up to now is        9.3 secs

     End of self-consistent calculation

          k = 0.0000 0.0000 0.0000 (   325 PWs)   bands (ev):

   -38.3288  -9.3511  -8.6520  -8.6520   4.4299  12.7067  12.7204  12.8197
    12.8198  12.8746  12.8746  12.9279  14.8833  15.1477  15.1480  15.4002
    22.0898  22.1484  22.1487  22.4878

     occupation numbers 
     1.0000   1.0000   1.0000   1.0000   1.0000   1.0000   1.0000   1.0000
     1.0000   1.0000   1.0000   1.0000   1.0000   1.0000   1.0000   0.5000
    -0.0000  -0.0000  -0.0000  -0.0000

     the Fermi energy is    15.4002 ev

!    total energy              =   -1092.42068430 Ry
     estimated scf accuracy    <       0.00000072 Ry
     smearing contrib. (-TS)   =      -0.00028209 Ry
     internal energy E=F+TS    =   -1092.42040221 Ry

     The total energy is F=E-TS. E is the sum of the following terms:
     one-electron contribution =    -402.91809854 Ry
     hartree contribution      =     184.58078122 Ry
     xc contribution           =     -47.57130052 Ry
     ewald contribution        =    -335.11051837 Ry
     one-center paw contrib.   =    -491.40126600 Ry
      -> PAW hartree energy AE =     495.33554234 Ry
      -> PAW hartree energy PS =    -427.51817771 Ry
      -> PAW xc energy AE      =    -599.44989157 Ry
      -> PAW xc energy PS      =      40.23126093 Ry
      -> total E_H with PAW    =     252.39814585 Ry
      -> total E_XC with PAW   =    -606.78993115 Ry

     convergence has been achieved in   9 iterations

     Forces acting on atoms (cartesian axes, Ry/au):

     atom    1 type  1   force =     0.00000000    0.00000000    0.00000000
     atom    2 type  2   force =     0.00000000   -0.00000000    0.00000000
     atom    3 type  2   force =    -0.00000000    0.00000000    0.00000000
     The non-local contrib.  to forces
     atom    1 type  1   force =     0.00000000    0.00000000    0.00000000
     atom    2 type  2   force =     0.00000000   -0.00000000    0.00000000
     atom    3 type  2   force =    -0.00000000    0.00000000    0.00000000
     The ionic contribution  to forces
     atom    1 type  1   force =    -0.00000000   -0.00000000    0.00000000
     atom    2 type  2   force =    -0.00000938    0.00000542    0.00000000
     atom    3 type  2   force =     0.00000938   -0.00000542   -0.00000000
     The local contribution  to forces
     atom    1 type  1   force =     0.00006899   -0.00049907   -0.00232213
     atom    2 type  2   force =     0.00007613    0.00002802    0.00009278
     atom    3 type  2   force =    -0.00011292   -0.00003768    0.00009051
     The core correction contribution to forces
     atom    1 type  1   force =     0.00000000   -0.00000001   -0.00000002
     atom    2 type  2   force =     0.00000099    0.00000045   -0.00000051
     atom    3 type  2   force =    -0.00000318   -0.00000144   -0.00000042
     The Hubbard contrib.    to forces
     atom    1 type  1   force =     0.00000000    0.00000000    0.00000000
     atom    2 type  2   force =     0.00000000    0.00000000    0.00000000
     atom    3 type  2   force =     0.00000000    0.00000000    0.00000000
     The SCF correction term to forces
     atom    1 type  1   force =    -0.00013247    0.00058232    0.00284914
     atom    2 type  2   force =    -0.00004399   -0.00003000   -0.00008574
     atom    3 type  2   force =     0.00004820    0.00002581   -0.00008514

     Total force =     0.000000     Total SCF correction =     0.002915


     Computing stress (Cartesian axis) and pressure

          total   stress  (Ry/bohr**3)                   (kbar)     P=      277.51
   0.00226417   0.00000000  -0.00000000          333.07        0.00       -0.00
   0.00000000   0.00226417  -0.00000000            0.00      333.07       -0.00
  -0.00000000   0.00000000   0.00113115           -0.00        0.00      166.40

     kinetic stress (kbar)  15300.68      0.00      0.00
                                0.00  15300.69      0.00
                               -0.00     -0.00  14734.94

     local   stress (kbar)  -5124.60     -0.31      0.03
                               -0.31  -5124.38      0.00
                                0.03      0.00  31056.45

     nonloc. stress (kbar)  20091.19      0.00      0.00
                                0.00  20091.19      0.00
                                0.00      0.00  19806.99

     hartree stress (kbar)  45369.75      0.19     -0.02
                                0.19  45369.62     -0.00
                               -0.02     -0.00  28084.14

     exc-cor stress (kbar)  -8455.79      0.00     -0.00
                                0.00  -8455.79     -0.00
                               -0.00     -0.00  -8470.34

     corecor stress (kbar)  -1008.98      0.00     -0.00
                                0.00  -1008.98      0.00
                               -0.00      0.00   -997.52

     ewald   stress (kbar) -65839.23     -0.01     -0.00
                               -0.01 -65839.24      0.00
                               -0.00      0.00 -84048.27

     hubbard stress (kbar)      0.00      0.00      0.00
                                0.00      0.00      0.00
                                0.00      0.00      0.00

     DFT-D   stress (kbar)      0.00      0.00      0.00
                                0.00      0.00      0.00
                                0.00      0.00      0.00

     XDM     stress (kbar)      0.00      0.00      0.00
                                0.00      0.00      0.00
                                0.00      0.00      0.00

     dft-nl  stress (kbar)      0.00      0.00      0.00
                                0.00      0.00      0.00
                                0.00      0.00      0.00

     TS-vdW  stress (kbar)      0.00      0.00      0.00
                                0.00      0.00      0.00
                                0.00      0.00      0.00


                                0.00      0.00      0.00
                                0.00      0.00      0.00


                                0.00      0.00      0.00


     Writing all to output data dir new_calculations/myprefix.save/
 
     init_run     :    120.32s CPU      5.24s WALL (       1 calls)
     electrons    :    110.67s CPU      3.75s WALL (       1 calls)
     forces       :      1.16s CPU      0.04s WALL (       1 calls)
     stress       :      3.67s CPU      0.12s WALL (       1 calls)

     Called by init_run:
     wfcinit      :     32.16s CPU      1.15s WALL (       1 calls)
     wfcinit:atom :      0.01s CPU      0.00s WALL (       1 calls)
     wfcinit:wfcr :     32.11s CPU      1.15s WALL (       1 calls)
     potinit      :     21.31s CPU      0.82s WALL (       1 calls)
     hinit0       :     57.67s CPU      2.87s WALL (       1 calls)

     Called by electrons:
     c_bands      :      8.37s CPU      0.29s WALL (       9 calls)
     sum_band     :     17.79s CPU      0.60s WALL (       9 calls)
     v_of_rho     :      1.33s CPU      0.05s WALL (      10 calls)
     v_h          :      0.14s CPU      0.01s WALL (      10 calls)
     v_xc         :      1.35s CPU      0.05s WALL (      12 calls)
     newd         :     16.33s CPU      0.56s WALL (      10 calls)
     PAW_pot      :     76.87s CPU      2.65s WALL (      10 calls)
     mix_rho      :      0.31s CPU      0.01s WALL (       9 calls)

     Called by c_bands:
     init_us_2    :      0.16s CPU      0.01s WALL (      19 calls)
     init_us_2:cp :      0.13s CPU      0.00s WALL (      19 calls)
     regterg      :      7.90s CPU      0.27s WALL (       9 calls)

     Called by sum_band:
     sum_band:wei :      0.02s CPU      0.00s WALL (       9 calls)
     sum_band:loo :      1.36s CPU      0.05s WALL (       9 calls)
     sum_band:buf :      0.01s CPU      0.00s WALL (       9 calls)
     sum_band:ini :      0.08s CPU      0.00s WALL (       9 calls)
     sum_band:cal :      0.03s CPU      0.00s WALL (       9 calls)
     sum_band:bec :      0.03s CPU      0.00s WALL (       9 calls)
     addusdens    :     15.94s CPU      0.54s WALL (       9 calls)
     addusd:skk   :      0.03s CPU      0.00s WALL (      18 calls)
     addusd:dgemm :      0.47s CPU      0.02s WALL (      18 calls)
     addusd:qvan2 :     15.15s CPU      0.51s WALL (      18 calls)

     Called by *egterg:
     rdiaghg      :      0.59s CPU      0.02s WALL (      32 calls)
     regterg:over :      0.05s CPU      0.00s WALL (      23 calls)
     regterg:upda :      0.07s CPU      0.00s WALL (      23 calls)
     regterg:last :      0.10s CPU      0.00s WALL (      18 calls)
     h_psi        :     38.77s CPU      1.38s WALL (      33 calls)
     s_psi        :      0.04s CPU      0.00s WALL (      33 calls)
     g_psi        :      0.04s CPU      0.00s WALL (      23 calls)

     Called by h_psi:
     h_psi:calbec :      0.53s CPU      0.02s WALL (      33 calls)
     vloc_psi     :     38.02s CPU      1.35s WALL (      33 calls)
     add_vuspsi   :      0.06s CPU      0.00s WALL (      33 calls)

     General routines
     calbec       :      0.52s CPU      0.02s WALL (      47 calls)
     fft          :     43.87s CPU      1.78s WALL (     128 calls)
     ffts         :     13.84s CPU      0.52s WALL (      19 calls)
     fftw         :     38.02s CPU      1.35s WALL (     600 calls)
     interpolate  :     13.98s CPU      0.53s WALL (      10 calls)
 
     Parallel routines

     PAW routines
     PAW_pot      :     76.87s CPU      2.65s WALL (      10 calls)
     PAW_symme    :      0.51s CPU      0.02s WALL (      19 calls)
 
     PWSCF        :   4m 2.75s CPU      9.80s WALL

 
   This run was terminated on:  19:41: 1  20May2023            

=------------------------------------------------------------------------------=
   JOB DONE.
=------------------------------------------------------------------------------=
