
     Program PWSCF v.7.0 starts on 20May2023 at 23:39:17 

     This program is part of the open-source Quantum ESPRESSO suite
     for quantum simulation of materials; please cite
         "P. Giannozzi et al., J. Phys.:Condens. Matter 21 395502 (2009);
         "P. Giannozzi et al., J. Phys.:Condens. Matter 29 465901 (2017);
         "P. Giannozzi et al., J. Chem. Phys. 152 154105 (2020);
          URL http://www.quantum-espresso.org", 
     in publications or presentations arising from this work. More details at
     http://www.quantum-espresso.org/quote

     Parallel version (MPI & OpenMP), running on      32 processor cores
     Number of MPI processes:                 1
     Threads/MPI process:                    32

     MPI processes distributed on     1 nodes
     82316 MiB available memory on the printing compute node when the environment starts
 
     Reading input from espresso_26230.pwi
Warning: card &CELL ignored
Warning: card / ignored

     Current dimensions of program PWSCF are:
     Max number of different atomic species (ntypx) = 10
     Max number of k-points (npk) =  40000
     Max angular momentum in pseudopotentials (lmaxx) =  4
     file Cd.pbe-dn-rrkjus_psl.0.3.1.UPF: wavefunction(s)  4D renormalized

     gamma-point specific algorithms are used
     Message from routine setup:
     using ibrav=0 with symmetry is DISCOURAGED, use correct ibrav instead

     Subspace diagonalization in iterative solution of the eigenvalue problem:
     a serial algorithm will be used

 
     G-vector sticks info
     --------------------
     sticks:   dense  smooth     PW     G-vecs:    dense   smooth      PW
     Sum        1303     661    163                31283    11113    1411
 
     Using Slab Decomposition
 


     bravais-lattice index     =            0
     lattice parameter (alat)  =       8.9172  a.u.
     unit-cell volume          =     501.3865 (a.u.)^3
     number of atoms/cell      =            4
     number of atomic types    =            3
     number of electrons       =        59.00
     number of Kohn-Sham states=           36
     kinetic-energy cutoff     =      30.0000  Ry
     charge density cutoff     =     240.0000  Ry
     scf convergence threshold =      1.0E-06
     mixing beta               =       0.7000
     number of iterations used =            8  plain     mixing
     Exchange-correlation=  SLA  PW   PBX  PBC
                           (   1   4   3   4   0   0   0)

     celldm(1)=   8.917214  celldm(2)=   0.000000  celldm(3)=   0.000000
     celldm(4)=   0.000000  celldm(5)=   0.000000  celldm(6)=   0.000000

     crystal axes: (cart. coord. in units of alat)
               a(1) = (   1.000000   0.000000   0.000000 )  
               a(2) = (   0.500000   0.866025   0.000000 )  
               a(3) = (   0.500000   0.288675   0.816497 )  

     reciprocal axes: (cart. coord. in units 2 pi/alat)
               b(1) = (  1.000000 -0.577350 -0.408248 )  
               b(2) = (  0.000000  1.154701 -0.408248 )  
               b(3) = (  0.000000  0.000000  1.224745 )  


     PseudoPot. # 1 for Cd read from file:
     /home/pragov/projects/rrg-bengioy-ad/pragov/crystal_structure_design/SSSP/Cd.pbe-dn-rrkjus_psl.0.3.1.UPF
     MD5 check sum: 558e9f355611b531a870a69ef6ace9e2
     Pseudo is Ultrasoft + core correction, Zval = 12.0
     Generated using "atomic" code by A. Dal Corso  v.5.0.99 svn rev. 10869
     Using radial grid of 1239 points,  6 beta functions with: 
                l(1) =   0
                l(2) =   0
                l(3) =   1
                l(4) =   1
                l(5) =   2
                l(6) =   2
     Q(r) pseudized with 0 coefficients 


     PseudoPot. # 2 for Ag read from file:
     /home/pragov/projects/rrg-bengioy-ad/pragov/crystal_structure_design/SSSP/Ag_ONCV_PBE-1.0.oncvpsp.upf
     MD5 check sum: 94f47bd0669c641108e45594df92fabc
     Pseudo is Norm-conserving, Zval = 19.0
     Generated using ONCVPSP code by D. R. Hamann
     Using radial grid of 1398 points,  6 beta functions with: 
                l(1) =   0
                l(2) =   0
                l(3) =   1
                l(4) =   1
                l(5) =   2
                l(6) =   2

     PseudoPot. # 3 for Pt read from file:
     /home/pragov/projects/rrg-bengioy-ad/pragov/crystal_structure_design/SSSP/pt_pbe_v1.4.uspp.F.UPF
     MD5 check sum: f09d6de1a584b5a045c4fc126da2d0c4
     Pseudo is Ultrasoft + core correction, Zval = 16.0
     Generated by new atomic code, or converted to UPF format
     Using radial grid of  985 points,  6 beta functions with: 
                l(1) =   0
                l(2) =   0
                l(3) =   1
                l(4) =   1
                l(5) =   2
                l(6) =   2
     Q(r) pseudized with  8 coefficients,  rinner =    1.300   1.300   1.300
                                                       1.300   1.300

     atomic species   valence    mass     pseudopotential
        Cd            12.00   112.41400     Cd( 1.00)
        Ag            19.00   107.86820     Ag( 1.00)
        Pt            16.00   195.08400     Pt( 1.00)

     12 Sym. Ops., with inversion, found


                                    s                        frac. trans.

      isym =  1     identity                                     

 cryst.   s( 1) = (     1          0          0      )
                  (     0          1          0      )
                  (     0          0          1      )

 cart.    s( 1) = (  1.0000000  0.0000000  0.0000000 )
                  (  0.0000000  1.0000000  0.0000000 )
                  (  0.0000000  0.0000000  1.0000000 )


      isym =  2     180 deg rotation - cart. axis [1,0,0]        

 cryst.   s( 2) = (     1          0          0      )
                  (     1         -1          0      )
                  (     1          0         -1      )

 cart.    s( 2) = (  1.0000000  0.0000000  0.0000000 )
                  (  0.0000000 -1.0000000 -0.0000000 )
                  (  0.0000000  0.0000000 -1.0000000 )


      isym =  3     120 deg rotation - cryst. axis [0,0,1]       

 cryst.   s( 3) = (    -1          1          0      )
                  (    -1          0          0      )
                  (    -1          0          1      )

 cart.    s( 3) = ( -0.5000000 -0.8660254  0.0000000 )
                  (  0.8660254 -0.5000000  0.0000000 )
                  (  0.0000000  0.0000000  1.0000000 )


      isym =  4     120 deg rotation - cryst. axis [0,0,-1]      

 cryst.   s( 4) = (     0         -1          0      )
                  (     1         -1          0      )
                  (     0         -1          1      )

 cart.    s( 4) = ( -0.5000000  0.8660254 -0.0000000 )
                  ( -0.8660254 -0.5000000  0.0000000 )
                  (  0.0000000  0.0000000  1.0000000 )


      isym =  5     180 deg rotation - cryst. axis [0,1,0]       

 cryst.   s( 5) = (     0         -1          0      )
                  (    -1          0          0      )
                  (     0          0         -1      )

 cart.    s( 5) = ( -0.5000000 -0.8660254  0.0000000 )
                  ( -0.8660254  0.5000000 -0.0000000 )
                  (  0.0000000  0.0000000 -1.0000000 )


      isym =  6     180 deg rotation - cryst. axis [1,1,0]       

 cryst.   s( 6) = (    -1          1          0      )
                  (     0          1          0      )
                  (     0          1         -1      )

 cart.    s( 6) = ( -0.5000000  0.8660254 -0.0000000 )
                  (  0.8660254  0.5000000 -0.0000000 )
                  (  0.0000000  0.0000000 -1.0000000 )


      isym =  7     inversion                                    

 cryst.   s( 7) = (    -1          0          0      )
                  (     0         -1          0      )
                  (     0          0         -1      )

 cart.    s( 7) = ( -1.0000000  0.0000000  0.0000000 )
                  (  0.0000000 -1.0000000 -0.0000000 )
                  (  0.0000000  0.0000000 -1.0000000 )


      isym =  8     inv. 180 deg rotation - cart. axis [1,0,0]   

 cryst.   s( 8) = (    -1          0          0      )
                  (    -1          1          0      )
                  (    -1          0          1      )

 cart.    s( 8) = ( -1.0000000  0.0000000 -0.0000000 )
                  (  0.0000000  1.0000000  0.0000000 )
                  (  0.0000000  0.0000000  1.0000000 )


      isym =  9     inv. 120 deg rotation - cryst. axis [0,0,1]  

 cryst.   s( 9) = (     1         -1          0      )
                  (     1          0          0      )
                  (     1          0         -1      )

 cart.    s( 9) = (  0.5000000  0.8660254 -0.0000000 )
                  ( -0.8660254  0.5000000 -0.0000000 )
                  (  0.0000000  0.0000000 -1.0000000 )


      isym = 10     inv. 120 deg rotation - cryst. axis [0,0,-1] 

 cryst.   s(10) = (     0          1          0      )
                  (    -1          1          0      )
                  (     0          1         -1      )

 cart.    s(10) = (  0.5000000 -0.8660254  0.0000000 )
                  (  0.8660254  0.5000000 -0.0000000 )
                  (  0.0000000  0.0000000 -1.0000000 )


      isym = 11     inv. 180 deg rotation - cryst. axis [0,1,0]  

 cryst.   s(11) = (     0          1          0      )
                  (     1          0          0      )
                  (     0          0          1      )

 cart.    s(11) = (  0.5000000  0.8660254 -0.0000000 )
                  (  0.8660254 -0.5000000  0.0000000 )
                  (  0.0000000  0.0000000  1.0000000 )


      isym = 12     inv. 180 deg rotation - cryst. axis [1,1,0]  

 cryst.   s(12) = (     1         -1          0      )
                  (     0         -1          0      )
                  (     0         -1          1      )

 cart.    s(12) = (  0.5000000 -0.8660254  0.0000000 )
                  ( -0.8660254 -0.5000000  0.0000000 )
                  (  0.0000000  0.0000000  1.0000000 )


   Cartesian axes

     site n.     atom                  positions (alat units)
         1           Cd  tau(   1) = (   1.5000000   0.8660254   0.6123724  )
         2           Cd  tau(   2) = (   0.5000000   0.2886751   0.2041241  )
         3           Ag  tau(   3) = (   1.0000000   0.5773503   0.4082483  )
         4           Pt  tau(   4) = (   0.0000000   0.0000000   0.0000000  )

   Crystallographic axes

     site n.     atom                  positions (cryst. coord.)
         1           Cd  tau(   1) = (  0.7500000  0.7500000  0.7500000  )
         2           Cd  tau(   2) = (  0.2500000  0.2500000  0.2500000  )
         3           Ag  tau(   3) = (  0.5000000  0.5000000  0.5000000  )
         4           Pt  tau(   4) = (  0.0000000  0.0000000  0.0000000  )

     number of k points=     1  Methfessel-Paxton smearing, width (Ry)=  0.0010
                       cart. coord. in units 2pi/alat
        k(    1) = (   0.0000000   0.0000000   0.0000000), wk =   2.0000000

                       cryst. coord.
        k(    1) = (   0.0000000   0.0000000   0.0000000), wk =   2.0000000

     Dense  grid:    15642 G-vectors     FFT dimensions: (  45,  45,  45)

     Smooth grid:     5557 G-vectors     FFT dimensions: (  32,  32,  32)

     Dynamical RAM for                 wfc:       0.38 MB

     Dynamical RAM for     wfc (w. buffer):       0.38 MB

     Dynamical RAM for           str. fact:       0.72 MB

     Dynamical RAM for           local pot:       0.00 MB

     Dynamical RAM for          nlocal pot:       0.76 MB

     Dynamical RAM for                qrad:       3.73 MB

     Dynamical RAM for          rho,v,vnew:       2.80 MB

     Dynamical RAM for               rhoin:       0.93 MB

     Dynamical RAM for            rho*nmix:       3.82 MB

     Dynamical RAM for           G-vectors:       0.94 MB

     Dynamical RAM for          h,s,v(r/c):       0.12 MB

     Dynamical RAM for          <psi|beta>:       0.02 MB

     Dynamical RAM for                 psi:       0.76 MB

     Dynamical RAM for                hpsi:       0.76 MB

     Dynamical RAM for                spsi:       0.76 MB

     Dynamical RAM for      wfcinit/wfcrot:       0.89 MB

     Dynamical RAM for           addusdens:      44.87 MB

     Dynamical RAM for          addusforce:      45.48 MB

     Dynamical RAM for         addusstress:      47.97 MB

     Estimated static dynamical RAM per process >      14.70 MB

     Estimated max dynamical RAM per process >      66.49 MB

     Initial potential from superposition of free atoms

     starting charge      58.4899, renormalised to      59.0000

     negative rho (up, down):  1.875E-01 0.000E+00
     Starting wfcs are   40 randomized atomic wfcs

     total cpu time spent up to now is        6.9 secs

     Self-consistent Calculation

     iteration #  1     ecut=    30.00 Ry     beta= 0.70
     Davidson diagonalization with overlap

---- Real-time Memory Report at c_bands before calling an iterative solver
           282 MiB given to the printing process from OS
             0 MiB allocation reported by mallinfo(arena+hblkhd)
         82246 MiB available memory on the node where the printing process lives
------------------
     ethr =  1.00E-02,  avg # of iterations =  3.0

     Threshold (ethr) on eigenvalues was too large:
     Diagonalizing with lowered threshold

     Davidson diagonalization with overlap

---- Real-time Memory Report at c_bands before calling an iterative solver
           424 MiB given to the printing process from OS
             0 MiB allocation reported by mallinfo(arena+hblkhd)
         82074 MiB available memory on the node where the printing process lives
------------------
     ethr =  9.60E-04,  avg # of iterations =  1.0

     negative rho (up, down):  1.720E-01 0.000E+00

     total cpu time spent up to now is        8.0 secs

     total energy              =    -741.07355711 Ry
     estimated scf accuracy    <       0.59638981 Ry

     iteration #  2     ecut=    30.00 Ry     beta= 0.70
     Davidson diagonalization with overlap

---- Real-time Memory Report at c_bands before calling an iterative solver
           437 MiB given to the printing process from OS
             0 MiB allocation reported by mallinfo(arena+hblkhd)
         82061 MiB available memory on the node where the printing process lives
------------------
     ethr =  1.01E-03,  avg # of iterations =  3.0

     negative rho (up, down):  1.728E-01 0.000E+00

     total cpu time spent up to now is        8.4 secs

     total energy              =    -741.08608636 Ry
     estimated scf accuracy    <       1.89542369 Ry

     iteration #  3     ecut=    30.00 Ry     beta= 0.70
     Davidson diagonalization with overlap

---- Real-time Memory Report at c_bands before calling an iterative solver
           440 MiB given to the printing process from OS
             0 MiB allocation reported by mallinfo(arena+hblkhd)
         81983 MiB available memory on the node where the printing process lives
------------------
     ethr =  1.01E-03,  avg # of iterations =  3.0

     negative rho (up, down):  1.733E-01 0.000E+00

     total cpu time spent up to now is        9.1 secs

     total energy              =    -741.41647725 Ry
     estimated scf accuracy    <       0.01453196 Ry

     iteration #  4     ecut=    30.00 Ry     beta= 0.70
     Davidson diagonalization with overlap

---- Real-time Memory Report at c_bands before calling an iterative solver
           440 MiB given to the printing process from OS
             0 MiB allocation reported by mallinfo(arena+hblkhd)
         81803 MiB available memory on the node where the printing process lives
------------------
     ethr =  2.46E-05,  avg # of iterations = 13.0

     negative rho (up, down):  1.735E-01 0.000E+00

     total cpu time spent up to now is        9.6 secs

     total energy              =    -741.42090693 Ry
     estimated scf accuracy    <       0.00309511 Ry

     iteration #  5     ecut=    30.00 Ry     beta= 0.70
     Davidson diagonalization with overlap

---- Real-time Memory Report at c_bands before calling an iterative solver
           446 MiB given to the printing process from OS
             0 MiB allocation reported by mallinfo(arena+hblkhd)
         81797 MiB available memory on the node where the printing process lives
------------------
     ethr =  5.25E-06,  avg # of iterations =  2.0

     negative rho (up, down):  1.737E-01 0.000E+00

     total cpu time spent up to now is       10.0 secs

     total energy              =    -741.42153483 Ry
     estimated scf accuracy    <       0.00050604 Ry

     iteration #  6     ecut=    30.00 Ry     beta= 0.70
     Davidson diagonalization with overlap

---- Real-time Memory Report at c_bands before calling an iterative solver
           446 MiB given to the printing process from OS
             0 MiB allocation reported by mallinfo(arena+hblkhd)
         81739 MiB available memory on the node where the printing process lives
------------------
     ethr =  8.58E-07,  avg # of iterations =  9.0

     negative rho (up, down):  1.738E-01 0.000E+00

     total cpu time spent up to now is       10.4 secs

     total energy              =    -741.42166677 Ry
     estimated scf accuracy    <       0.00001859 Ry

     iteration #  7     ecut=    30.00 Ry     beta= 0.70
     Davidson diagonalization with overlap

---- Real-time Memory Report at c_bands before calling an iterative solver
           447 MiB given to the printing process from OS
             0 MiB allocation reported by mallinfo(arena+hblkhd)
         81350 MiB available memory on the node where the printing process lives
------------------
     ethr =  3.15E-08,  avg # of iterations =  5.0

     negative rho (up, down):  1.739E-01 0.000E+00

     total cpu time spent up to now is       10.5 secs

     total energy              =    -741.42167250 Ry
     estimated scf accuracy    <       0.00001144 Ry

     iteration #  8     ecut=    30.00 Ry     beta= 0.70
     Davidson diagonalization with overlap

---- Real-time Memory Report at c_bands before calling an iterative solver
           447 MiB given to the printing process from OS
             0 MiB allocation reported by mallinfo(arena+hblkhd)
         81623 MiB available memory on the node where the printing process lives
------------------
     ethr =  1.94E-08,  avg # of iterations =  2.0

     negative rho (up, down):  1.738E-01 0.000E+00

     total cpu time spent up to now is       10.7 secs

     End of self-consistent calculation

          k = 0.0000 0.0000 0.0000 (   706 PWs)   bands (ev):

   -78.3156 -41.4255 -41.4254 -41.4254 -36.6586 -36.6585 -36.6584   6.3795
     6.4167   6.4167   6.6905   6.6905   6.6905   7.1616   7.1616   7.1616
     7.6285   7.6286   9.7918   9.7918   9.7918  10.3404  10.3404  12.6750
    12.6751  12.6751  13.4088  13.4089  17.8114  18.9043  19.6695  19.6695
    19.6695  20.5262  20.5262  20.5262

     occupation numbers 
     1.0000   1.0000   1.0000   1.0000   1.0000   1.0000   1.0000   1.0000
     1.0000   1.0000   1.0000   1.0000   1.0000   1.0000   1.0000   1.0000
     1.0000   1.0000   1.0000   1.0000   1.0000   1.0000   1.0000   1.0000
     1.0000   1.0000   1.0000   1.0000   1.0000   0.5000  -0.0000  -0.0000
    -0.0000  -0.0000  -0.0000  -0.0000

     the Fermi energy is    18.9043 ev

!    total energy              =    -741.42167398 Ry
     estimated scf accuracy    <       0.00000049 Ry
     smearing contrib. (-TS)   =      -0.00028209 Ry
     internal energy E=F+TS    =    -741.42139188 Ry

     The total energy is F=E-TS. E is the sum of the following terms:
     one-electron contribution =    -213.17871176 Ry
     hartree contribution      =     155.05173176 Ry
     xc contribution           =    -170.00976928 Ry
     ewald contribution        =    -513.28464261 Ry

     convergence has been achieved in   8 iterations

     negative rho (up, down):  1.738E-01 0.000E+00

     Forces acting on atoms (cartesian axes, Ry/au):

     atom    1 type  1   force =    -0.00000000    0.00000000   -0.00013334
     atom    2 type  1   force =     0.00000000    0.00000000    0.00013334
     atom    3 type  2   force =     0.00000000    0.00000000   -0.00000000
     atom    4 type  3   force =     0.00000000    0.00000000    0.00000000
     The non-local contrib.  to forces
     atom    1 type  1   force =     0.00000000    0.00000000   -0.00010500
     atom    2 type  1   force =     0.00000000    0.00000000    0.00010500
     atom    3 type  2   force =     0.00000000    0.00000000    0.00000000
     atom    4 type  3   force =     0.00000000    0.00000000    0.00000000
     The ionic contribution  to forces
     atom    1 type  1   force =     0.00000000   -0.00000000    0.00000000
     atom    2 type  1   force =     0.00000000    0.00000000   -0.00000000
     atom    3 type  2   force =     0.00000000   -0.00000000    0.00000000
     atom    4 type  3   force =    -0.00000000    0.00000000   -0.00000000
     The local contribution  to forces
     atom    1 type  1   force =     0.00031336    0.00023234    0.00029544
     atom    2 type  1   force =     0.00007477    0.00039250    0.00005473
     atom    3 type  2   force =    -0.00110048   -0.00078087   -0.00085815
     atom    4 type  3   force =    -0.00041609   -0.00175150   -0.00049900
     The core correction contribution to forces
     atom    1 type  1   force =     0.00000774    0.00000254    0.00000621
     atom    2 type  1   force =     0.00000085    0.00000744   -0.00000061
     atom    3 type  2   force =     0.00000000    0.00000000    0.00000000
     atom    4 type  3   force =    -0.00001545   -0.00003947   -0.00001715
     The Hubbard contrib.    to forces
     atom    1 type  1   force =     0.00000000    0.00000000    0.00000000
     atom    2 type  1   force =     0.00000000    0.00000000    0.00000000
     atom    3 type  2   force =     0.00000000    0.00000000    0.00000000
     atom    4 type  3   force =     0.00000000    0.00000000    0.00000000
     The SCF correction term to forces
     atom    1 type  1   force =    -0.00035431   -0.00032985   -0.00034128
     atom    2 type  1   force =    -0.00012205   -0.00046033   -0.00003706
     atom    3 type  2   force =     0.00125296    0.00083883    0.00099861
     atom    4 type  3   force =     0.00038376    0.00167950    0.00046812

     Total force =     0.000189     Total SCF correction =     0.002653
     SCF correction compared to forces is large: reduce conv_thr to get better values


     Computing stress (Cartesian axis) and pressure


     negative rho (up, down):  1.738E-01 0.000E+00
          total   stress  (Ry/bohr**3)                   (kbar)     P=     -134.97
  -0.00091755  -0.00000000  -0.00000000         -134.98       -0.00       -0.00
   0.00000000  -0.00091755   0.00000000            0.00     -134.98        0.00
   0.00000000   0.00000000  -0.00091742            0.00        0.00     -134.96

     kinetic stress (kbar)  45391.70     -0.00     -0.00
                               -0.00  45391.70     -0.00
                               -0.00     -0.00  45391.69

     local   stress (kbar)   3740.80     -0.00      0.03
                               -0.00   3740.89      0.00
                                0.03      0.00   3740.83

     nonloc. stress (kbar)  -4716.71     -0.00     -0.00
                                0.00  -4716.71      0.00
                                0.00      0.00  -4716.69

     hartree stress (kbar)  15163.89     -0.01     -0.01
                               -0.01  15163.86      0.00
                               -0.01      0.00  15163.90

     exc-cor stress (kbar)  16892.09      0.00     -0.00
                                0.00  16892.09     -0.00
                               -0.00     -0.00  16892.09

     corecor stress (kbar) -26408.12     -0.00      0.00
                               -0.00 -26408.12      0.00
                                0.00      0.00 -26408.12

     ewald   stress (kbar) -50198.65     -0.00      0.00
                               -0.00 -50198.65     -0.00
                                0.00     -0.00 -50198.65

     hubbard stress (kbar)      0.00      0.00      0.00
                                0.00      0.00      0.00
                                0.00      0.00      0.00

     DFT-D   stress (kbar)      0.00      0.00      0.00
                                0.00      0.00      0.00
                                0.00      0.00      0.00

     XDM     stress (kbar)      0.00      0.00      0.00
                                0.00      0.00      0.00
                                0.00      0.00      0.00

     dft-nl  stress (kbar)      0.00      0.00      0.00
                                0.00      0.00      0.00
                                0.00      0.00      0.00

     TS-vdW  stress (kbar)      0.00      0.00      0.00
                                0.00      0.00      0.00
                                0.00      0.00      0.00


                                0.00      0.00      0.00
                                0.00      0.00      0.00


                                0.00      0.00      0.00


     Writing all to output data dir new_calculations/myprefix.save/
 
     init_run     :    122.60s CPU      6.70s WALL (       1 calls)
     electrons    :    102.29s CPU      3.80s WALL (       1 calls)
     forces       :      1.29s CPU      0.04s WALL (       1 calls)
     stress       :      3.36s CPU      0.11s WALL (       1 calls)

     Called by init_run:
     wfcinit      :     33.55s CPU      1.55s WALL (       1 calls)
     wfcinit:atom :      0.02s CPU      0.00s WALL (       1 calls)
     wfcinit:wfcr :     33.40s CPU      1.54s WALL (       1 calls)
     potinit      :     20.73s CPU      1.02s WALL (       1 calls)
     hinit0       :     66.11s CPU      4.01s WALL (       1 calls)

     Called by electrons:
     c_bands      :     47.36s CPU      1.78s WALL (       9 calls)
     sum_band     :     33.51s CPU      1.25s WALL (       9 calls)
     v_of_rho     :      4.08s CPU      0.16s WALL (       9 calls)
     v_h          :      0.29s CPU      0.01s WALL (       9 calls)
     v_xc         :      4.21s CPU      0.16s WALL (      11 calls)
     newd         :     17.58s CPU      0.67s WALL (       9 calls)
     mix_rho      :      0.63s CPU      0.02s WALL (       9 calls)

     Called by c_bands:
     init_us_2    :      0.24s CPU      0.01s WALL (      19 calls)
     init_us_2:cp :      0.21s CPU      0.01s WALL (      19 calls)
     regterg      :     46.81s CPU      1.76s WALL (       9 calls)

     Called by sum_band:
     sum_band:wei :      0.02s CPU      0.00s WALL (       9 calls)
     sum_band:loo :      6.93s CPU      0.26s WALL (       9 calls)
     sum_band:buf :      0.01s CPU      0.00s WALL (       9 calls)
     sum_band:ini :      0.06s CPU      0.00s WALL (       9 calls)
     sum_band:cal :      0.50s CPU      0.02s WALL (       9 calls)
     sum_band:bec :      0.06s CPU      0.00s WALL (       9 calls)
     addusdens    :     26.07s CPU      0.97s WALL (       9 calls)
     addusd:skk   :      0.08s CPU      0.00s WALL (      18 calls)
     addusd:dgemm :      1.00s CPU      0.05s WALL (      18 calls)
     addusd:qvan2 :     24.73s CPU      0.90s WALL (      18 calls)

     Called by *egterg:
     rdiaghg      :      2.91s CPU      0.11s WALL (      49 calls)
     regterg:over :      5.73s CPU      0.21s WALL (      41 calls)
     regterg:upda :      0.28s CPU      0.01s WALL (      41 calls)
     regterg:last :      0.24s CPU      0.01s WALL (      18 calls)
     h_psi        :     66.90s CPU      2.79s WALL (      51 calls)
     s_psi        :      0.17s CPU      0.01s WALL (      51 calls)
     g_psi        :      0.13s CPU      0.00s WALL (      41 calls)

     Called by h_psi:
     h_psi:calbec :      5.23s CPU      0.20s WALL (      51 calls)
     vloc_psi     :     61.16s CPU      2.57s WALL (      51 calls)
     add_vuspsi   :      0.19s CPU      0.01s WALL (      51 calls)

     General routines
     calbec       :      5.66s CPU      0.22s WALL (      65 calls)
     fft          :     59.34s CPU      3.12s WALL (     118 calls)
     ffts         :     20.22s CPU      0.99s WALL (      18 calls)
     fftw         :     64.39s CPU      2.69s WALL (    1066 calls)
     interpolate  :     20.40s CPU      1.00s WALL (       9 calls)
 
     Parallel routines
 
     PWSCF        :   3m55.20s CPU     11.26s WALL

 
   This run was terminated on:  23:39:29  20May2023            

=------------------------------------------------------------------------------=
   JOB DONE.
=------------------------------------------------------------------------------=
