
     Program PWSCF v.7.0 starts on 20May2023 at 18:17:46 

     This program is part of the open-source Quantum ESPRESSO suite
     for quantum simulation of materials; please cite
         "P. Giannozzi et al., J. Phys.:Condens. Matter 21 395502 (2009);
         "P. Giannozzi et al., J. Phys.:Condens. Matter 29 465901 (2017);
         "P. Giannozzi et al., J. Chem. Phys. 152 154105 (2020);
          URL http://www.quantum-espresso.org", 
     in publications or presentations arising from this work. More details at
     http://www.quantum-espresso.org/quote

     Parallel version (MPI & OpenMP), running on      32 processor cores
     Number of MPI processes:                 1
     Threads/MPI process:                    32

     MPI processes distributed on     1 nodes
     139992 MiB available memory on the printing compute node when the environment starts
 
     Reading input from espresso_1590.pwi
Warning: card &CELL ignored
Warning: card / ignored

     Current dimensions of program PWSCF are:
     Max number of different atomic species (ntypx) = 10
     Max number of k-points (npk) =  40000
     Max angular momentum in pseudopotentials (lmaxx) =  4

     gamma-point specific algorithms are used
     Message from routine setup:
     using ibrav=0 with symmetry is DISCOURAGED, use correct ibrav instead

     Subspace diagonalization in iterative solution of the eigenvalue problem:
     a serial algorithm will be used

 
     G-vector sticks info
     --------------------
     sticks:   dense  smooth     PW     G-vecs:    dense   smooth      PW
     Sum         931     463    121                18763     6615     869
 
     Using Slab Decomposition
 


     bravais-lattice index     =            0
     lattice parameter (alat)  =       7.4994  a.u.
     unit-cell volume          =     298.2431 (a.u.)^3
     number of atoms/cell      =            4
     number of atomic types    =            3
     number of electrons       =        43.00
     number of Kohn-Sham states=           26
     kinetic-energy cutoff     =      30.0000  Ry
     charge density cutoff     =     240.0000  Ry
     scf convergence threshold =      1.0E-06
     mixing beta               =       0.7000
     number of iterations used =            8  plain     mixing
     Exchange-correlation= PBE
                           (   1   4   3   4   0   0   0)

     celldm(1)=   7.499434  celldm(2)=   0.000000  celldm(3)=   0.000000
     celldm(4)=   0.000000  celldm(5)=   0.000000  celldm(6)=   0.000000

     crystal axes: (cart. coord. in units of alat)
               a(1) = (   1.000000   0.000000   0.000000 )  
               a(2) = (   0.500000   0.866025   0.000000 )  
               a(3) = (   0.500000   0.288675   0.816497 )  

     reciprocal axes: (cart. coord. in units 2 pi/alat)
               b(1) = (  1.000000 -0.577350 -0.408248 )  
               b(2) = (  0.000000  1.154701 -0.408248 )  
               b(3) = (  0.000000  0.000000  1.224745 )  


     PseudoPot. # 1 for Be read from file:
     /home/pragov/projects/rrg-bengioy-ad/pragov/crystal_structure_design/SSSP/be_pbe_v1.4.uspp.F.UPF
     MD5 check sum: 5ecff1440924c7c98ad504bef30f5264
     Pseudo is Ultrasoft, Zval =  4.0
     Generated by new atomic code, or converted to UPF format
     Using radial grid of  769 points,  6 beta functions with: 
                l(1) =   0
                l(2) =   0
                l(3) =   0
                l(4) =   1
                l(5) =   1
                l(6) =   2
     Q(r) pseudized with 10 coefficients,  rinner =    1.000   1.000   1.000
                                                       1.000   1.000

     PseudoPot. # 2 for Pd read from file:
     /home/pragov/projects/rrg-bengioy-ad/pragov/crystal_structure_design/SSSP/Pd_ONCV_PBE-1.0.oncvpsp.upf
     MD5 check sum: eb77f42b51d86fb18e25f68156a31cf1
     Pseudo is Norm-conserving, Zval = 18.0
     Generated using ONCVPSP code by D. R. Hamann
     Using radial grid of 1410 points,  6 beta functions with: 
                l(1) =   0
                l(2) =   0
                l(3) =   1
                l(4) =   1
                l(5) =   2
                l(6) =   2

     PseudoPot. # 3 for Rh read from file:
     /home/pragov/projects/rrg-bengioy-ad/pragov/crystal_structure_design/SSSP/Rh_ONCV_PBE-1.0.oncvpsp.upf
     MD5 check sum: ba07c69523b14cacd10683cd4c4284c1
     Pseudo is Norm-conserving, Zval = 17.0
     Generated using ONCVPSP code by D. R. Hamann
     Using radial grid of 1442 points,  6 beta functions with: 
                l(1) =   0
                l(2) =   0
                l(3) =   1
                l(4) =   1
                l(5) =   2
                l(6) =   2

     atomic species   valence    mass     pseudopotential
        Be             4.00     9.01218     Be( 1.00)
        Pd            18.00   106.42000     Pd( 1.00)
        Rh            17.00   102.90550     Rh( 1.00)

     12 Sym. Ops., with inversion, found


                                    s                        frac. trans.

      isym =  1     identity                                     

 cryst.   s( 1) = (     1          0          0      )
                  (     0          1          0      )
                  (     0          0          1      )

 cart.    s( 1) = (  1.0000000  0.0000000  0.0000000 )
                  (  0.0000000  1.0000000  0.0000000 )
                  (  0.0000000  0.0000000  1.0000000 )


      isym =  2     180 deg rotation - cart. axis [1,0,0]        

 cryst.   s( 2) = (     1          0          0      )
                  (     1         -1          0      )
                  (     1          0         -1      )

 cart.    s( 2) = (  1.0000000  0.0000000  0.0000000 )
                  (  0.0000000 -1.0000000 -0.0000000 )
                  (  0.0000000  0.0000000 -1.0000000 )


      isym =  3     120 deg rotation - cryst. axis [0,0,1]       

 cryst.   s( 3) = (    -1          1          0      )
                  (    -1          0          0      )
                  (    -1          0          1      )

 cart.    s( 3) = ( -0.5000000 -0.8660254 -0.0000000 )
                  (  0.8660254 -0.5000000 -0.0000000 )
                  (  0.0000000  0.0000000  1.0000000 )


      isym =  4     120 deg rotation - cryst. axis [0,0,-1]      

 cryst.   s( 4) = (     0         -1          0      )
                  (     1         -1          0      )
                  (     0         -1          1      )

 cart.    s( 4) = ( -0.5000000  0.8660254  0.0000000 )
                  ( -0.8660254 -0.5000000 -0.0000000 )
                  (  0.0000000  0.0000000  1.0000000 )


      isym =  5     180 deg rotation - cryst. axis [0,1,0]       

 cryst.   s( 5) = (     0         -1          0      )
                  (    -1          0          0      )
                  (     0          0         -1      )

 cart.    s( 5) = ( -0.5000000 -0.8660254 -0.0000000 )
                  ( -0.8660254  0.5000000  0.0000000 )
                  (  0.0000000  0.0000000 -1.0000000 )


      isym =  6     180 deg rotation - cryst. axis [1,1,0]       

 cryst.   s( 6) = (    -1          1          0      )
                  (     0          1          0      )
                  (     0          1         -1      )

 cart.    s( 6) = ( -0.5000000  0.8660254  0.0000000 )
                  (  0.8660254  0.5000000  0.0000000 )
                  (  0.0000000  0.0000000 -1.0000000 )


      isym =  7     inversion                                    

 cryst.   s( 7) = (    -1          0          0      )
                  (     0         -1          0      )
                  (     0          0         -1      )

 cart.    s( 7) = ( -1.0000000  0.0000000  0.0000000 )
                  (  0.0000000 -1.0000000 -0.0000000 )
                  (  0.0000000  0.0000000 -1.0000000 )


      isym =  8     inv. 180 deg rotation - cart. axis [1,0,0]   

 cryst.   s( 8) = (    -1          0          0      )
                  (    -1          1          0      )
                  (    -1          0          1      )

 cart.    s( 8) = ( -1.0000000  0.0000000  0.0000000 )
                  (  0.0000000  1.0000000  0.0000000 )
                  (  0.0000000  0.0000000  1.0000000 )


      isym =  9     inv. 120 deg rotation - cryst. axis [0,0,1]  

 cryst.   s( 9) = (     1         -1          0      )
                  (     1          0          0      )
                  (     1          0         -1      )

 cart.    s( 9) = (  0.5000000  0.8660254  0.0000000 )
                  ( -0.8660254  0.5000000  0.0000000 )
                  (  0.0000000  0.0000000 -1.0000000 )


      isym = 10     inv. 120 deg rotation - cryst. axis [0,0,-1] 

 cryst.   s(10) = (     0          1          0      )
                  (    -1          1          0      )
                  (     0          1         -1      )

 cart.    s(10) = (  0.5000000 -0.8660254 -0.0000000 )
                  (  0.8660254  0.5000000  0.0000000 )
                  (  0.0000000  0.0000000 -1.0000000 )


      isym = 11     inv. 180 deg rotation - cryst. axis [0,1,0]  

 cryst.   s(11) = (     0          1          0      )
                  (     1          0          0      )
                  (     0          0          1      )

 cart.    s(11) = (  0.5000000  0.8660254  0.0000000 )
                  (  0.8660254 -0.5000000 -0.0000000 )
                  (  0.0000000  0.0000000  1.0000000 )


      isym = 12     inv. 180 deg rotation - cryst. axis [1,1,0]  

 cryst.   s(12) = (     1         -1          0      )
                  (     0         -1          0      )
                  (     0         -1          1      )

 cart.    s(12) = (  0.5000000 -0.8660254 -0.0000000 )
                  ( -0.8660254 -0.5000000 -0.0000000 )
                  (  0.0000000  0.0000000  1.0000000 )


   Cartesian axes

     site n.     atom                  positions (alat units)
         1           Be  tau(   1) = (   1.5000000   0.8660254   0.6123724  )
         2           Be  tau(   2) = (   0.5000000   0.2886751   0.2041241  )
         3           Pd  tau(   3) = (   1.0000000   0.5773503   0.4082483  )
         4           Rh  tau(   4) = (   0.0000000   0.0000000   0.0000000  )

   Crystallographic axes

     site n.     atom                  positions (cryst. coord.)
         1           Be  tau(   1) = (  0.7500000  0.7500000  0.7500000  )
         2           Be  tau(   2) = (  0.2500000  0.2500000  0.2500000  )
         3           Pd  tau(   3) = (  0.5000000  0.5000000  0.5000000  )
         4           Rh  tau(   4) = (  0.0000000  0.0000000  0.0000000  )

     number of k points=     1  Methfessel-Paxton smearing, width (Ry)=  0.0010
                       cart. coord. in units 2pi/alat
        k(    1) = (   0.0000000   0.0000000   0.0000000), wk =   2.0000000

                       cryst. coord.
        k(    1) = (   0.0000000   0.0000000   0.0000000), wk =   2.0000000

     Dense  grid:     9382 G-vectors     FFT dimensions: (  40,  40,  40)

     Smooth grid:     3308 G-vectors     FFT dimensions: (  27,  27,  27)

     Dynamical RAM for                 wfc:       0.16 MB

     Dynamical RAM for     wfc (w. buffer):       0.16 MB

     Dynamical RAM for           str. fact:       0.43 MB

     Dynamical RAM for           local pot:       0.00 MB

     Dynamical RAM for          nlocal pot:       0.40 MB

     Dynamical RAM for                qrad:       3.73 MB

     Dynamical RAM for          rho,v,vnew:       1.89 MB

     Dynamical RAM for               rhoin:       0.63 MB

     Dynamical RAM for            rho*nmix:       2.29 MB

     Dynamical RAM for           G-vectors:       0.56 MB

     Dynamical RAM for          h,s,v(r/c):       0.06 MB

     Dynamical RAM for          <psi|beta>:       0.01 MB

     Dynamical RAM for                 psi:       0.33 MB

     Dynamical RAM for                hpsi:       0.33 MB

     Dynamical RAM for                spsi:       0.33 MB

     Dynamical RAM for      wfcinit/wfcrot:       0.40 MB

     Dynamical RAM for           addusdens:      17.47 MB

     Dynamical RAM for          addusforce:      17.83 MB

     Dynamical RAM for         addusstress:      19.33 MB

     Estimated static dynamical RAM per process >      10.83 MB

     Estimated max dynamical RAM per process >      32.45 MB

     Initial potential from superposition of free atoms

     starting charge      42.9989, renormalised to      43.0000
     Starting wfcs are   30 randomized atomic wfcs

     total cpu time spent up to now is        4.8 secs

     Self-consistent Calculation

     iteration #  1     ecut=    30.00 Ry     beta= 0.70
     Davidson diagonalization with overlap

---- Real-time Memory Report at c_bands before calling an iterative solver
           244 MiB given to the printing process from OS
             0 MiB allocation reported by mallinfo(arena+hblkhd)
        139930 MiB available memory on the node where the printing process lives
------------------
     ethr =  1.00E-02,  avg # of iterations =  2.0

     Threshold (ethr) on eigenvalues was too large:
     Diagonalizing with lowered threshold

     Davidson diagonalization with overlap

---- Real-time Memory Report at c_bands before calling an iterative solver
           266 MiB given to the printing process from OS
             0 MiB allocation reported by mallinfo(arena+hblkhd)
        139916 MiB available memory on the node where the printing process lives
------------------
     ethr =  9.67E-04,  avg # of iterations =  1.0

     total cpu time spent up to now is        5.9 secs

     total energy              =    -525.80659815 Ry
     estimated scf accuracy    <       0.40097108 Ry

     iteration #  2     ecut=    30.00 Ry     beta= 0.70
     Davidson diagonalization with overlap

---- Real-time Memory Report at c_bands before calling an iterative solver
           272 MiB given to the printing process from OS
             0 MiB allocation reported by mallinfo(arena+hblkhd)
        139910 MiB available memory on the node where the printing process lives
------------------
     ethr =  9.32E-04,  avg # of iterations =  3.0

     total cpu time spent up to now is        7.1 secs

     total energy              =    -525.81098514 Ry
     estimated scf accuracy    <       0.70275550 Ry

     iteration #  3     ecut=    30.00 Ry     beta= 0.70
     Davidson diagonalization with overlap

---- Real-time Memory Report at c_bands before calling an iterative solver
           272 MiB given to the printing process from OS
             0 MiB allocation reported by mallinfo(arena+hblkhd)
        139911 MiB available memory on the node where the printing process lives
------------------
     ethr =  9.32E-04,  avg # of iterations =  3.0

     total cpu time spent up to now is        7.8 secs

     total energy              =    -525.95813322 Ry
     estimated scf accuracy    <       0.10865364 Ry

     iteration #  4     ecut=    30.00 Ry     beta= 0.70
     Davidson diagonalization with overlap

---- Real-time Memory Report at c_bands before calling an iterative solver
           272 MiB given to the printing process from OS
             0 MiB allocation reported by mallinfo(arena+hblkhd)
        139910 MiB available memory on the node where the printing process lives
------------------
     ethr =  2.53E-04,  avg # of iterations =  6.0

     total cpu time spent up to now is        8.6 secs

     total energy              =    -525.97643632 Ry
     estimated scf accuracy    <       0.00224297 Ry

     iteration #  5     ecut=    30.00 Ry     beta= 0.70
     Davidson diagonalization with overlap

---- Real-time Memory Report at c_bands before calling an iterative solver
           272 MiB given to the printing process from OS
             0 MiB allocation reported by mallinfo(arena+hblkhd)
        139911 MiB available memory on the node where the printing process lives
------------------
     ethr =  5.22E-06,  avg # of iterations =  6.0

     total cpu time spent up to now is        9.9 secs

     total energy              =    -525.97682733 Ry
     estimated scf accuracy    <       0.00042466 Ry

     iteration #  6     ecut=    30.00 Ry     beta= 0.70
     Davidson diagonalization with overlap

---- Real-time Memory Report at c_bands before calling an iterative solver
           272 MiB given to the printing process from OS
             0 MiB allocation reported by mallinfo(arena+hblkhd)
        139913 MiB available memory on the node where the printing process lives
------------------
     ethr =  9.88E-07,  avg # of iterations =  2.0

     total cpu time spent up to now is       10.5 secs

     total energy              =    -525.97686178 Ry
     estimated scf accuracy    <       0.00004266 Ry

     iteration #  7     ecut=    30.00 Ry     beta= 0.70
     Davidson diagonalization with overlap

---- Real-time Memory Report at c_bands before calling an iterative solver
           273 MiB given to the printing process from OS
             0 MiB allocation reported by mallinfo(arena+hblkhd)
        139914 MiB available memory on the node where the printing process lives
------------------
     ethr =  9.92E-08,  avg # of iterations =  4.0

     total cpu time spent up to now is       11.1 secs

     total energy              =    -525.97687589 Ry
     estimated scf accuracy    <       0.00000630 Ry

     iteration #  8     ecut=    30.00 Ry     beta= 0.70
     Davidson diagonalization with overlap

---- Real-time Memory Report at c_bands before calling an iterative solver
           273 MiB given to the printing process from OS
             0 MiB allocation reported by mallinfo(arena+hblkhd)
        139913 MiB available memory on the node where the printing process lives
------------------
     ethr =  1.46E-08,  avg # of iterations =  2.0

     total cpu time spent up to now is       11.9 secs

     total energy              =    -525.97687509 Ry
     estimated scf accuracy    <       0.00000281 Ry

     iteration #  9     ecut=    30.00 Ry     beta= 0.70
     Davidson diagonalization with overlap

---- Real-time Memory Report at c_bands before calling an iterative solver
           273 MiB given to the printing process from OS
             0 MiB allocation reported by mallinfo(arena+hblkhd)
        139914 MiB available memory on the node where the printing process lives
------------------
     ethr =  6.53E-09,  avg # of iterations =  3.0

     total cpu time spent up to now is       12.5 secs

     End of self-consistent calculation

          k = 0.0000 0.0000 0.0000 (   435 PWs)   bands (ev):

   -82.4785 -82.4726 -66.7698 -58.9311 -32.4055 -32.4055 -32.4054 -26.9350
   -26.9350 -26.9349   8.1058  12.0533  12.0533  12.0533  13.3801  13.3801
    17.3773  17.3774  17.3774  18.8922  18.8922  22.1898  22.9925  22.9925
    22.9925  24.0012

     occupation numbers 
     1.0000   1.0000   1.0000   1.0000   1.0000   1.0000   1.0000   1.0000
     1.0000   1.0000   1.0000   1.0000   1.0000   1.0000   1.0000   1.0000
     1.0000   1.0000   1.0000   1.0000   1.0000   0.5000  -0.0000  -0.0000
    -0.0000  -0.0000

     the Fermi energy is    22.1898 ev

!    total energy              =    -525.97687573 Ry
     estimated scf accuracy    <       0.00000014 Ry
     smearing contrib. (-TS)   =      -0.00028209 Ry
     internal energy E=F+TS    =    -525.97659363 Ry

     The total energy is F=E-TS. E is the sum of the following terms:
     one-electron contribution =    -193.40429209 Ry
     hartree contribution      =     112.46769248 Ry
     xc contribution           =     -57.69458755 Ry
     ewald contribution        =    -387.34540647 Ry

     convergence has been achieved in   9 iterations

     Forces acting on atoms (cartesian axes, Ry/au):

     atom    1 type  1   force =     0.00000000    0.00000000    0.00002394
     atom    2 type  1   force =     0.00000000    0.00000000   -0.00002394
     atom    3 type  2   force =     0.00000000    0.00000000   -0.00000000
     atom    4 type  3   force =     0.00000000    0.00000000    0.00000000
     The non-local contrib.  to forces
     atom    1 type  1   force =     0.00000000    0.00000000    0.00004297
     atom    2 type  1   force =     0.00000000    0.00000000   -0.00004297
     atom    3 type  2   force =     0.00000000    0.00000000   -0.00000000
     atom    4 type  3   force =    -0.00000000    0.00000000   -0.00000000
     The ionic contribution  to forces
     atom    1 type  1   force =     0.00000000    0.00000000    0.00000000
     atom    2 type  1   force =    -0.00000000   -0.00000000   -0.00000000
     atom    3 type  2   force =     0.00000000   -0.00000000    0.00000000
     atom    4 type  3   force =    -0.00000000    0.00000000   -0.00000000
     The local contribution  to forces
     atom    1 type  1   force =     0.00004050   -0.00005180   -0.00005360
     atom    2 type  1   force =    -0.00003161    0.00004565    0.00005308
     atom    3 type  2   force =     0.00001786    0.00007174   -0.00006239
     atom    4 type  3   force =    -0.00006780   -0.00005190    0.00009717
     The core correction contribution to forces
     atom    1 type  1   force =     0.00000000    0.00000000    0.00000000
     atom    2 type  1   force =     0.00000000    0.00000000    0.00000000
     atom    3 type  2   force =     0.00000000    0.00000000    0.00000000
     atom    4 type  3   force =     0.00000000    0.00000000    0.00000000
     The Hubbard contrib.    to forces
     atom    1 type  1   force =     0.00000000    0.00000000    0.00000000
     atom    2 type  1   force =     0.00000000    0.00000000    0.00000000
     atom    3 type  2   force =     0.00000000    0.00000000    0.00000000
     atom    4 type  3   force =     0.00000000    0.00000000    0.00000000
     The SCF correction term to forces
     atom    1 type  1   force =    -0.00004944    0.00003528    0.00003313
     atom    2 type  1   force =     0.00004185   -0.00003180   -0.00003549
     atom    3 type  2   force =    -0.00001786   -0.00008825    0.00007436
     atom    4 type  3   force =     0.00007539    0.00006273   -0.00010534

     Total force =     0.000034     Total SCF correction =     0.000208
     SCF correction compared to forces is large: reduce conv_thr to get better values


     Computing stress (Cartesian axis) and pressure

          total   stress  (Ry/bohr**3)                   (kbar)     P=      -91.03
  -0.00061869   0.00000000   0.00000000          -91.01        0.00        0.00
   0.00000000  -0.00061869  -0.00000000            0.00      -91.01       -0.00
   0.00000000  -0.00000000  -0.00061910            0.00       -0.00      -91.07

     kinetic stress (kbar)  54340.18     -0.00      0.00
                               -0.00  54340.18      0.00
                                0.00      0.00  54340.16

     local   stress (kbar)  -6786.57      0.07      0.05
                                0.07  -6786.61      0.02
                                0.05      0.02  -6786.66

     nonloc. stress (kbar)   6546.45      0.00      0.00
                                0.00   6546.45      0.00
                                0.00      0.00   6546.45

     hartree stress (kbar)  18491.12     -0.04     -0.03
                               -0.04  18491.15     -0.01
                               -0.03     -0.01  18491.17

     exc-cor stress (kbar)  -8997.60     -0.00     -0.00
                               -0.00  -8997.60     -0.00
                               -0.00     -0.00  -8997.59

     corecor stress (kbar)      0.00      0.00      0.00
                                0.00      0.00      0.00
                                0.00      0.00      0.00

     ewald   stress (kbar) -63684.60     -0.00      0.00
                               -0.00 -63684.60      0.00
                                0.00      0.00 -63684.60

     hubbard stress (kbar)      0.00      0.00      0.00
                                0.00      0.00      0.00
                                0.00      0.00      0.00

     DFT-D   stress (kbar)      0.00      0.00      0.00
                                0.00      0.00      0.00
                                0.00      0.00      0.00

     XDM     stress (kbar)      0.00      0.00      0.00
                                0.00      0.00      0.00
                                0.00      0.00      0.00

     dft-nl  stress (kbar)      0.00      0.00      0.00
                                0.00      0.00      0.00
                                0.00      0.00      0.00

     TS-vdW  stress (kbar)      0.00      0.00      0.00
                                0.00      0.00      0.00
                                0.00      0.00      0.00


                                0.00      0.00      0.00
                                0.00      0.00      0.00


                                0.00      0.00      0.00


     Writing all to output data dir new_calculations/myprefix.save/
