
     Program PWSCF v.7.0 starts on 21May2023 at  6:45:33 

     This program is part of the open-source Quantum ESPRESSO suite
     for quantum simulation of materials; please cite
         "P. Giannozzi et al., J. Phys.:Condens. Matter 21 395502 (2009);
         "P. Giannozzi et al., J. Phys.:Condens. Matter 29 465901 (2017);
         "P. Giannozzi et al., J. Chem. Phys. 152 154105 (2020);
          URL http://www.quantum-espresso.org", 
     in publications or presentations arising from this work. More details at
     http://www.quantum-espresso.org/quote

     Parallel version (MPI & OpenMP), running on      32 processor cores
     Number of MPI processes:                 1
     Threads/MPI process:                    32

     MPI processes distributed on     1 nodes
     94160 MiB available memory on the printing compute node when the environment starts
 
     Reading input from espresso_11915.pwi
Warning: card &CELL ignored
Warning: card / ignored

     Current dimensions of program PWSCF are:
     Max number of different atomic species (ntypx) = 10
     Max number of k-points (npk) =  40000
     Max angular momentum in pseudopotentials (lmaxx) =  4
     file Al.pbe-n-kjpaw_psl.1.0.0.UPF: wavefunction(s)  3S 3P renormalized

     gamma-point specific algorithms are used
     Message from routine setup:
     using ibrav=0 with symmetry is DISCOURAGED, use correct ibrav instead

     Subspace diagonalization in iterative solution of the eigenvalue problem:
     a serial algorithm will be used

 
     G-vector sticks info
     --------------------
     sticks:   dense  smooth     PW     G-vecs:    dense   smooth      PW
     Sum        1039     511    121                22219     7799     941
 
     Using Slab Decomposition
 


     bravais-lattice index     =            0
     lattice parameter (alat)  =       7.9388  a.u.
     unit-cell volume          =     353.7878 (a.u.)^3
     number of atoms/cell      =            4
     number of atomic types    =            3
     number of electrons       =        40.00
     number of Kohn-Sham states=           24
     kinetic-energy cutoff     =      30.0000  Ry
     charge density cutoff     =     240.0000  Ry
     scf convergence threshold =      1.0E-06
     mixing beta               =       0.7000
     number of iterations used =            8  plain     mixing
     Exchange-correlation= PBE
                           (   1   4   3   4   0   0   0)

     celldm(1)=   7.938759  celldm(2)=   0.000000  celldm(3)=   0.000000
     celldm(4)=   0.000000  celldm(5)=   0.000000  celldm(6)=   0.000000

     crystal axes: (cart. coord. in units of alat)
               a(1) = (   1.000000   0.000000   0.000000 )  
               a(2) = (   0.500000   0.866025   0.000000 )  
               a(3) = (   0.500000   0.288675   0.816497 )  

     reciprocal axes: (cart. coord. in units 2 pi/alat)
               b(1) = (  1.000000 -0.577350 -0.408248 )  
               b(2) = (  0.000000  1.154701 -0.408248 )  
               b(3) = (  0.000000  0.000000  1.224745 )  


     PseudoPot. # 1 for Li read from file:
     /home/pragov/projects/rrg-bengioy-ad/pragov/crystal_structure_design/SSSP/li_pbe_v1.4.uspp.F.UPF
     MD5 check sum: e912e257baa3777c20ea3d68f190483c
     Pseudo is Ultrasoft, Zval =  3.0
     Generated by new atomic code, or converted to UPF format
     Using radial grid of  751 points,  5 beta functions with: 
                l(1) =   0
                l(2) =   0
                l(3) =   0
                l(4) =   1
                l(5) =   1
     Q(r) pseudized with 10 coefficients,  rinner =    1.150   1.150   1.150


     PseudoPot. # 2 for Al read from file:
     /home/pragov/projects/rrg-bengioy-ad/pragov/crystal_structure_design/SSSP/Al.pbe-n-kjpaw_psl.1.0.0.UPF
     MD5 check sum: cfc449ca30b5f3223ec38ddd88ac046d
     Pseudo is Projector augmented-wave + core cor, Zval =  3.0
     Generated using "atomic" code by A. Dal Corso  v.5.1
     Shape of augmentation charge: PSQ
     Using radial grid of 1135 points,  6 beta functions with: 
                l(1) =   0
                l(2) =   0
                l(3) =   1
                l(4) =   1
                l(5) =   2
                l(6) =   2
     Q(r) pseudized with 0 coefficients 


     PseudoPot. # 3 for Rh read from file:
     /home/pragov/projects/rrg-bengioy-ad/pragov/crystal_structure_design/SSSP/Rh_ONCV_PBE-1.0.oncvpsp.upf
     MD5 check sum: ba07c69523b14cacd10683cd4c4284c1
     Pseudo is Norm-conserving, Zval = 17.0
     Generated using ONCVPSP code by D. R. Hamann
     Using radial grid of 1442 points,  6 beta functions with: 
                l(1) =   0
                l(2) =   0
                l(3) =   1
                l(4) =   1
                l(5) =   2
                l(6) =   2

     atomic species   valence    mass     pseudopotential
        Li             3.00     6.94000     Li( 1.00)
        Al             3.00    26.98154     Al( 1.00)
        Rh            17.00   102.90550     Rh( 1.00)

     12 Sym. Ops., with inversion, found


                                    s                        frac. trans.

      isym =  1     identity                                     

 cryst.   s( 1) = (     1          0          0      )
                  (     0          1          0      )
                  (     0          0          1      )

 cart.    s( 1) = (  1.0000000  0.0000000  0.0000000 )
                  (  0.0000000  1.0000000 -0.0000000 )
                  (  0.0000000  0.0000000  1.0000000 )


      isym =  2     180 deg rotation - cart. axis [1,0,0]        

 cryst.   s( 2) = (     1          0          0      )
                  (     1         -1          0      )
                  (     1          0         -1      )

 cart.    s( 2) = (  1.0000000  0.0000000  0.0000000 )
                  (  0.0000000 -1.0000000  0.0000000 )
                  (  0.0000000  0.0000000 -1.0000000 )


      isym =  3     120 deg rotation - cryst. axis [0,0,1]       

 cryst.   s( 3) = (    -1          1          0      )
                  (    -1          0          0      )
                  (    -1          0          1      )

 cart.    s( 3) = ( -0.5000000 -0.8660254  0.0000000 )
                  (  0.8660254 -0.5000000  0.0000000 )
                  (  0.0000000  0.0000000  1.0000000 )


      isym =  4     120 deg rotation - cryst. axis [0,0,-1]      

 cryst.   s( 4) = (     0         -1          0      )
                  (     1         -1          0      )
                  (     0         -1          1      )

 cart.    s( 4) = ( -0.5000000  0.8660254 -0.0000000 )
                  ( -0.8660254 -0.5000000  0.0000000 )
                  (  0.0000000  0.0000000  1.0000000 )


      isym =  5     180 deg rotation - cryst. axis [0,1,0]       

 cryst.   s( 5) = (     0         -1          0      )
                  (    -1          0          0      )
                  (     0          0         -1      )

 cart.    s( 5) = ( -0.5000000 -0.8660254  0.0000000 )
                  ( -0.8660254  0.5000000 -0.0000000 )
                  (  0.0000000  0.0000000 -1.0000000 )


      isym =  6     180 deg rotation - cryst. axis [1,1,0]       

 cryst.   s( 6) = (    -1          1          0      )
                  (     0          1          0      )
                  (     0          1         -1      )

 cart.    s( 6) = ( -0.5000000  0.8660254 -0.0000000 )
                  (  0.8660254  0.5000000 -0.0000000 )
                  (  0.0000000  0.0000000 -1.0000000 )


      isym =  7     inversion                                    

 cryst.   s( 7) = (    -1          0          0      )
                  (     0         -1          0      )
                  (     0          0         -1      )

 cart.    s( 7) = ( -1.0000000  0.0000000  0.0000000 )
                  (  0.0000000 -1.0000000  0.0000000 )
                  (  0.0000000  0.0000000 -1.0000000 )


      isym =  8     inv. 180 deg rotation - cart. axis [1,0,0]   

 cryst.   s( 8) = (    -1          0          0      )
                  (    -1          1          0      )
                  (    -1          0          1      )

 cart.    s( 8) = ( -1.0000000  0.0000000  0.0000000 )
                  (  0.0000000  1.0000000 -0.0000000 )
                  (  0.0000000  0.0000000  1.0000000 )


      isym =  9     inv. 120 deg rotation - cryst. axis [0,0,1]  

 cryst.   s( 9) = (     1         -1          0      )
                  (     1          0          0      )
                  (     1          0         -1      )

 cart.    s( 9) = (  0.5000000  0.8660254 -0.0000000 )
                  ( -0.8660254  0.5000000 -0.0000000 )
                  (  0.0000000  0.0000000 -1.0000000 )


      isym = 10     inv. 120 deg rotation - cryst. axis [0,0,-1] 

 cryst.   s(10) = (     0          1          0      )
                  (    -1          1          0      )
                  (     0          1         -1      )

 cart.    s(10) = (  0.5000000 -0.8660254  0.0000000 )
                  (  0.8660254  0.5000000 -0.0000000 )
                  (  0.0000000  0.0000000 -1.0000000 )


      isym = 11     inv. 180 deg rotation - cryst. axis [0,1,0]  

 cryst.   s(11) = (     0          1          0      )
                  (     1          0          0      )
                  (     0          0          1      )

 cart.    s(11) = (  0.5000000  0.8660254 -0.0000000 )
                  (  0.8660254 -0.5000000  0.0000000 )
                  (  0.0000000  0.0000000  1.0000000 )


      isym = 12     inv. 180 deg rotation - cryst. axis [1,1,0]  

 cryst.   s(12) = (     1         -1          0      )
                  (     0         -1          0      )
                  (     0         -1          1      )

 cart.    s(12) = (  0.5000000 -0.8660254  0.0000000 )
                  ( -0.8660254 -0.5000000  0.0000000 )
                  (  0.0000000  0.0000000  1.0000000 )


   Cartesian axes

     site n.     atom                  positions (alat units)
         1           Li  tau(   1) = (   0.0000000   0.0000000   0.0000000  )
         2           Al  tau(   2) = (   1.0000000   0.5773503   0.4082483  )
         3           Rh  tau(   3) = (   0.5000000   0.2886751   0.2041241  )
         4           Rh  tau(   4) = (   1.5000000   0.8660254   0.6123724  )

   Crystallographic axes

     site n.     atom                  positions (cryst. coord.)
         1           Li  tau(   1) = (  0.0000000  0.0000000  0.0000000  )
         2           Al  tau(   2) = (  0.5000000  0.5000000  0.5000000  )
         3           Rh  tau(   3) = (  0.2500000  0.2500000  0.2500000  )
         4           Rh  tau(   4) = (  0.7500000  0.7500000  0.7500000  )

     number of k points=     1  Methfessel-Paxton smearing, width (Ry)=  0.0010
                       cart. coord. in units 2pi/alat
        k(    1) = (   0.0000000   0.0000000   0.0000000), wk =   2.0000000

                       cryst. coord.
        k(    1) = (   0.0000000   0.0000000   0.0000000), wk =   2.0000000

     Dense  grid:    11110 G-vectors     FFT dimensions: (  40,  40,  40)

     Smooth grid:     3900 G-vectors     FFT dimensions: (  27,  27,  27)

     Dynamical RAM for                 wfc:       0.18 MB

     Dynamical RAM for     wfc (w. buffer):       0.18 MB

     Dynamical RAM for           str. fact:       0.51 MB

     Dynamical RAM for           local pot:       0.00 MB

     Dynamical RAM for          nlocal pot:       0.47 MB

     Dynamical RAM for                qrad:       3.73 MB

     Dynamical RAM for          rho,v,vnew:       1.97 MB

     Dynamical RAM for               rhoin:       0.66 MB

     Dynamical RAM for            rho*nmix:       2.71 MB

     Dynamical RAM for           G-vectors:       0.67 MB

     Dynamical RAM for          h,s,v(r/c):       0.05 MB

     Dynamical RAM for          <psi|beta>:       0.01 MB

     Dynamical RAM for                 psi:       0.36 MB

     Dynamical RAM for                hpsi:       0.36 MB

     Dynamical RAM for                spsi:       0.36 MB

     Dynamical RAM for      wfcinit/wfcrot:       0.45 MB

     Dynamical RAM for           addusdens:      31.70 MB

     Dynamical RAM for          addusforce:      31.79 MB

     Dynamical RAM for         addusstress:      34.07 MB

     Estimated static dynamical RAM per process >      11.31 MB

     Estimated max dynamical RAM per process >      48.10 MB

     Initial potential from superposition of free atoms

     starting charge      39.5461, renormalised to      40.0000
     Starting wfcs are   29 randomized atomic wfcs
     Checking if some PAW data can be deallocated... 

     total cpu time spent up to now is        2.0 secs

     Self-consistent Calculation

     iteration #  1     ecut=    30.00 Ry     beta= 0.70
     Davidson diagonalization with overlap

---- Real-time Memory Report at c_bands before calling an iterative solver
           305 MiB given to the printing process from OS
             0 MiB allocation reported by mallinfo(arena+hblkhd)
         94063 MiB available memory on the node where the printing process lives
------------------
     ethr =  1.00E-02,  avg # of iterations =  2.0

     total cpu time spent up to now is        2.2 secs

     total energy              =    -487.48352282 Ry
     estimated scf accuracy    <       0.55170024 Ry

     iteration #  2     ecut=    30.00 Ry     beta= 0.70
     Davidson diagonalization with overlap

---- Real-time Memory Report at c_bands before calling an iterative solver
           326 MiB given to the printing process from OS
             0 MiB allocation reported by mallinfo(arena+hblkhd)
         94045 MiB available memory on the node where the printing process lives
------------------
     ethr =  1.38E-03,  avg # of iterations =  3.0

     total cpu time spent up to now is        2.4 secs

     total energy              =    -487.63680186 Ry
     estimated scf accuracy    <       0.50587905 Ry

     iteration #  3     ecut=    30.00 Ry     beta= 0.70
     Davidson diagonalization with overlap

---- Real-time Memory Report at c_bands before calling an iterative solver
           335 MiB given to the printing process from OS
             0 MiB allocation reported by mallinfo(arena+hblkhd)
         94031 MiB available memory on the node where the printing process lives
------------------
     ethr =  1.26E-03,  avg # of iterations =  2.0

     total cpu time spent up to now is        2.6 secs

     total energy              =    -487.73047333 Ry
     estimated scf accuracy    <       0.00410916 Ry

     iteration #  4     ecut=    30.00 Ry     beta= 0.70
     Davidson diagonalization with overlap

---- Real-time Memory Report at c_bands before calling an iterative solver
           335 MiB given to the printing process from OS
             0 MiB allocation reported by mallinfo(arena+hblkhd)
         94032 MiB available memory on the node where the printing process lives
------------------
     ethr =  1.03E-05,  avg # of iterations = 11.0

     total cpu time spent up to now is        2.9 secs

     total energy              =    -487.73517987 Ry
     estimated scf accuracy    <       0.00508379 Ry

     iteration #  5     ecut=    30.00 Ry     beta= 0.70
     Davidson diagonalization with overlap

---- Real-time Memory Report at c_bands before calling an iterative solver
           335 MiB given to the printing process from OS
             0 MiB allocation reported by mallinfo(arena+hblkhd)
         94032 MiB available memory on the node where the printing process lives
------------------
     ethr =  1.03E-05,  avg # of iterations =  2.0

     total cpu time spent up to now is        3.1 secs

     total energy              =    -487.73544968 Ry
     estimated scf accuracy    <       0.00044283 Ry

     iteration #  6     ecut=    30.00 Ry     beta= 0.70
     Davidson diagonalization with overlap

---- Real-time Memory Report at c_bands before calling an iterative solver
           335 MiB given to the printing process from OS
             0 MiB allocation reported by mallinfo(arena+hblkhd)
         94032 MiB available memory on the node where the printing process lives
------------------
     ethr =  1.11E-06,  avg # of iterations =  4.0

     total cpu time spent up to now is        3.3 secs

     total energy              =    -487.73562072 Ry
     estimated scf accuracy    <       0.00007123 Ry

     iteration #  7     ecut=    30.00 Ry     beta= 0.70
     Davidson diagonalization with overlap

---- Real-time Memory Report at c_bands before calling an iterative solver
           336 MiB given to the printing process from OS
             0 MiB allocation reported by mallinfo(arena+hblkhd)
         94032 MiB available memory on the node where the printing process lives
------------------
     ethr =  1.78E-07,  avg # of iterations =  2.0

     total cpu time spent up to now is        3.4 secs

     total energy              =    -487.73562039 Ry
     estimated scf accuracy    <       0.00001577 Ry

     iteration #  8     ecut=    30.00 Ry     beta= 0.70
     Davidson diagonalization with overlap

---- Real-time Memory Report at c_bands before calling an iterative solver
           336 MiB given to the printing process from OS
             0 MiB allocation reported by mallinfo(arena+hblkhd)
         94032 MiB available memory on the node where the printing process lives
------------------
     ethr =  3.94E-08,  avg # of iterations =  3.0

     total cpu time spent up to now is        3.6 secs

     End of self-consistent calculation

          k = 0.0000 0.0000 0.0000 (   471 PWs)   bands (ev):

   -60.5180 -60.4840 -31.1938 -28.5950 -28.5950 -28.5948 -28.4666 -28.4665
   -28.4664   6.7062  11.4050  11.4050  11.4051  12.5720  12.5721  16.0626
    16.0627  16.0627  17.4650  17.4651  20.3585  20.3586  20.3586  21.4004

     occupation numbers 
     1.0000   1.0000   1.0000   1.0000   1.0000   1.0000   1.0000   1.0000
     1.0000   1.0000   1.0000   1.0000   1.0000   1.0000   1.0000   1.0000
     1.0000   1.0000   1.0000   1.0000  -0.0000  -0.0000  -0.0000  -0.0000

     the Fermi energy is    18.9680 ev

!    total energy              =    -487.73562267 Ry
     estimated scf accuracy    <       0.00000062 Ry
     smearing contrib. (-TS)   =       0.00000000 Ry
     internal energy E=F+TS    =    -487.73562267 Ry

     The total energy is F=E-TS. E is the sum of the following terms:
     one-electron contribution =    -183.29003822 Ry
     hartree contribution      =     111.55063028 Ry
     xc contribution           =     -50.94643063 Ry
     ewald contribution        =    -330.38345962 Ry
     one-center paw contrib.   =     -34.66632448 Ry
      -> PAW hartree energy AE =       1.51648363 Ry
      -> PAW hartree energy PS =      -1.51240922 Ry
      -> PAW xc energy AE      =     -36.62583905 Ry
      -> PAW xc energy PS      =       1.95544016 Ry
      -> total E_H with PAW    =     111.55470469 Ry
      -> total E_XC with PAW   =     -85.61682952 Ry

     convergence has been achieved in   8 iterations

     Forces acting on atoms (cartesian axes, Ry/au):

     atom    1 type  1   force =     0.00000000    0.00000000    0.00000000
     atom    2 type  2   force =     0.00000000    0.00000000    0.00000000
     atom    3 type  3   force =     0.00000000   -0.00000000    0.00005295
     atom    4 type  3   force =    -0.00000000   -0.00000000   -0.00005295
     The non-local contrib.  to forces
     atom    1 type  1   force =     0.00000000    0.00000000    0.00000000
     atom    2 type  2   force =     0.00000000    0.00000000    0.00000000
     atom    3 type  3   force =     0.00000000    0.00000000    0.00007212
     atom    4 type  3   force =     0.00000000    0.00000000   -0.00007212
     The ionic contribution  to forces
     atom    1 type  1   force =    -0.00000000   -0.00000000   -0.00000000
     atom    2 type  2   force =    -0.00000000   -0.00000000   -0.00000000
     atom    3 type  3   force =     0.00000000    0.00000000    0.00000000
     atom    4 type  3   force =     0.00000000    0.00000000   -0.00000000
     The local contribution  to forces
     atom    1 type  1   force =     0.00001261   -0.00000115    0.00001488
     atom    2 type  2   force =     0.00001086    0.00002322    0.00002767
     atom    3 type  3   force =    -0.00138019   -0.00008571    0.00020926
     atom    4 type  3   force =     0.00090107    0.00006723   -0.00084632
     The core correction contribution to forces
     atom    1 type  1   force =     0.00000000    0.00000000    0.00000000
     atom    2 type  2   force =     0.00000118    0.00000228    0.00000110
     atom    3 type  3   force =     0.00000000    0.00000000    0.00000000
     atom    4 type  3   force =     0.00000000    0.00000000    0.00000000
     The Hubbard contrib.    to forces
     atom    1 type  1   force =     0.00000000    0.00000000    0.00000000
     atom    2 type  2   force =     0.00000000    0.00000000    0.00000000
     atom    3 type  3   force =     0.00000000    0.00000000    0.00000000
     atom    4 type  3   force =     0.00000000    0.00000000    0.00000000
     The SCF correction term to forces
     atom    1 type  1   force =    -0.00000846   -0.00002581   -0.00001219
     atom    2 type  2   force =    -0.00000912   -0.00000059   -0.00000918
     atom    3 type  3   force =     0.00145079    0.00009433   -0.00024628
     atom    4 type  3   force =    -0.00089856   -0.00004616    0.00084763

     Total force =     0.000075     Total SCF correction =     0.001924
     SCF correction compared to forces is large: reduce conv_thr to get better values


     Computing stress (Cartesian axis) and pressure

          total   stress  (Ry/bohr**3)                   (kbar)     P=       89.71
   0.00060969  -0.00000000   0.00000000           89.69       -0.00        0.00
   0.00000000   0.00060969  -0.00000000            0.00       89.69       -0.00
   0.00000000  -0.00000000   0.00061010            0.00       -0.00       89.75

     kinetic stress (kbar)  41142.51      0.00      0.00
                                0.00  41142.51     -0.00
                                0.00     -0.00  41142.55

     local   stress (kbar)  -9138.75      0.11     -0.09
                                0.11  -9138.94     -0.06
                               -0.09     -0.06  -9138.84

     nonloc. stress (kbar)   5006.72      0.00      0.00
                                0.00   5006.72      0.00
                               -0.00      0.00   5006.72

     hartree stress (kbar)  15460.89      0.01      0.01
                                0.01  15460.95      0.02
                                0.01      0.02  15460.94

     exc-cor stress (kbar)  -6186.20     -0.00     -0.00
                               -0.00  -6186.20      0.00
                               -0.00      0.00  -6186.20

     corecor stress (kbar)   -404.24      0.00     -0.00
                                0.00   -404.24     -0.00
                               -0.00     -0.00   -404.24

     ewald   stress (kbar) -45791.18      0.00     -0.00
                                0.00 -45791.18     -0.00
                               -0.00     -0.00 -45791.18

     hubbard stress (kbar)      0.00      0.00      0.00
                                0.00      0.00      0.00
                                0.00      0.00      0.00

     DFT-D   stress (kbar)      0.00      0.00      0.00
                                0.00      0.00      0.00
                                0.00      0.00      0.00

     XDM     stress (kbar)      0.00      0.00      0.00
                                0.00      0.00      0.00
                                0.00      0.00      0.00

     dft-nl  stress (kbar)      0.00      0.00      0.00
                                0.00      0.00      0.00
                                0.00      0.00      0.00

     TS-vdW  stress (kbar)      0.00      0.00      0.00
                                0.00      0.00      0.00
                                0.00      0.00      0.00


                                0.00      0.00      0.00
                                0.00      0.00      0.00


                                0.00      0.00      0.00


     Writing all to output data dir new_calculations/myprefix.save/
 
     init_run     :     47.43s CPU      1.79s WALL (       1 calls)
     electrons    :     51.72s CPU      1.67s WALL (       1 calls)
     forces       :      0.75s CPU      0.02s WALL (       1 calls)
     stress       :      1.80s CPU      0.06s WALL (       1 calls)

     Called by init_run:
     wfcinit      :      8.16s CPU      0.26s WALL (       1 calls)
     wfcinit:atom :      0.01s CPU      0.00s WALL (       1 calls)
     wfcinit:wfcr :      8.09s CPU      0.26s WALL (       1 calls)
     potinit      :     10.36s CPU      0.34s WALL (       1 calls)
     hinit0       :     26.43s CPU      1.09s WALL (       1 calls)

     Called by electrons:
     c_bands      :     22.49s CPU      0.71s WALL (       8 calls)
     sum_band     :      7.88s CPU      0.25s WALL (       8 calls)
     v_of_rho     :      1.67s CPU      0.06s WALL (       9 calls)
     v_h          :      0.16s CPU      0.01s WALL (       9 calls)
     v_xc         :      1.76s CPU      0.06s WALL (      11 calls)
     newd         :      4.17s CPU      0.14s WALL (       9 calls)
     PAW_pot      :     16.35s CPU      0.55s WALL (       9 calls)
     mix_rho      :      0.36s CPU      0.01s WALL (       8 calls)

     Called by c_bands:
     init_us_2    :      0.13s CPU      0.01s WALL (      17 calls)
     init_us_2:cp :      0.10s CPU      0.00s WALL (      17 calls)
     regterg      :     22.00s CPU      0.69s WALL (       8 calls)

     Called by sum_band:
     sum_band:wei :      0.01s CPU      0.00s WALL (       8 calls)
     sum_band:loo :      3.44s CPU      0.11s WALL (       8 calls)
     sum_band:buf :      0.00s CPU      0.00s WALL (       8 calls)
     sum_band:ini :      0.07s CPU      0.00s WALL (       8 calls)
     sum_band:cal :      0.02s CPU      0.00s WALL (       8 calls)
     sum_band:bec :      0.01s CPU      0.00s WALL (       8 calls)
     addusdens    :      4.17s CPU      0.13s WALL (       8 calls)
     addusd:skk   :      0.02s CPU      0.00s WALL (      16 calls)
     addusd:dgemm :      0.91s CPU      0.03s WALL (      16 calls)
     addusd:qvan2 :      3.01s CPU      0.09s WALL (      16 calls)

     Called by *egterg:
     rdiaghg      :      0.85s CPU      0.03s WALL (      37 calls)
     regterg:over :      0.05s CPU      0.00s WALL (      29 calls)
     regterg:upda :      0.08s CPU      0.00s WALL (      29 calls)
     regterg:last :      0.12s CPU      0.00s WALL (      19 calls)
     h_psi        :     28.48s CPU      0.90s WALL (      38 calls)
     s_psi        :      0.04s CPU      0.00s WALL (      38 calls)
     g_psi        :      0.02s CPU      0.00s WALL (      29 calls)

     Called by h_psi:
     h_psi:calbec :      0.14s CPU      0.00s WALL (      38 calls)
     vloc_psi     :     28.10s CPU      0.89s WALL (      38 calls)
     add_vuspsi   :      0.07s CPU      0.00s WALL (      38 calls)

     General routines
     calbec       :      0.11s CPU      0.00s WALL (      51 calls)
     fft          :     15.72s CPU      0.52s WALL (     117 calls)
     ffts         :      7.81s CPU      0.26s WALL (      17 calls)
     fftw         :     29.57s CPU      0.93s WALL (     680 calls)
     interpolate  :      7.95s CPU      0.26s WALL (       9 calls)
 
     Parallel routines

     PAW routines
     PAW_pot      :     16.35s CPU      0.55s WALL (       9 calls)
     PAW_symme    :      0.06s CPU      0.00s WALL (      17 calls)
 
     PWSCF        :   1m51.09s CPU      4.10s WALL

 
   This run was terminated on:   6:45:37  21May2023            

=------------------------------------------------------------------------------=
   JOB DONE.
=------------------------------------------------------------------------------=
