
     Program PWSCF v.7.0 starts on 20May2023 at 22:15: 2 

     This program is part of the open-source Quantum ESPRESSO suite
     for quantum simulation of materials; please cite
         "P. Giannozzi et al., J. Phys.:Condens. Matter 21 395502 (2009);
         "P. Giannozzi et al., J. Phys.:Condens. Matter 29 465901 (2017);
         "P. Giannozzi et al., J. Chem. Phys. 152 154105 (2020);
          URL http://www.quantum-espresso.org", 
     in publications or presentations arising from this work. More details at
     http://www.quantum-espresso.org/quote

     Parallel version (MPI & OpenMP), running on      32 processor cores
     Number of MPI processes:                 1
     Threads/MPI process:                    32

     MPI processes distributed on     1 nodes
     145598 MiB available memory on the printing compute node when the environment starts
 
     Reading input from espresso_2757.pwi
Warning: card &CELL ignored
Warning: card / ignored

     Current dimensions of program PWSCF are:
     Max number of different atomic species (ntypx) = 10
     Max number of k-points (npk) =  40000
     Max angular momentum in pseudopotentials (lmaxx) =  4
     file Mg.pbe-n-kjpaw_psl.0.3.0.UPF: wavefunction(s)  3S renormalized

     gamma-point specific algorithms are used
     Message from routine setup:
     using ibrav=0 with symmetry is DISCOURAGED, use correct ibrav instead

     Subspace diagonalization in iterative solution of the eigenvalue problem:
     a serial algorithm will be used

 
     G-vector sticks info
     --------------------
     sticks:   dense  smooth     PW     G-vecs:    dense   smooth      PW
     Sum        1111     559    139                24309     8609    1067
 
     Using Slab Decomposition
 


     bravais-lattice index     =            0
     lattice parameter (alat)  =       8.1850  a.u.
     unit-cell volume          =     387.7337 (a.u.)^3
     number of atoms/cell      =            4
     number of atomic types    =            3
     number of electrons       =        50.00
     number of Kohn-Sham states=           30
     kinetic-energy cutoff     =      30.0000  Ry
     charge density cutoff     =     240.0000  Ry
     scf convergence threshold =      1.0E-06
     mixing beta               =       0.7000
     number of iterations used =            8  plain     mixing
     Exchange-correlation= PBE
                           (   1   4   3   4   0   0   0)

     celldm(1)=   8.184953  celldm(2)=   0.000000  celldm(3)=   0.000000
     celldm(4)=   0.000000  celldm(5)=   0.000000  celldm(6)=   0.000000

     crystal axes: (cart. coord. in units of alat)
               a(1) = (   1.000000   0.000000   0.000000 )  
               a(2) = (   0.500000   0.866025   0.000000 )  
               a(3) = (   0.500000   0.288675   0.816497 )  

     reciprocal axes: (cart. coord. in units 2 pi/alat)
               b(1) = (  1.000000 -0.577350 -0.408248 )  
               b(2) = (  0.000000  1.154701 -0.408248 )  
               b(3) = (  0.000000  0.000000  1.224745 )  


     PseudoPot. # 1 for Mg read from file:
     /home/pragov/projects/rrg-bengioy-ad/pragov/crystal_structure_design/SSSP/Mg.pbe-n-kjpaw_psl.0.3.0.UPF
     MD5 check sum: 24ecedc7f3e3cbe212e682f4413594e4
     Pseudo is Projector augmented-wave + core cor, Zval =  2.0
     Generated using "atomic" code by A. Dal Corso  v.5.0.99 svn rev. 10869
     Shape of augmentation charge: PSQ
     Using radial grid of 1129 points,  4 beta functions with: 
                l(1) =   0
                l(2) =   0
                l(3) =   1
                l(4) =   1
     Q(r) pseudized with 0 coefficients 


     PseudoPot. # 2 for Ge read from file:
     /home/pragov/projects/rrg-bengioy-ad/pragov/crystal_structure_design/SSSP/ge_pbe_v1.4.uspp.F.UPF
     MD5 check sum: 9c9eaa91e581c3f09632fb3098b2c6b2
     Pseudo is Ultrasoft + core correction, Zval = 14.0
     Generated by new atomic code, or converted to UPF format
     Using radial grid of  873 points,  6 beta functions with: 
                l(1) =   0
                l(2) =   0
                l(3) =   1
                l(4) =   1
                l(5) =   2
                l(6) =   2
     Q(r) pseudized with  8 coefficients,  rinner =    1.400   1.400   1.400
                                                       1.400   1.400

     PseudoPot. # 3 for Rh read from file:
     /home/pragov/projects/rrg-bengioy-ad/pragov/crystal_structure_design/SSSP/Rh_ONCV_PBE-1.0.oncvpsp.upf
     MD5 check sum: ba07c69523b14cacd10683cd4c4284c1
     Pseudo is Norm-conserving, Zval = 17.0
     Generated using ONCVPSP code by D. R. Hamann
     Using radial grid of 1442 points,  6 beta functions with: 
                l(1) =   0
                l(2) =   0
                l(3) =   1
                l(4) =   1
                l(5) =   2
                l(6) =   2

     atomic species   valence    mass     pseudopotential
        Mg             2.00    24.30500     Mg( 1.00)
        Ge            14.00    72.63000     Ge( 1.00)
        Rh            17.00   102.90550     Rh( 1.00)

     12 Sym. Ops., with inversion, found


                                    s                        frac. trans.

      isym =  1     identity                                     

 cryst.   s( 1) = (     1          0          0      )
                  (     0          1          0      )
                  (     0          0          1      )

 cart.    s( 1) = (  1.0000000  0.0000000  0.0000000 )
                  (  0.0000000  1.0000000  0.0000000 )
                  (  0.0000000  0.0000000  1.0000000 )


      isym =  2     180 deg rotation - cart. axis [1,0,0]        

 cryst.   s( 2) = (     1          0          0      )
                  (     1         -1          0      )
                  (     1          0         -1      )

 cart.    s( 2) = (  1.0000000  0.0000000  0.0000000 )
                  (  0.0000000 -1.0000000 -0.0000000 )
                  (  0.0000000  0.0000000 -1.0000000 )


      isym =  3     120 deg rotation - cryst. axis [0,0,1]       

 cryst.   s( 3) = (    -1          1          0      )
                  (    -1          0          0      )
                  (    -1          0          1      )

 cart.    s( 3) = ( -0.5000000 -0.8660254  0.0000000 )
                  (  0.8660254 -0.5000000  0.0000000 )
                  (  0.0000000  0.0000000  1.0000000 )


      isym =  4     120 deg rotation - cryst. axis [0,0,-1]      

 cryst.   s( 4) = (     0         -1          0      )
                  (     1         -1          0      )
                  (     0         -1          1      )

 cart.    s( 4) = ( -0.5000000  0.8660254 -0.0000000 )
                  ( -0.8660254 -0.5000000  0.0000000 )
                  (  0.0000000  0.0000000  1.0000000 )


      isym =  5     180 deg rotation - cryst. axis [0,1,0]       

 cryst.   s( 5) = (     0         -1          0      )
                  (    -1          0          0      )
                  (     0          0         -1      )

 cart.    s( 5) = ( -0.5000000 -0.8660254  0.0000000 )
                  ( -0.8660254  0.5000000 -0.0000000 )
                  (  0.0000000  0.0000000 -1.0000000 )


      isym =  6     180 deg rotation - cryst. axis [1,1,0]       

 cryst.   s( 6) = (    -1          1          0      )
                  (     0          1          0      )
                  (     0          1         -1      )

 cart.    s( 6) = ( -0.5000000  0.8660254 -0.0000000 )
                  (  0.8660254  0.5000000 -0.0000000 )
                  (  0.0000000  0.0000000 -1.0000000 )


      isym =  7     inversion                                    

 cryst.   s( 7) = (    -1          0          0      )
                  (     0         -1          0      )
                  (     0          0         -1      )

 cart.    s( 7) = ( -1.0000000  0.0000000  0.0000000 )
                  (  0.0000000 -1.0000000 -0.0000000 )
                  (  0.0000000  0.0000000 -1.0000000 )


      isym =  8     inv. 180 deg rotation - cart. axis [1,0,0]   

 cryst.   s( 8) = (    -1          0          0      )
                  (    -1          1          0      )
                  (    -1          0          1      )

 cart.    s( 8) = ( -1.0000000  0.0000000  0.0000000 )
                  (  0.0000000  1.0000000  0.0000000 )
                  (  0.0000000  0.0000000  1.0000000 )


      isym =  9     inv. 120 deg rotation - cryst. axis [0,0,1]  

 cryst.   s( 9) = (     1         -1          0      )
                  (     1          0          0      )
                  (     1          0         -1      )

 cart.    s( 9) = (  0.5000000  0.8660254 -0.0000000 )
                  ( -0.8660254  0.5000000 -0.0000000 )
                  (  0.0000000  0.0000000 -1.0000000 )


      isym = 10     inv. 120 deg rotation - cryst. axis [0,0,-1] 

 cryst.   s(10) = (     0          1          0      )
                  (    -1          1          0      )
                  (     0          1         -1      )

 cart.    s(10) = (  0.5000000 -0.8660254  0.0000000 )
                  (  0.8660254  0.5000000 -0.0000000 )
                  (  0.0000000  0.0000000 -1.0000000 )


      isym = 11     inv. 180 deg rotation - cryst. axis [0,1,0]  

 cryst.   s(11) = (     0          1          0      )
                  (     1          0          0      )
                  (     0          0          1      )

 cart.    s(11) = (  0.5000000  0.8660254 -0.0000000 )
                  (  0.8660254 -0.5000000  0.0000000 )
                  (  0.0000000  0.0000000  1.0000000 )


      isym = 12     inv. 180 deg rotation - cryst. axis [1,1,0]  

 cryst.   s(12) = (     1         -1          0      )
                  (     0         -1          0      )
                  (     0         -1          1      )

 cart.    s(12) = (  0.5000000 -0.8660254  0.0000000 )
                  ( -0.8660254 -0.5000000  0.0000000 )
                  (  0.0000000  0.0000000  1.0000000 )


   Cartesian axes

     site n.     atom                  positions (alat units)
         1           Mg  tau(   1) = (   0.0000000   0.0000000   0.0000000  )
         2           Ge  tau(   2) = (   1.0000000   0.5773503   0.4082483  )
         3           Rh  tau(   3) = (   0.5000000   0.2886751   0.2041241  )
         4           Rh  tau(   4) = (   1.5000000   0.8660254   0.6123724  )

   Crystallographic axes

     site n.     atom                  positions (cryst. coord.)
         1           Mg  tau(   1) = (  0.0000000  0.0000000  0.0000000  )
         2           Ge  tau(   2) = (  0.5000000  0.5000000  0.5000000  )
         3           Rh  tau(   3) = (  0.2500000  0.2500000  0.2500000  )
         4           Rh  tau(   4) = (  0.7500000  0.7500000  0.7500000  )

     number of k points=     1  Methfessel-Paxton smearing, width (Ry)=  0.0010
                       cart. coord. in units 2pi/alat
        k(    1) = (   0.0000000   0.0000000   0.0000000), wk =   2.0000000

                       cryst. coord.
        k(    1) = (   0.0000000   0.0000000   0.0000000), wk =   2.0000000

     Dense  grid:    12155 G-vectors     FFT dimensions: (  45,  45,  45)

     Smooth grid:     4305 G-vectors     FFT dimensions: (  30,  30,  30)

     Dynamical RAM for                 wfc:       0.25 MB

     Dynamical RAM for     wfc (w. buffer):       0.25 MB

     Dynamical RAM for           str. fact:       0.56 MB

     Dynamical RAM for           local pot:       0.00 MB

     Dynamical RAM for          nlocal pot:       0.51 MB

     Dynamical RAM for                qrad:       3.73 MB

     Dynamical RAM for          rho,v,vnew:       2.64 MB

     Dynamical RAM for               rhoin:       0.88 MB

     Dynamical RAM for            rho*nmix:       2.97 MB

     Dynamical RAM for           G-vectors:       0.73 MB

     Dynamical RAM for          h,s,v(r/c):       0.08 MB

     Dynamical RAM for          <psi|beta>:       0.01 MB

     Dynamical RAM for                 psi:       0.49 MB

     Dynamical RAM for                hpsi:       0.49 MB

     Dynamical RAM for                spsi:       0.49 MB

     Dynamical RAM for      wfcinit/wfcrot:       0.57 MB

     Dynamical RAM for           addusdens:      34.68 MB

     Dynamical RAM for          addusforce:      34.78 MB

     Dynamical RAM for         addusstress:      37.28 MB

     Estimated static dynamical RAM per process >      13.51 MB

     Estimated max dynamical RAM per process >      53.76 MB

     Initial potential from superposition of free atoms

     starting charge      49.9973, renormalised to      50.0000
     Starting wfcs are   33 randomized atomic wfcs
     Checking if some PAW data can be deallocated... 

     total cpu time spent up to now is       13.1 secs

     Self-consistent Calculation

     iteration #  1     ecut=    30.00 Ry     beta= 0.70
     Davidson diagonalization with overlap

---- Real-time Memory Report at c_bands before calling an iterative solver
           309 MiB given to the printing process from OS
             0 MiB allocation reported by mallinfo(arena+hblkhd)
        145494 MiB available memory on the node where the printing process lives
------------------
     ethr =  1.00E-02,  avg # of iterations =  2.0

     total cpu time spent up to now is       14.2 secs

     total energy              =    -680.21700645 Ry
     estimated scf accuracy    <       0.79678617 Ry

     iteration #  2     ecut=    30.00 Ry     beta= 0.70
     Davidson diagonalization with overlap

---- Real-time Memory Report at c_bands before calling an iterative solver
           330 MiB given to the printing process from OS
             0 MiB allocation reported by mallinfo(arena+hblkhd)
        145477 MiB available memory on the node where the printing process lives
------------------
     ethr =  1.59E-03,  avg # of iterations =  5.0

     total cpu time spent up to now is       14.4 secs

     total energy              =    -680.42058287 Ry
     estimated scf accuracy    <       0.94889721 Ry

     iteration #  3     ecut=    30.00 Ry     beta= 0.70
     Davidson diagonalization with overlap

---- Real-time Memory Report at c_bands before calling an iterative solver
           334 MiB given to the printing process from OS
             0 MiB allocation reported by mallinfo(arena+hblkhd)
        145474 MiB available memory on the node where the printing process lives
------------------
     ethr =  1.59E-03,  avg # of iterations =  2.0

     total cpu time spent up to now is       14.6 secs

     total energy              =    -680.60651823 Ry
     estimated scf accuracy    <       0.00500925 Ry

     iteration #  4     ecut=    30.00 Ry     beta= 0.70
     Davidson diagonalization with overlap

---- Real-time Memory Report at c_bands before calling an iterative solver
           334 MiB given to the printing process from OS
             0 MiB allocation reported by mallinfo(arena+hblkhd)
        145474 MiB available memory on the node where the printing process lives
------------------
     ethr =  1.00E-05,  avg # of iterations =  6.0

     total cpu time spent up to now is       14.8 secs

     total energy              =    -680.60877227 Ry
     estimated scf accuracy    <       0.00184761 Ry

     iteration #  5     ecut=    30.00 Ry     beta= 0.70
     Davidson diagonalization with overlap

---- Real-time Memory Report at c_bands before calling an iterative solver
           335 MiB given to the printing process from OS
             0 MiB allocation reported by mallinfo(arena+hblkhd)
        145475 MiB available memory on the node where the printing process lives
------------------
     ethr =  3.70E-06,  avg # of iterations =  3.0

     total cpu time spent up to now is       15.0 secs

     total energy              =    -680.60873690 Ry
     estimated scf accuracy    <       0.00450972 Ry

     iteration #  6     ecut=    30.00 Ry     beta= 0.70
     Davidson diagonalization with overlap

---- Real-time Memory Report at c_bands before calling an iterative solver
           335 MiB given to the printing process from OS
             0 MiB allocation reported by mallinfo(arena+hblkhd)
        145475 MiB available memory on the node where the printing process lives
------------------
     ethr =  3.70E-06,  avg # of iterations =  2.0

     total cpu time spent up to now is       15.2 secs

     total energy              =    -680.60928290 Ry
     estimated scf accuracy    <       0.00005300 Ry

     iteration #  7     ecut=    30.00 Ry     beta= 0.70
     Davidson diagonalization with overlap

---- Real-time Memory Report at c_bands before calling an iterative solver
           335 MiB given to the printing process from OS
             0 MiB allocation reported by mallinfo(arena+hblkhd)
        145475 MiB available memory on the node where the printing process lives
------------------
     ethr =  1.06E-07,  avg # of iterations = 10.0

     total cpu time spent up to now is       15.4 secs

     total energy              =    -680.60929480 Ry
     estimated scf accuracy    <       0.00000612 Ry

     iteration #  8     ecut=    30.00 Ry     beta= 0.70
     Davidson diagonalization with overlap

---- Real-time Memory Report at c_bands before calling an iterative solver
           335 MiB given to the printing process from OS
             0 MiB allocation reported by mallinfo(arena+hblkhd)
        145475 MiB available memory on the node where the printing process lives
------------------
     ethr =  1.22E-08,  avg # of iterations =  5.0

     total cpu time spent up to now is       15.6 secs

     End of self-consistent calculation

          k = 0.0000 0.0000 0.0000 (   534 PWs)   bands (ev):

   -60.3134 -60.2916 -28.3324 -28.3324 -28.3324 -28.2403 -28.2402 -28.2402
    -7.5173  -7.5172  -7.5172  -7.5052  -7.5051   5.4712  11.8263  11.8264
    11.8264  13.2756  13.2756  16.2944  16.2944  16.2944  16.9559  17.5061
    17.5062  20.4017  20.4017  20.4017  20.7689  20.7689

     occupation numbers 
     1.0000   1.0000   1.0000   1.0000   1.0000   1.0000   1.0000   1.0000
     1.0000   1.0000   1.0000   1.0000   1.0000   1.0000   1.0000   1.0000
     1.0000   1.0000   1.0000   1.0000   1.0000   1.0000   1.0000   1.0000
     1.0000  -0.0000  -0.0000  -0.0000  -0.0000  -0.0000

     the Fermi energy is    18.3626 ev

!    total energy              =    -680.60929510 Ry
     estimated scf accuracy    <       0.00000091 Ry
     smearing contrib. (-TS)   =       0.00000000 Ry
     internal energy E=F+TS    =    -680.60929510 Ry

     The total energy is F=E-TS. E is the sum of the following terms:
     one-electron contribution =    -275.97323465 Ry
     hartree contribution      =     174.78103645 Ry
     xc contribution           =    -104.83400423 Ry
     ewald contribution        =    -443.22239779 Ry
     one-center paw contrib.   =     -31.36069488 Ry
      -> PAW hartree energy AE =       1.74985162 Ry
      -> PAW hartree energy PS =      -1.74573578 Ry
      -> PAW xc energy AE      =     -33.09605952 Ry
      -> PAW xc energy PS      =       1.73124879 Ry
      -> total E_H with PAW    =     174.78515230 Ry
      -> total E_XC with PAW   =    -136.19881495 Ry

     convergence has been achieved in   8 iterations

     Forces acting on atoms (cartesian axes, Ry/au):

     atom    1 type  1   force =     0.00000000    0.00000000   -0.00000000
     atom    2 type  2   force =     0.00000000   -0.00000000   -0.00000000
     atom    3 type  3   force =     0.00000000    0.00000000    0.00001435
     atom    4 type  3   force =     0.00000000    0.00000000   -0.00001435
     The non-local contrib.  to forces
     atom    1 type  1   force =     0.00000000    0.00000000    0.00000000
     atom    2 type  2   force =     0.00000000    0.00000000   -0.00000000
     atom    3 type  3   force =     0.00000000    0.00000000    0.00009788
     atom    4 type  3   force =     0.00000000   -0.00000000   -0.00009788
     The ionic contribution  to forces
     atom    1 type  1   force =     0.00000000   -0.00000000   -0.00000000
     atom    2 type  2   force =     0.00000000   -0.00000000    0.00000000
     atom    3 type  3   force =     0.00000000    0.00000000    0.00000000
     atom    4 type  3   force =    -0.00000000    0.00000000   -0.00000000
     The local contribution  to forces
     atom    1 type  1   force =     0.00003224    0.00001235    0.00000936
     atom    2 type  2   force =     0.00010403    0.00001670    0.00004546
     atom    3 type  3   force =     0.00190137    0.00067563    0.00059381
     atom    4 type  3   force =    -0.00228996   -0.00086407   -0.00070488
     The core correction contribution to forces
     atom    1 type  1   force =     0.00000193    0.00000059    0.00000055
     atom    2 type  2   force =     0.00000202   -0.00000011    0.00000199
     atom    3 type  3   force =     0.00000000    0.00000000    0.00000000
     atom    4 type  3   force =     0.00000000    0.00000000    0.00000000
     The Hubbard contrib.    to forces
     atom    1 type  1   force =     0.00000000    0.00000000    0.00000000
     atom    2 type  2   force =     0.00000000    0.00000000    0.00000000
     atom    3 type  3   force =     0.00000000    0.00000000    0.00000000
     atom    4 type  3   force =     0.00000000    0.00000000    0.00000000
     The SCF correction term to forces
     atom    1 type  1   force =    -0.00000618   -0.00000253   -0.00000159
     atom    2 type  2   force =    -0.00008741   -0.00001017   -0.00002382
     atom    3 type  3   force =    -0.00204312   -0.00073613   -0.00064727
     atom    4 type  3   force =     0.00262541    0.00099889    0.00081849

     Total force =     0.000020     Total SCF correction =     0.003702
     SCF correction compared to forces is large: reduce conv_thr to get better values


     Computing stress (Cartesian axis) and pressure

          total   stress  (Ry/bohr**3)                   (kbar)     P=      357.05
   0.00242720  -0.00000000  -0.00000000          357.05       -0.00       -0.00
  -0.00000000   0.00242720  -0.00000000           -0.00      357.05       -0.00
   0.00000000  -0.00000000   0.00242718            0.00       -0.00      357.05

     kinetic stress (kbar)  40386.17      0.00      0.00
                                0.00  40386.17     -0.00
                                0.00     -0.00  40386.16

     local   stress (kbar)  -3000.68     -0.47     -0.33
                               -0.47  -3000.30     -0.13
                               -0.33     -0.13  -3000.16

     nonloc. stress (kbar)   6321.20     -0.00      0.00
                               -0.00   6321.20     -0.00
                                0.00     -0.00   6321.17

     hartree stress (kbar)  22104.07      0.42      0.30
                                0.42  22103.74      0.12
                                0.30      0.12  22103.62

     exc-cor stress (kbar)   2564.64      0.00      0.00
                                0.00   2564.64      0.00
                                0.00      0.00   2564.64

     corecor stress (kbar) -11965.93      0.00      0.00
                                0.00 -11965.94      0.00
                                0.00      0.00 -11965.94

     ewald   stress (kbar) -56052.44      0.00     -0.00
                                0.00 -56052.44     -0.00
                               -0.00     -0.00 -56052.44

     hubbard stress (kbar)      0.00      0.00      0.00
                                0.00      0.00      0.00
                                0.00      0.00      0.00

     DFT-D   stress (kbar)      0.00      0.00      0.00
                                0.00      0.00      0.00
                                0.00      0.00      0.00

     XDM     stress (kbar)      0.00      0.00      0.00
                                0.00      0.00      0.00
                                0.00      0.00      0.00

     dft-nl  stress (kbar)      0.00      0.00      0.00
                                0.00      0.00      0.00
                                0.00      0.00      0.00

     TS-vdW  stress (kbar)      0.00      0.00      0.00
                                0.00      0.00      0.00
                                0.00      0.00      0.00


                                0.00      0.00      0.00
                                0.00      0.00      0.00


                                0.00      0.00      0.00


     Writing all to output data dir new_calculations/myprefix.save/
 
     init_run     :    214.31s CPU     12.88s WALL (       1 calls)
     electrons    :     78.18s CPU      2.58s WALL (       1 calls)
     forces       :      1.03s CPU      0.03s WALL (       1 calls)
     stress       :      2.30s CPU      0.08s WALL (       1 calls)

     Called by init_run:
     wfcinit      :     86.89s CPU      4.63s WALL (       1 calls)
     wfcinit:atom :      0.00s CPU      0.00s WALL (       1 calls)
     wfcinit:wfcr :     86.82s CPU      4.62s WALL (       1 calls)
     potinit      :     52.60s CPU      3.30s WALL (       1 calls)
     hinit0       :     71.22s CPU      4.73s WALL (       1 calls)

     Called by electrons:
     c_bands      :     56.23s CPU      1.86s WALL (       8 calls)
     sum_band     :     10.44s CPU      0.34s WALL (       8 calls)
     v_of_rho     :      2.70s CPU      0.10s WALL (       9 calls)
     v_h          :      0.23s CPU      0.01s WALL (       9 calls)
     v_xc         :      2.91s CPU      0.11s WALL (      11 calls)
     newd         :      6.85s CPU      0.28s WALL (       9 calls)
     PAW_pot      :      3.20s CPU      0.13s WALL (       9 calls)
     mix_rho      :      0.49s CPU      0.02s WALL (       8 calls)

     Called by c_bands:
     init_us_2    :      0.13s CPU      0.00s WALL (      17 calls)
     init_us_2:cp :      0.10s CPU      0.00s WALL (      17 calls)
     regterg      :     55.86s CPU      1.85s WALL (       8 calls)

     Called by sum_band:
     sum_band:wei :      0.01s CPU      0.00s WALL (       8 calls)
     sum_band:loo :      5.23s CPU      0.17s WALL (       8 calls)
     sum_band:buf :      0.01s CPU      0.00s WALL (       8 calls)
     sum_band:ini :      0.07s CPU      0.00s WALL (       8 calls)
     sum_band:cal :      0.03s CPU      0.00s WALL (       8 calls)
     sum_band:bec :      0.01s CPU      0.00s WALL (       8 calls)
     addusdens    :      4.81s CPU      0.16s WALL (       8 calls)
     addusd:skk   :      0.02s CPU      0.00s WALL (      16 calls)
     addusd:dgemm :      1.35s CPU      0.05s WALL (      16 calls)
     addusd:qvan2 :      3.10s CPU      0.10s WALL (      16 calls)

     Called by *egterg:
     rdiaghg      :      1.51s CPU      0.05s WALL (      43 calls)
     regterg:over :      0.10s CPU      0.00s WALL (      35 calls)
     regterg:upda :      0.12s CPU      0.00s WALL (      35 calls)
     regterg:last :      0.13s CPU      0.00s WALL (      17 calls)
     h_psi        :    140.05s CPU      6.39s WALL (      44 calls)
     s_psi        :      0.07s CPU      0.00s WALL (      44 calls)
     g_psi        :      0.05s CPU      0.00s WALL (      35 calls)

     Called by h_psi:
     h_psi:calbec :      0.19s CPU      0.01s WALL (      44 calls)
     vloc_psi     :    139.50s CPU      6.37s WALL (      44 calls)
     add_vuspsi   :      0.13s CPU      0.01s WALL (      44 calls)

     General routines
     calbec       :      0.16s CPU      0.01s WALL (      57 calls)
     fft          :     65.28s CPU      4.18s WALL (     117 calls)
     ffts         :     51.52s CPU      3.23s WALL (      17 calls)
     fftw         :    141.38s CPU      6.42s WALL (     796 calls)
     interpolate  :     51.73s CPU      3.23s WALL (       9 calls)
 
     Parallel routines

     PAW routines
     PAW_pot      :      3.20s CPU      0.13s WALL (       9 calls)
     PAW_symme    :      0.02s CPU      0.00s WALL (      17 calls)
 
     PWSCF        :   5m 1.96s CPU     15.97s WALL

 
   This run was terminated on:  22:15:18  20May2023            

=------------------------------------------------------------------------------=
   JOB DONE.
=------------------------------------------------------------------------------=
