
     Program PWSCF v.7.0 starts on 20May2023 at 15:56:47 

     This program is part of the open-source Quantum ESPRESSO suite
     for quantum simulation of materials; please cite
         "P. Giannozzi et al., J. Phys.:Condens. Matter 21 395502 (2009);
         "P. Giannozzi et al., J. Phys.:Condens. Matter 29 465901 (2017);
         "P. Giannozzi et al., J. Chem. Phys. 152 154105 (2020);
          URL http://www.quantum-espresso.org", 
     in publications or presentations arising from this work. More details at
     http://www.quantum-espresso.org/quote

     Parallel version (MPI & OpenMP), running on      32 processor cores
     Number of MPI processes:                 1
     Threads/MPI process:                    32

     MPI processes distributed on     1 nodes
     75966 MiB available memory on the printing compute node when the environment starts
 
     Reading input from espresso_13520.pwi
Warning: card &CELL ignored
Warning: card / ignored

     Current dimensions of program PWSCF are:
     Max number of different atomic species (ntypx) = 10
     Max number of k-points (npk) =  40000
     Max angular momentum in pseudopotentials (lmaxx) =  4

     gamma-point specific algorithms are used
     Message from routine setup:
     using ibrav=0 with symmetry is DISCOURAGED, use correct ibrav instead

     Subspace diagonalization in iterative solution of the eigenvalue problem:
     a serial algorithm will be used

 
     G-vector sticks info
     --------------------
     sticks:   dense  smooth     PW     G-vecs:    dense   smooth      PW
     Sum        1507     757    199                90949    32091    4009
 
     Using Slab Decomposition
 


     bravais-lattice index     =            0
     lattice parameter (alat)  =       9.5605  a.u.
     unit-cell volume          =    1449.7116 (a.u.)^3
     number of atoms/cell      =           18
     number of atomic types    =            3
     number of electrons       =       247.00
     number of Kohn-Sham states=          149
     kinetic-energy cutoff     =      30.0000  Ry
     charge density cutoff     =     240.0000  Ry
     scf convergence threshold =      1.0E-06
     mixing beta               =       0.7000
     number of iterations used =            8  plain     mixing
     Exchange-correlation=  SLA  PW   PBX  PBC
                           (   1   4   3   4   0   0   0)

     celldm(1)=   9.560497  celldm(2)=   0.000000  celldm(3)=   0.000000
     celldm(4)=   0.000000  celldm(5)=   0.000000  celldm(6)=   0.000000

     crystal axes: (cart. coord. in units of alat)
               a(1) = (   1.000000   0.000000   0.000000 )  
               a(2) = (  -0.500000   0.866025   0.000000 )  
               a(3) = (   0.000000   0.000000   1.915621 )  

     reciprocal axes: (cart. coord. in units 2 pi/alat)
               b(1) = (  1.000000  0.577350  0.000000 )  
               b(2) = (  0.000000  1.154701  0.000000 )  
               b(3) = (  0.000000  0.000000  0.522024 )  


     PseudoPot. # 1 for Sm read from file:
     /home/pragov/projects/rrg-bengioy-ad/pragov/crystal_structure_design/SSSP/Sm.GGA-PBE-paw-v1.0.UPF
     MD5 check sum: 886f70968969f895acf876f5617e0641
     Pseudo is Projector augmented-wave + core cor, Zval = 16.0
     Generated using ATOMPAW code
     Shape of augmentation charge: BESSEL
     Using radial grid of 1107 points,  8 beta functions with: 
                l(1) =   0
                l(2) =   0
                l(3) =   1
                l(4) =   1
                l(5) =   2
                l(6) =   2
                l(7) =   3
                l(8) =   3
     Q(r) pseudized with 0 coefficients 


     PseudoPot. # 2 for Co read from file:
     /home/pragov/projects/rrg-bengioy-ad/pragov/crystal_structure_design/SSSP/Co_pbe_v1.2.uspp.F.UPF
     MD5 check sum: 5f91765df6ddd3222702df6e7b74a16d
     Pseudo is Ultrasoft + core correction, Zval = 17.0
     Generated by new atomic code, or converted to UPF format
     Using radial grid of  863 points,  6 beta functions with: 
                l(1) =   0
                l(2) =   0
                l(3) =   1
                l(4) =   1
                l(5) =   2
                l(6) =   2
     Q(r) pseudized with  8 coefficients,  rinner =    1.200   1.200   1.200
                                                       1.200   1.200

     PseudoPot. # 3 for B  read from file:
     /home/pragov/projects/rrg-bengioy-ad/pragov/crystal_structure_design/SSSP/b_pbe_v1.4.uspp.F.UPF
     MD5 check sum: cc6de2960df11db49a60e589f9ebb39b
     Pseudo is Ultrasoft + core correction, Zval =  3.0
     Generated by new atomic code, or converted to UPF format
     Using radial grid of  781 points,  4 beta functions with: 
                l(1) =   0
                l(2) =   0
                l(3) =   1
                l(4) =   1
     Q(r) pseudized with  8 coefficients,  rinner =    1.100   1.100   1.100


     atomic species   valence    mass     pseudopotential
        Sm            16.00   150.36000     Sm( 1.00)
        Co            17.00    58.93319     Co( 1.00)
        B              3.00    10.81000     B ( 1.00)

     24 Sym. Ops., with inversion, found


                                    s                        frac. trans.

      isym =  1     identity                                     

 cryst.   s( 1) = (     1          0          0      )
                  (     0          1          0      )
                  (     0          0          1      )

 cart.    s( 1) = (  1.0000000  0.0000000  0.0000000 )
                  (  0.0000000  1.0000000  0.0000000 )
                  (  0.0000000  0.0000000  1.0000000 )


      isym =  2     180 deg rotation - cart. axis [0,0,1]        

 cryst.   s( 2) = (    -1          0          0      )
                  (     0         -1          0      )
                  (     0          0          1      )

 cart.    s( 2) = ( -1.0000000 -0.0000000  0.0000000 )
                  (  0.0000000 -1.0000000  0.0000000 )
                  (  0.0000000  0.0000000  1.0000000 )


      isym =  3     180 deg rotation - cart. axis [0,1,0]        

 cryst.   s( 3) = (    -1          0          0      )
                  (     1          1          0      )
                  (     0          0         -1      )

 cart.    s( 3) = ( -1.0000000  0.0000002  0.0000000 )
                  (  0.0000000  1.0000000  0.0000000 )
                  (  0.0000000  0.0000000 -1.0000000 )


      isym =  4     180 deg rotation - cart. axis [1,0,0]        

 cryst.   s( 4) = (     1          0          0      )
                  (    -1         -1          0      )
                  (     0          0         -1      )

 cart.    s( 4) = (  1.0000000 -0.0000002  0.0000000 )
                  (  0.0000000 -1.0000000  0.0000000 )
                  (  0.0000000  0.0000000 -1.0000000 )


      isym =  5      60 deg rotation - cryst. axis [0,0,1]       

 cryst.   s( 5) = (     1          1          0      )
                  (    -1          0          0      )
                  (     0          0          1      )

 cart.    s( 5) = (  0.5000001 -0.8660254  0.0000000 )
                  (  0.8660254  0.4999999  0.0000000 )
                  (  0.0000000  0.0000000  1.0000000 )


      isym =  6      60 deg rotation - cryst. axis [0,0,-1]      

 cryst.   s( 6) = (     0         -1          0      )
                  (     1          1          0      )
                  (     0          0          1      )

 cart.    s( 6) = (  0.4999999  0.8660254  0.0000000 )
                  ( -0.8660254  0.5000001  0.0000000 )
                  (  0.0000000  0.0000000  1.0000000 )


      isym =  7     120 deg rotation - cryst. axis [0,0,1]       

 cryst.   s( 7) = (     0          1          0      )
                  (    -1         -1          0      )
                  (     0          0          1      )

 cart.    s( 7) = ( -0.4999999 -0.8660254  0.0000000 )
                  (  0.8660254 -0.5000001  0.0000000 )
                  (  0.0000000  0.0000000  1.0000000 )


      isym =  8     120 deg rotation - cryst. axis [0,0,-1]      

 cryst.   s( 8) = (    -1         -1          0      )
                  (     1          0          0      )
                  (     0          0          1      )

 cart.    s( 8) = ( -0.5000001  0.8660254  0.0000000 )
                  ( -0.8660254 -0.4999999  0.0000000 )
                  (  0.0000000  0.0000000  1.0000000 )


      isym =  9     180 deg rotation - cryst. axis [1,-1,0]      

 cryst.   s( 9) = (     0         -1          0      )
                  (    -1          0          0      )
                  (     0          0         -1      )

 cart.    s( 9) = (  0.4999999 -0.8660255  0.0000000 )
                  ( -0.8660254 -0.4999999  0.0000000 )
                  (  0.0000000  0.0000000 -1.0000000 )


      isym = 10     180 deg rotation - cryst. axis [2,1,0]       

 cryst.   s(10) = (     1          1          0      )
                  (     0         -1          0      )
                  (     0          0         -1      )

 cart.    s(10) = (  0.5000001  0.8660253  0.0000000 )
                  (  0.8660254 -0.5000001  0.0000000 )
                  (  0.0000000  0.0000000 -1.0000000 )


      isym = 11     180 deg rotation - cryst. axis [0,1,0]       

 cryst.   s(11) = (    -1         -1          0      )
                  (     0          1          0      )
                  (     0          0         -1      )

 cart.    s(11) = ( -0.5000001 -0.8660253  0.0000000 )
                  ( -0.8660254  0.5000001  0.0000000 )
                  (  0.0000000  0.0000000 -1.0000000 )


      isym = 12     180 deg rotation - cryst. axis [1,1,0]       

 cryst.   s(12) = (     0          1          0      )
                  (     1          0          0      )
                  (     0          0         -1      )

 cart.    s(12) = ( -0.4999999  0.8660255  0.0000000 )
                  (  0.8660254  0.4999999  0.0000000 )
                  (  0.0000000  0.0000000 -1.0000000 )


      isym = 13     inversion                                    

 cryst.   s(13) = (    -1          0          0      )
                  (     0         -1          0      )
                  (     0          0         -1      )

 cart.    s(13) = ( -1.0000000 -0.0000000  0.0000000 )
                  (  0.0000000 -1.0000000  0.0000000 )
                  (  0.0000000  0.0000000 -1.0000000 )


      isym = 14     inv. 180 deg rotation - cart. axis [0,0,1]   

 cryst.   s(14) = (     1          0          0      )
                  (     0          1          0      )
                  (     0          0         -1      )

 cart.    s(14) = (  1.0000000  0.0000000  0.0000000 )
                  (  0.0000000  1.0000000  0.0000000 )
                  (  0.0000000  0.0000000 -1.0000000 )


      isym = 15     inv. 180 deg rotation - cart. axis [0,1,0]   

 cryst.   s(15) = (     1          0          0      )
                  (    -1         -1          0      )
                  (     0          0          1      )

 cart.    s(15) = (  1.0000000 -0.0000002  0.0000000 )
                  (  0.0000000 -1.0000000  0.0000000 )
                  (  0.0000000  0.0000000  1.0000000 )


      isym = 16     inv. 180 deg rotation - cart. axis [1,0,0]   

 cryst.   s(16) = (    -1          0          0      )
                  (     1          1          0      )
                  (     0          0          1      )

 cart.    s(16) = ( -1.0000000  0.0000002  0.0000000 )
                  (  0.0000000  1.0000000  0.0000000 )
                  (  0.0000000  0.0000000  1.0000000 )


      isym = 17     inv.  60 deg rotation - cryst. axis [0,0,1]  

 cryst.   s(17) = (    -1         -1          0      )
                  (     1          0          0      )
                  (     0          0         -1      )

 cart.    s(17) = ( -0.5000001  0.8660254  0.0000000 )
                  ( -0.8660254 -0.4999999  0.0000000 )
                  (  0.0000000  0.0000000 -1.0000000 )


      isym = 18     inv.  60 deg rotation - cryst. axis [0,0,-1] 

 cryst.   s(18) = (     0          1          0      )
                  (    -1         -1          0      )
                  (     0          0         -1      )

 cart.    s(18) = ( -0.4999999 -0.8660254  0.0000000 )
                  (  0.8660254 -0.5000001  0.0000000 )
                  (  0.0000000  0.0000000 -1.0000000 )


      isym = 19     inv. 120 deg rotation - cryst. axis [0,0,1]  

 cryst.   s(19) = (     0         -1          0      )
                  (     1          1          0      )
                  (     0          0         -1      )

 cart.    s(19) = (  0.4999999  0.8660254  0.0000000 )
                  ( -0.8660254  0.5000001  0.0000000 )
                  (  0.0000000  0.0000000 -1.0000000 )


      isym = 20     inv. 120 deg rotation - cryst. axis [0,0,-1] 

 cryst.   s(20) = (     1          1          0      )
                  (    -1          0          0      )
                  (     0          0         -1      )

 cart.    s(20) = (  0.5000001 -0.8660254  0.0000000 )
                  (  0.8660254  0.4999999  0.0000000 )
                  (  0.0000000  0.0000000 -1.0000000 )


      isym = 21     inv. 180 deg rotation - cryst. axis [1,-1,0] 

 cryst.   s(21) = (     0          1          0      )
                  (     1          0          0      )
                  (     0          0          1      )

 cart.    s(21) = ( -0.4999999  0.8660255  0.0000000 )
                  (  0.8660254  0.4999999  0.0000000 )
                  (  0.0000000  0.0000000  1.0000000 )


      isym = 22     inv. 180 deg rotation - cryst. axis [2,1,0]  

 cryst.   s(22) = (    -1         -1          0      )
                  (     0          1          0      )
                  (     0          0          1      )

 cart.    s(22) = ( -0.5000001 -0.8660253  0.0000000 )
                  ( -0.8660254  0.5000001  0.0000000 )
                  (  0.0000000  0.0000000  1.0000000 )


      isym = 23     inv. 180 deg rotation - cryst. axis [0,1,0]  

 cryst.   s(23) = (     1          1          0      )
                  (     0         -1          0      )
                  (     0          0          1      )

 cart.    s(23) = (  0.5000001  0.8660253  0.0000000 )
                  (  0.8660254 -0.5000001  0.0000000 )
                  (  0.0000000  0.0000000  1.0000000 )


      isym = 24     inv. 180 deg rotation - cryst. axis [1,1,0]  

 cryst.   s(24) = (     0         -1          0      )
                  (    -1          0          0      )
                  (     0          0          1      )

 cart.    s(24) = (  0.4999999 -0.8660255  0.0000000 )
                  ( -0.8660254 -0.4999999  0.0000000 )
                  (  0.0000000  0.0000000  1.0000000 )


   Cartesian axes

     site n.     atom                  positions (alat units)
         1           Sm  tau(   1) = (   0.0000000   0.0000000   0.0000000  )
         2           Sm  tau(   2) = (   0.0000000   0.0000000   1.2634384  )
         3           Sm  tau(   3) = (   0.0000000   0.0000000   0.6521828  )
         4           Co  tau(   4) = (   0.5000005   0.2886748   0.0000000  )
         5           Co  tau(   5) = (  -0.0000004   0.5773505   0.0000000  )
         6           Co  tau(   6) = (   0.2500000   0.4330127   0.9578106  )
         7           Co  tau(   7) = (   0.5000000   0.0000000   0.9578106  )
         8           Co  tau(   8) = (  -0.2500000   0.4330127   0.9578106  )
         9           Co  tau(   9) = (   0.2500000   0.4330127   1.5275393  )
        10           Co  tau(  10) = (   0.5000000   0.0000000   1.5275393  )
        11           Co  tau(  11) = (  -0.2500000   0.4330127   1.5275393  )
        12           Co  tau(  12) = (   0.2500000   0.4330127   0.3880819  )
        13           Co  tau(  13) = (   0.5000000   0.0000000   0.3880819  )
        14           Co  tau(  14) = (  -0.2500000   0.4330127   0.3880819  )
        15           B   tau(  15) = (   0.5000005   0.2886748   1.2455273  )
        16           B   tau(  16) = (  -0.0000004   0.5773505   1.2455273  )
        17           B   tau(  17) = (  -0.0000004   0.5773505   0.6700939  )
        18           B   tau(  18) = (   0.5000005   0.2886748   0.6700939  )

   Crystallographic axes

     site n.     atom                  positions (cryst. coord.)
         1           Sm  tau(   1) = (  0.0000000  0.0000000  0.0000000  )
         2           Sm  tau(   2) = (  0.0000000  0.0000000  0.6595450  )
         3           Sm  tau(   3) = (  0.0000000  0.0000000  0.3404550  )
         4           Co  tau(   4) = (  0.6666670  0.3333330  0.0000000  )
         5           Co  tau(   5) = (  0.3333330  0.6666670  0.0000000  )
         6           Co  tau(   6) = (  0.5000000  0.5000000  0.5000000  )
         7           Co  tau(   7) = (  0.5000000  0.0000000  0.5000000  )
         8           Co  tau(   8) = (  0.0000000  0.5000000  0.5000000  )
         9           Co  tau(   9) = (  0.5000000  0.5000000  0.7974120  )
        10           Co  tau(  10) = (  0.5000000  0.0000000  0.7974120  )
        11           Co  tau(  11) = (  0.0000000  0.5000000  0.7974120  )
        12           Co  tau(  12) = (  0.5000000  0.5000000  0.2025880  )
        13           Co  tau(  13) = (  0.5000000  0.0000000  0.2025880  )
        14           Co  tau(  14) = (  0.0000000  0.5000000  0.2025880  )
        15           B   tau(  15) = (  0.6666670  0.3333330  0.6501950  )
        16           B   tau(  16) = (  0.3333330  0.6666670  0.6501950  )
        17           B   tau(  17) = (  0.3333330  0.6666670  0.3498050  )
        18           B   tau(  18) = (  0.6666670  0.3333330  0.3498050  )

     number of k points=     1  Methfessel-Paxton smearing, width (Ry)=  0.0010
                       cart. coord. in units 2pi/alat
        k(    1) = (   0.0000000   0.0000000   0.0000000), wk =   2.0000000

                       cryst. coord.
        k(    1) = (   0.0000000   0.0000000   0.0000000), wk =   2.0000000

     Dense  grid:    45475 G-vectors     FFT dimensions: (  48,  48,  96)

     Smooth grid:    16046 G-vectors     FFT dimensions: (  36,  36,  64)

     Dynamical RAM for                 wfc:       4.57 MB

     Dynamical RAM for     wfc (w. buffer):       4.57 MB

     Dynamical RAM for           str. fact:       2.08 MB

     Dynamical RAM for           local pot:       0.00 MB

     Dynamical RAM for          nlocal pot:      10.00 MB

     Dynamical RAM for                qrad:       8.96 MB

     Dynamical RAM for          rho,v,vnew:       7.14 MB

     Dynamical RAM for               rhoin:       2.38 MB

     Dynamical RAM for            rho*nmix:      11.10 MB

     Dynamical RAM for           G-vectors:       2.72 MB

     Dynamical RAM for          h,s,v(r/c):       2.03 MB

     Dynamical RAM for          <psi|beta>:       0.37 MB

     Dynamical RAM for                 psi:       9.14 MB

     Dynamical RAM for                hpsi:       9.14 MB

     Dynamical RAM for                spsi:       9.14 MB

     Dynamical RAM for      wfcinit/wfcrot:      17.14 MB

     Dynamical RAM for           addusdens:     392.74 MB

     Dynamical RAM for          addusforce:     407.10 MB

     Dynamical RAM for         addusstress:     403.85 MB

     Estimated static dynamical RAM per process >      49.08 MB

     Estimated max dynamical RAM per process >     467.28 MB

     Check: negative core charge=   -0.000022

     Initial potential from superposition of free atoms

     starting charge     235.9820, renormalised to     247.0000
     Starting wfcs are  255 randomized atomic wfcs
     Checking if some PAW data can be deallocated... 

     total cpu time spent up to now is        9.0 secs

     Self-consistent Calculation

     iteration #  1     ecut=    30.00 Ry     beta= 0.70
     Davidson diagonalization with overlap

---- Real-time Memory Report at c_bands before calling an iterative solver
           717 MiB given to the printing process from OS
             0 MiB allocation reported by mallinfo(arena+hblkhd)
         75654 MiB available memory on the node where the printing process lives
------------------
     ethr =  1.00E-02,  avg # of iterations =  2.0

     total cpu time spent up to now is       11.3 secs

     total energy              =   -4928.54878925 Ry
     estimated scf accuracy    <     234.81731542 Ry

     iteration #  2     ecut=    30.00 Ry     beta= 0.70
     Davidson diagonalization with overlap

---- Real-time Memory Report at c_bands before calling an iterative solver
           956 MiB given to the printing process from OS
             0 MiB allocation reported by mallinfo(arena+hblkhd)
         75571 MiB available memory on the node where the printing process lives
------------------
     ethr =  1.00E-02,  avg # of iterations =  8.0

     total cpu time spent up to now is       14.4 secs

     total energy              =   -5032.24623378 Ry
     estimated scf accuracy    <    1723.88178439 Ry

     iteration #  3     ecut=    30.00 Ry     beta= 0.70
     Davidson diagonalization with overlap

---- Real-time Memory Report at c_bands before calling an iterative solver
           959 MiB given to the printing process from OS
             0 MiB allocation reported by mallinfo(arena+hblkhd)
         75428 MiB available memory on the node where the printing process lives
------------------
     ethr =  1.00E-02,  avg # of iterations =  6.0

     total cpu time spent up to now is       16.4 secs

     total energy              =   -5115.44393699 Ry
     estimated scf accuracy    <     549.89344867 Ry

     iteration #  4     ecut=    30.00 Ry     beta= 0.70
     Davidson diagonalization with overlap

---- Real-time Memory Report at c_bands before calling an iterative solver
           961 MiB given to the printing process from OS
             0 MiB allocation reported by mallinfo(arena+hblkhd)
         75426 MiB available memory on the node where the printing process lives
------------------
     ethr =  1.00E-02,  avg # of iterations =  5.0
     Minimization algorithm failed to find Fermi energy: reverting to bisection
     Possible cause: smearing is larger than the electronic band-gap.

     total cpu time spent up to now is       18.2 secs

     total energy              =   -5131.64960346 Ry
     estimated scf accuracy    <     426.52155245 Ry

     iteration #  5     ecut=    30.00 Ry     beta= 0.70
     Davidson diagonalization with overlap

---- Real-time Memory Report at c_bands before calling an iterative solver
           961 MiB given to the printing process from OS
             0 MiB allocation reported by mallinfo(arena+hblkhd)
         75472 MiB available memory on the node where the printing process lives
------------------
     ethr =  1.00E-02,  avg # of iterations =  5.0

     total cpu time spent up to now is       20.0 secs

     total energy              =   -5129.90081202 Ry
     estimated scf accuracy    <     172.01690641 Ry

     iteration #  6     ecut=    30.00 Ry     beta= 0.70
     Davidson diagonalization with overlap

---- Real-time Memory Report at c_bands before calling an iterative solver
           961 MiB given to the printing process from OS
             0 MiB allocation reported by mallinfo(arena+hblkhd)
         75426 MiB available memory on the node where the printing process lives
------------------
     ethr =  1.00E-02,  avg # of iterations =  2.0

     total cpu time spent up to now is       21.6 secs

     total energy              =   -5123.92216958 Ry
     estimated scf accuracy    <     344.03940602 Ry

     iteration #  7     ecut=    30.00 Ry     beta= 0.70
     Davidson diagonalization with overlap

---- Real-time Memory Report at c_bands before calling an iterative solver
           961 MiB given to the printing process from OS
             0 MiB allocation reported by mallinfo(arena+hblkhd)
         75424 MiB available memory on the node where the printing process lives
------------------
     ethr =  1.00E-02,  avg # of iterations =  2.0

     total cpu time spent up to now is       23.3 secs

     total energy              =   -5121.92014171 Ry
     estimated scf accuracy    <     105.06767568 Ry

     iteration #  8     ecut=    30.00 Ry     beta= 0.70
     Davidson diagonalization with overlap

---- Real-time Memory Report at c_bands before calling an iterative solver
           961 MiB given to the printing process from OS
             0 MiB allocation reported by mallinfo(arena+hblkhd)
         75486 MiB available memory on the node where the printing process lives
------------------
     ethr =  1.00E-02,  avg # of iterations =  3.0

     total cpu time spent up to now is       24.9 secs

     total energy              =   -5120.17568411 Ry
     estimated scf accuracy    <     109.65844081 Ry

     iteration #  9     ecut=    30.00 Ry     beta= 0.70
     Davidson diagonalization with overlap

---- Real-time Memory Report at c_bands before calling an iterative solver
           961 MiB given to the printing process from OS
             0 MiB allocation reported by mallinfo(arena+hblkhd)
         75482 MiB available memory on the node where the printing process lives
------------------
     ethr =  1.00E-02,  avg # of iterations =  4.0

     total cpu time spent up to now is       26.5 secs

     total energy              =   -5109.25617302 Ry
     estimated scf accuracy    <     145.39187689 Ry

     iteration # 10     ecut=    30.00 Ry     beta= 0.70
     Davidson diagonalization with overlap

---- Real-time Memory Report at c_bands before calling an iterative solver
           961 MiB given to the printing process from OS
             0 MiB allocation reported by mallinfo(arena+hblkhd)
         75476 MiB available memory on the node where the printing process lives
------------------
     ethr =  1.00E-02,  avg # of iterations =  4.0

     total cpu time spent up to now is       28.2 secs

     total energy              =   -5093.60761399 Ry
     estimated scf accuracy    <     100.51757198 Ry

     iteration # 11     ecut=    30.00 Ry     beta= 0.70
     Davidson diagonalization with overlap

---- Real-time Memory Report at c_bands before calling an iterative solver
           974 MiB given to the printing process from OS
             0 MiB allocation reported by mallinfo(arena+hblkhd)
         75462 MiB available memory on the node where the printing process lives
------------------
     ethr =  1.00E-02,  avg # of iterations =  4.0

     total cpu time spent up to now is       30.0 secs

     total energy              =   -5109.63835834 Ry
     estimated scf accuracy    <     611.14093376 Ry

     iteration # 12     ecut=    30.00 Ry     beta= 0.70
     Davidson diagonalization with overlap

---- Real-time Memory Report at c_bands before calling an iterative solver
           974 MiB given to the printing process from OS
             0 MiB allocation reported by mallinfo(arena+hblkhd)
         75462 MiB available memory on the node where the printing process lives
------------------
     ethr =  1.00E-02,  avg # of iterations =  7.0

     total cpu time spent up to now is       31.8 secs

     total energy              =   -5121.20980240 Ry
     estimated scf accuracy    <     281.46891077 Ry

     iteration # 13     ecut=    30.00 Ry     beta= 0.70
     Davidson diagonalization with overlap

---- Real-time Memory Report at c_bands before calling an iterative solver
           977 MiB given to the printing process from OS
             0 MiB allocation reported by mallinfo(arena+hblkhd)
         75459 MiB available memory on the node where the printing process lives
------------------
     ethr =  1.00E-02,  avg # of iterations =  2.0

     total cpu time spent up to now is       33.4 secs

     total energy              =   -5119.75474782 Ry
     estimated scf accuracy    <     173.75811387 Ry

     iteration # 14     ecut=    30.00 Ry     beta= 0.70
     Davidson diagonalization with overlap

---- Real-time Memory Report at c_bands before calling an iterative solver
           977 MiB given to the printing process from OS
             0 MiB allocation reported by mallinfo(arena+hblkhd)
         75459 MiB available memory on the node where the printing process lives
------------------
     ethr =  1.00E-02,  avg # of iterations =  2.0

     total cpu time spent up to now is       35.0 secs

     total energy              =   -5117.85279723 Ry
     estimated scf accuracy    <     133.82612773 Ry

     iteration # 15     ecut=    30.00 Ry     beta= 0.70
     Davidson diagonalization with overlap

---- Real-time Memory Report at c_bands before calling an iterative solver
           977 MiB given to the printing process from OS
             0 MiB allocation reported by mallinfo(arena+hblkhd)
         75454 MiB available memory on the node where the printing process lives
------------------
     ethr =  1.00E-02,  avg # of iterations =  2.0

     total cpu time spent up to now is       36.6 secs

     total energy              =   -5121.37579647 Ry
     estimated scf accuracy    <     130.39907345 Ry

     iteration # 16     ecut=    30.00 Ry     beta= 0.70
     Davidson diagonalization with overlap

---- Real-time Memory Report at c_bands before calling an iterative solver
           977 MiB given to the printing process from OS
             0 MiB allocation reported by mallinfo(arena+hblkhd)
         75452 MiB available memory on the node where the printing process lives
------------------
     ethr =  1.00E-02,  avg # of iterations =  1.0

     total cpu time spent up to now is       38.2 secs

     total energy              =   -5110.20661777 Ry
     estimated scf accuracy    <     166.80746599 Ry

     iteration # 17     ecut=    30.00 Ry     beta= 0.70
     Davidson diagonalization with overlap

---- Real-time Memory Report at c_bands before calling an iterative solver
           977 MiB given to the printing process from OS
             0 MiB allocation reported by mallinfo(arena+hblkhd)
         75448 MiB available memory on the node where the printing process lives
------------------
     ethr =  1.00E-02,  avg # of iterations =  3.0

     total cpu time spent up to now is       39.8 secs

     total energy              =   -5113.43163957 Ry
     estimated scf accuracy    <     124.48397722 Ry

     iteration # 18     ecut=    30.00 Ry     beta= 0.70
     Davidson diagonalization with overlap

---- Real-time Memory Report at c_bands before calling an iterative solver
           977 MiB given to the printing process from OS
             0 MiB allocation reported by mallinfo(arena+hblkhd)
         75447 MiB available memory on the node where the printing process lives
------------------
     ethr =  1.00E-02,  avg # of iterations =  5.0

     total cpu time spent up to now is       41.6 secs

     total energy              =   -5106.29371220 Ry
     estimated scf accuracy    <     661.71097521 Ry

     iteration # 19     ecut=    30.00 Ry     beta= 0.70
     Davidson diagonalization with overlap

---- Real-time Memory Report at c_bands before calling an iterative solver
           977 MiB given to the printing process from OS
             0 MiB allocation reported by mallinfo(arena+hblkhd)
         75444 MiB available memory on the node where the printing process lives
------------------
     ethr =  1.00E-02,  avg # of iterations =  7.0

     total cpu time spent up to now is       43.4 secs

     total energy              =   -5109.18191315 Ry
     estimated scf accuracy    <     105.71725673 Ry

     iteration # 20     ecut=    30.00 Ry     beta= 0.70
     Davidson diagonalization with overlap

---- Real-time Memory Report at c_bands before calling an iterative solver
           977 MiB given to the printing process from OS
             0 MiB allocation reported by mallinfo(arena+hblkhd)
         75445 MiB available memory on the node where the printing process lives
------------------
     ethr =  1.00E-02,  avg # of iterations =  6.0

     total cpu time spent up to now is       45.4 secs

     total energy              =   -5112.87914691 Ry
     estimated scf accuracy    <     362.71139330 Ry

     iteration # 21     ecut=    30.00 Ry     beta= 0.70
     Davidson diagonalization with overlap

---- Real-time Memory Report at c_bands before calling an iterative solver
           977 MiB given to the printing process from OS
             0 MiB allocation reported by mallinfo(arena+hblkhd)
         75439 MiB available memory on the node where the printing process lives
------------------
     ethr =  1.00E-02,  avg # of iterations =  4.0

     total cpu time spent up to now is       47.3 secs

     total energy              =   -5119.56635953 Ry
     estimated scf accuracy    <     192.09771664 Ry

     iteration # 22     ecut=    30.00 Ry     beta= 0.70
     Davidson diagonalization with overlap

---- Real-time Memory Report at c_bands before calling an iterative solver
           977 MiB given to the printing process from OS
             0 MiB allocation reported by mallinfo(arena+hblkhd)
         75440 MiB available memory on the node where the printing process lives
------------------
     ethr =  1.00E-02,  avg # of iterations =  6.0

     total cpu time spent up to now is       49.1 secs

     total energy              =   -5120.27858921 Ry
     estimated scf accuracy    <     108.42286989 Ry

     iteration # 23     ecut=    30.00 Ry     beta= 0.70
     Davidson diagonalization with overlap

---- Real-time Memory Report at c_bands before calling an iterative solver
           977 MiB given to the printing process from OS
             0 MiB allocation reported by mallinfo(arena+hblkhd)
         75432 MiB available memory on the node where the printing process lives
------------------
     ethr =  1.00E-02,  avg # of iterations =  2.0

     total cpu time spent up to now is       50.6 secs

     total energy              =   -5120.30128181 Ry
     estimated scf accuracy    <      53.59183111 Ry

     iteration # 24     ecut=    30.00 Ry     beta= 0.70
     Davidson diagonalization with overlap

---- Real-time Memory Report at c_bands before calling an iterative solver
           977 MiB given to the printing process from OS
             0 MiB allocation reported by mallinfo(arena+hblkhd)
         75433 MiB available memory on the node where the printing process lives
------------------
     ethr =  1.00E-02,  avg # of iterations =  3.0

     total cpu time spent up to now is       52.3 secs

     total energy              =   -5103.45852542 Ry
     estimated scf accuracy    <     398.08137616 Ry

     iteration # 25     ecut=    30.00 Ry     beta= 0.70
     Davidson diagonalization with overlap

---- Real-time Memory Report at c_bands before calling an iterative solver
           977 MiB given to the printing process from OS
             0 MiB allocation reported by mallinfo(arena+hblkhd)
         75433 MiB available memory on the node where the printing process lives
------------------
     ethr =  1.00E-02,  avg # of iterations =  4.0

     total cpu time spent up to now is       54.0 secs

     total energy              =   -5111.88392144 Ry
     estimated scf accuracy    <     486.41431543 Ry

     iteration # 26     ecut=    30.00 Ry     beta= 0.70
     Davidson diagonalization with overlap

---- Real-time Memory Report at c_bands before calling an iterative solver
           977 MiB given to the printing process from OS
             0 MiB allocation reported by mallinfo(arena+hblkhd)
         75433 MiB available memory on the node where the printing process lives
------------------
     ethr =  1.00E-02,  avg # of iterations =  3.0

     total cpu time spent up to now is       55.7 secs

     total energy              =   -5106.47870261 Ry
     estimated scf accuracy    <     361.74129026 Ry

     iteration # 27     ecut=    30.00 Ry     beta= 0.70
     Davidson diagonalization with overlap

---- Real-time Memory Report at c_bands before calling an iterative solver
           977 MiB given to the printing process from OS
             0 MiB allocation reported by mallinfo(arena+hblkhd)
         75428 MiB available memory on the node where the printing process lives
------------------
     ethr =  1.00E-02,  avg # of iterations =  4.0

     total cpu time spent up to now is       57.5 secs

     total energy              =   -5112.04098620 Ry
     estimated scf accuracy    <     294.58216678 Ry

     iteration # 28     ecut=    30.00 Ry     beta= 0.70
     Davidson diagonalization with overlap

---- Real-time Memory Report at c_bands before calling an iterative solver
           977 MiB given to the printing process from OS
             0 MiB allocation reported by mallinfo(arena+hblkhd)
         75428 MiB available memory on the node where the printing process lives
------------------
     ethr =  1.00E-02,  avg # of iterations =  5.0

     total cpu time spent up to now is       59.2 secs

     total energy              =   -5110.77064558 Ry
     estimated scf accuracy    <     277.00381960 Ry

     iteration # 29     ecut=    30.00 Ry     beta= 0.70
     Davidson diagonalization with overlap

---- Real-time Memory Report at c_bands before calling an iterative solver
           977 MiB given to the printing process from OS
             0 MiB allocation reported by mallinfo(arena+hblkhd)
         75428 MiB available memory on the node where the printing process lives
------------------
     ethr =  1.00E-02,  avg # of iterations =  5.0

     total cpu time spent up to now is       61.0 secs

     total energy              =   -5112.84013483 Ry
     estimated scf accuracy    <     431.09231782 Ry

     iteration # 30     ecut=    30.00 Ry     beta= 0.70
     Davidson diagonalization with overlap

---- Real-time Memory Report at c_bands before calling an iterative solver
           977 MiB given to the printing process from OS
             0 MiB allocation reported by mallinfo(arena+hblkhd)
         75428 MiB available memory on the node where the printing process lives
------------------
     ethr =  1.00E-02,  avg # of iterations =  3.0

     total cpu time spent up to now is       62.6 secs

     total energy              =   -5116.41412819 Ry
     estimated scf accuracy    <     127.92052997 Ry

     iteration # 31     ecut=    30.00 Ry     beta= 0.70
     Davidson diagonalization with overlap

---- Real-time Memory Report at c_bands before calling an iterative solver
           977 MiB given to the printing process from OS
             0 MiB allocation reported by mallinfo(arena+hblkhd)
         75429 MiB available memory on the node where the printing process lives
------------------
     ethr =  1.00E-02,  avg # of iterations =  6.0

     total cpu time spent up to now is       64.3 secs

     total energy              =   -5116.28624500 Ry
     estimated scf accuracy    <     157.16925884 Ry

     iteration # 32     ecut=    30.00 Ry     beta= 0.70
     Davidson diagonalization with overlap

---- Real-time Memory Report at c_bands before calling an iterative solver
           977 MiB given to the printing process from OS
             0 MiB allocation reported by mallinfo(arena+hblkhd)
         75429 MiB available memory on the node where the printing process lives
------------------
     ethr =  1.00E-02,  avg # of iterations =  5.0

     total cpu time spent up to now is       66.1 secs

     total energy              =   -5104.91582104 Ry
     estimated scf accuracy    <     396.72987470 Ry

     iteration # 33     ecut=    30.00 Ry     beta= 0.70
     Davidson diagonalization with overlap

---- Real-time Memory Report at c_bands before calling an iterative solver
           977 MiB given to the printing process from OS
             0 MiB allocation reported by mallinfo(arena+hblkhd)
