
     Program PWSCF v.7.0 starts on 20May2023 at 20:36:36 

     This program is part of the open-source Quantum ESPRESSO suite
     for quantum simulation of materials; please cite
         "P. Giannozzi et al., J. Phys.:Condens. Matter 21 395502 (2009);
         "P. Giannozzi et al., J. Phys.:Condens. Matter 29 465901 (2017);
         "P. Giannozzi et al., J. Chem. Phys. 152 154105 (2020);
          URL http://www.quantum-espresso.org", 
     in publications or presentations arising from this work. More details at
     http://www.quantum-espresso.org/quote

     Parallel version (MPI & OpenMP), running on      32 processor cores
     Number of MPI processes:                 1
     Threads/MPI process:                    32

     MPI processes distributed on     1 nodes
     48393 MiB available memory on the printing compute node when the environment starts
 
     Reading input from espresso_20197.pwi
Warning: card &CELL ignored
Warning: card / ignored

     Current dimensions of program PWSCF are:
     Max number of different atomic species (ntypx) = 10
     Max number of k-points (npk) =  40000
     Max angular momentum in pseudopotentials (lmaxx) =  4

     gamma-point specific algorithms are used
     Message from routine setup:
     using ibrav=0 with symmetry is DISCOURAGED, use correct ibrav instead

     Subspace diagonalization in iterative solution of the eigenvalue problem:
     a serial algorithm will be used

 
     G-vector sticks info
     --------------------
     sticks:   dense  smooth     PW     G-vecs:    dense   smooth      PW
     Sum        1507     745    187                38421    13539    1687
 
     Using Slab Decomposition
 


     bravais-lattice index     =            0
     lattice parameter (alat)  =       9.5253  a.u.
     unit-cell volume          =     611.1197 (a.u.)^3
     number of atoms/cell      =            4
     number of atomic types    =            3
     number of electrons       =        40.00
     number of Kohn-Sham states=           24
     kinetic-energy cutoff     =      30.0000  Ry
     charge density cutoff     =     240.0000  Ry
     scf convergence threshold =      1.0E-06
     mixing beta               =       0.7000
     number of iterations used =            8  plain     mixing
     Exchange-correlation= SLA  PW   PBE  PBE
                           (   1   4   3   4   0   0   0)

     celldm(1)=   9.525339  celldm(2)=   0.000000  celldm(3)=   0.000000
     celldm(4)=   0.000000  celldm(5)=   0.000000  celldm(6)=   0.000000

     crystal axes: (cart. coord. in units of alat)
               a(1) = (   1.000000   0.000000   0.000000 )  
               a(2) = (   0.500000   0.866025   0.000000 )  
               a(3) = (   0.500000   0.288675   0.816497 )  

     reciprocal axes: (cart. coord. in units 2 pi/alat)
               b(1) = (  1.000000 -0.577350 -0.408248 )  
               b(2) = (  0.000000  1.154701 -0.408248 )  
               b(3) = (  0.000000  0.000000  1.224745 )  


     PseudoPot. # 1 for Li read from file:
     /home/pragov/projects/rrg-bengioy-ad/pragov/crystal_structure_design/SSSP/li_pbe_v1.4.uspp.F.UPF
     MD5 check sum: e912e257baa3777c20ea3d68f190483c
     Pseudo is Ultrasoft, Zval =  3.0
     Generated by new atomic code, or converted to UPF format
     Using radial grid of  751 points,  5 beta functions with: 
                l(1) =   0
                l(2) =   0
                l(3) =   0
                l(4) =   1
                l(5) =   1
     Q(r) pseudized with 10 coefficients,  rinner =    1.150   1.150   1.150


     PseudoPot. # 2 for Sc read from file:
     /home/pragov/projects/rrg-bengioy-ad/pragov/crystal_structure_design/SSSP/Sc_ONCV_PBE-1.0.oncvpsp.upf
     MD5 check sum: e21af8023abb52e52cb7cd3133e4a229
     Pseudo is Norm-conserving, Zval = 11.0
     Generated using ONCVPSP code by D. R. Hamann
     Using radial grid of 1662 points,  6 beta functions with: 
                l(1) =   0
                l(2) =   0
                l(3) =   1
                l(4) =   1
                l(5) =   2
                l(6) =   2

     PseudoPot. # 3 for Tl read from file:
     /home/pragov/projects/rrg-bengioy-ad/pragov/crystal_structure_design/SSSP/Tl_pbe_v1.2.uspp.F.UPF
     MD5 check sum: b76cf1f7e72655a2b2c53cf6385d7059
     Pseudo is Ultrasoft + core correction, Zval = 13.0
     Generated by new atomic code, or converted to UPF format
     Using radial grid of  899 points,  6 beta functions with: 
                l(1) =   0
                l(2) =   0
                l(3) =   1
                l(4) =   1
                l(5) =   2
                l(6) =   2
     Q(r) pseudized with  6 coefficients,  rinner =    1.100   1.100   1.100
                                                       1.100   1.100

     atomic species   valence    mass     pseudopotential
        Li             3.00     6.94000     Li( 1.00)
        Sc            11.00    44.95591     Sc( 1.00)
        Tl            13.00   204.38000     Tl( 1.00)

     12 Sym. Ops., with inversion, found


                                    s                        frac. trans.

      isym =  1     identity                                     

 cryst.   s( 1) = (     1          0          0      )
                  (     0          1          0      )
                  (     0          0          1      )

 cart.    s( 1) = (  1.0000000  0.0000000  0.0000000 )
                  (  0.0000000  1.0000000  0.0000000 )
                  (  0.0000000  0.0000000  1.0000000 )


      isym =  2     180 deg rotation - cart. axis [1,0,0]        

 cryst.   s( 2) = (     1          0          0      )
                  (     1         -1          0      )
                  (     1          0         -1      )

 cart.    s( 2) = (  1.0000000  0.0000000  0.0000000 )
                  (  0.0000000 -1.0000000 -0.0000000 )
                  (  0.0000000  0.0000000 -1.0000000 )


      isym =  3     120 deg rotation - cryst. axis [0,0,1]       

 cryst.   s( 3) = (    -1          1          0      )
                  (    -1          0          0      )
                  (    -1          0          1      )

 cart.    s( 3) = ( -0.5000000 -0.8660254  0.0000000 )
                  (  0.8660254 -0.5000000  0.0000000 )
                  (  0.0000000  0.0000000  1.0000000 )


      isym =  4     120 deg rotation - cryst. axis [0,0,-1]      

 cryst.   s( 4) = (     0         -1          0      )
                  (     1         -1          0      )
                  (     0         -1          1      )

 cart.    s( 4) = ( -0.5000000  0.8660254 -0.0000000 )
                  ( -0.8660254 -0.5000000  0.0000000 )
                  (  0.0000000  0.0000000  1.0000000 )


      isym =  5     180 deg rotation - cryst. axis [0,1,0]       

 cryst.   s( 5) = (     0         -1          0      )
                  (    -1          0          0      )
                  (     0          0         -1      )

 cart.    s( 5) = ( -0.5000000 -0.8660254  0.0000000 )
                  ( -0.8660254  0.5000000 -0.0000000 )
                  (  0.0000000  0.0000000 -1.0000000 )


      isym =  6     180 deg rotation - cryst. axis [1,1,0]       

 cryst.   s( 6) = (    -1          1          0      )
                  (     0          1          0      )
                  (     0          1         -1      )

 cart.    s( 6) = ( -0.5000000  0.8660254 -0.0000000 )
                  (  0.8660254  0.5000000 -0.0000000 )
                  (  0.0000000  0.0000000 -1.0000000 )


      isym =  7     inversion                                    

 cryst.   s( 7) = (    -1          0          0      )
                  (     0         -1          0      )
                  (     0          0         -1      )

 cart.    s( 7) = ( -1.0000000  0.0000000  0.0000000 )
                  (  0.0000000 -1.0000000 -0.0000000 )
                  (  0.0000000  0.0000000 -1.0000000 )


      isym =  8     inv. 180 deg rotation - cart. axis [1,0,0]   

 cryst.   s( 8) = (    -1          0          0      )
                  (    -1          1          0      )
                  (    -1          0          1      )

 cart.    s( 8) = ( -1.0000000  0.0000000 -0.0000000 )
                  (  0.0000000  1.0000000  0.0000000 )
                  (  0.0000000  0.0000000  1.0000000 )


      isym =  9     inv. 120 deg rotation - cryst. axis [0,0,1]  

 cryst.   s( 9) = (     1         -1          0      )
                  (     1          0          0      )
                  (     1          0         -1      )

 cart.    s( 9) = (  0.5000000  0.8660254 -0.0000000 )
                  ( -0.8660254  0.5000000 -0.0000000 )
                  (  0.0000000  0.0000000 -1.0000000 )


      isym = 10     inv. 120 deg rotation - cryst. axis [0,0,-1] 

 cryst.   s(10) = (     0          1          0      )
                  (    -1          1          0      )
                  (     0          1         -1      )

 cart.    s(10) = (  0.5000000 -0.8660254  0.0000000 )
                  (  0.8660254  0.5000000 -0.0000000 )
                  (  0.0000000  0.0000000 -1.0000000 )


      isym = 11     inv. 180 deg rotation - cryst. axis [0,1,0]  

 cryst.   s(11) = (     0          1          0      )
                  (     1          0          0      )
                  (     0          0          1      )

 cart.    s(11) = (  0.5000000  0.8660254 -0.0000000 )
                  (  0.8660254 -0.5000000  0.0000000 )
                  (  0.0000000  0.0000000  1.0000000 )


      isym = 12     inv. 180 deg rotation - cryst. axis [1,1,0]  

 cryst.   s(12) = (     1         -1          0      )
                  (     0         -1          0      )
                  (     0         -1          1      )

 cart.    s(12) = (  0.5000000 -0.8660254  0.0000000 )
                  ( -0.8660254 -0.5000000  0.0000000 )
                  (  0.0000000  0.0000000  1.0000000 )


   Cartesian axes

     site n.     atom                  positions (alat units)
         1           Li  tau(   1) = (   1.0000000   0.5773503   0.4082483  )
         2           Sc  tau(   2) = (   0.0000000   0.0000000   0.0000000  )
         3           Tl  tau(   3) = (   0.5000000   0.2886751   0.2041241  )
         4           Tl  tau(   4) = (   1.5000000   0.8660254   0.6123724  )

   Crystallographic axes

     site n.     atom                  positions (cryst. coord.)
         1           Li  tau(   1) = (  0.5000000  0.5000000  0.5000000  )
         2           Sc  tau(   2) = (  0.0000000  0.0000000  0.0000000  )
         3           Tl  tau(   3) = (  0.2500000  0.2500000  0.2500000  )
         4           Tl  tau(   4) = (  0.7500000  0.7500000  0.7500000  )

     number of k points=     1  Methfessel-Paxton smearing, width (Ry)=  0.0010
                       cart. coord. in units 2pi/alat
        k(    1) = (   0.0000000   0.0000000   0.0000000), wk =   2.0000000

                       cryst. coord.
        k(    1) = (   0.0000000   0.0000000   0.0000000), wk =   2.0000000

     Dense  grid:    19211 G-vectors     FFT dimensions: (  48,  48,  48)

     Smooth grid:     6770 G-vectors     FFT dimensions: (  36,  36,  36)

     Dynamical RAM for                 wfc:       0.31 MB

     Dynamical RAM for     wfc (w. buffer):       0.31 MB

     Dynamical RAM for           str. fact:       0.88 MB

     Dynamical RAM for           local pot:       0.00 MB

     Dynamical RAM for          nlocal pot:       0.82 MB

     Dynamical RAM for                qrad:       3.73 MB

     Dynamical RAM for          rho,v,vnew:       3.41 MB

     Dynamical RAM for               rhoin:       1.14 MB

     Dynamical RAM for            rho*nmix:       4.69 MB

     Dynamical RAM for           G-vectors:       1.15 MB

     Dynamical RAM for          h,s,v(r/c):       0.05 MB

     Dynamical RAM for          <psi|beta>:       0.01 MB

     Dynamical RAM for                 psi:       0.62 MB

     Dynamical RAM for                hpsi:       0.62 MB

     Dynamical RAM for                spsi:       0.62 MB

     Dynamical RAM for      wfcinit/wfcrot:       0.88 MB

     Dynamical RAM for           addusdens:      55.11 MB

     Dynamical RAM for          addusforce:      55.85 MB

     Dynamical RAM for         addusstress:      58.92 MB

     Estimated static dynamical RAM per process >      16.83 MB

     Estimated max dynamical RAM per process >      80.44 MB

     Check: negative core charge=   -0.000006

     Initial potential from superposition of free atoms

     starting charge      39.5369, renormalised to      40.0000

     negative rho (up, down):  1.010E-01 0.000E+00
     Starting wfcs are   33 randomized atomic wfcs

     total cpu time spent up to now is        5.9 secs

     Self-consistent Calculation

     iteration #  1     ecut=    30.00 Ry     beta= 0.70
     Davidson diagonalization with overlap

---- Real-time Memory Report at c_bands before calling an iterative solver
           300 MiB given to the printing process from OS
             0 MiB allocation reported by mallinfo(arena+hblkhd)
         48319 MiB available memory on the node where the printing process lives
------------------
     ethr =  1.00E-02,  avg # of iterations =  2.0

     Threshold (ethr) on eigenvalues was too large:
     Diagonalizing with lowered threshold

     Davidson diagonalization with overlap

---- Real-time Memory Report at c_bands before calling an iterative solver
           312 MiB given to the printing process from OS
             0 MiB allocation reported by mallinfo(arena+hblkhd)
         48304 MiB available memory on the node where the printing process lives
------------------
     ethr =  4.19E-04,  avg # of iterations =  2.0

     negative rho (up, down):  9.638E-02 0.000E+00

     total cpu time spent up to now is        8.3 secs

     total energy              =    -395.97979641 Ry
     estimated scf accuracy    <       0.18868436 Ry

     iteration #  2     ecut=    30.00 Ry     beta= 0.70
     Davidson diagonalization with overlap

---- Real-time Memory Report at c_bands before calling an iterative solver
           327 MiB given to the printing process from OS
             0 MiB allocation reported by mallinfo(arena+hblkhd)
         48287 MiB available memory on the node where the printing process lives
------------------
     ethr =  4.72E-04,  avg # of iterations =  5.0

     negative rho (up, down):  9.813E-02 0.000E+00

     total cpu time spent up to now is        9.4 secs

     total energy              =    -396.01550502 Ry
     estimated scf accuracy    <       0.07693083 Ry

     iteration #  3     ecut=    30.00 Ry     beta= 0.70
     Davidson diagonalization with overlap

---- Real-time Memory Report at c_bands before calling an iterative solver
           328 MiB given to the printing process from OS
             0 MiB allocation reported by mallinfo(arena+hblkhd)
         48315 MiB available memory on the node where the printing process lives
------------------
     ethr =  1.92E-04,  avg # of iterations =  6.0

     negative rho (up, down):  9.868E-02 0.000E+00

     total cpu time spent up to now is       10.5 secs

     total energy              =    -396.03148058 Ry
     estimated scf accuracy    <       0.01492208 Ry

     iteration #  4     ecut=    30.00 Ry     beta= 0.70
     Davidson diagonalization with overlap

---- Real-time Memory Report at c_bands before calling an iterative solver
           328 MiB given to the printing process from OS
             0 MiB allocation reported by mallinfo(arena+hblkhd)
         48293 MiB available memory on the node where the printing process lives
------------------
     ethr =  3.73E-05,  avg # of iterations =  6.0

     negative rho (up, down):  9.863E-02 0.000E+00

     total cpu time spent up to now is       11.5 secs

     total energy              =    -396.03635223 Ry
     estimated scf accuracy    <       0.00280757 Ry

     iteration #  5     ecut=    30.00 Ry     beta= 0.70
     Davidson diagonalization with overlap

---- Real-time Memory Report at c_bands before calling an iterative solver
           329 MiB given to the printing process from OS
             0 MiB allocation reported by mallinfo(arena+hblkhd)
         48291 MiB available memory on the node where the printing process lives
------------------
     ethr =  7.02E-06,  avg # of iterations =  6.0

     negative rho (up, down):  9.869E-02 0.000E+00

     total cpu time spent up to now is       12.2 secs

     total energy              =    -396.03691093 Ry
     estimated scf accuracy    <       0.00006323 Ry

     iteration #  6     ecut=    30.00 Ry     beta= 0.70
     Davidson diagonalization with overlap

---- Real-time Memory Report at c_bands before calling an iterative solver
           329 MiB given to the printing process from OS
             0 MiB allocation reported by mallinfo(arena+hblkhd)
         48288 MiB available memory on the node where the printing process lives
------------------
     ethr =  1.58E-07,  avg # of iterations =  5.0

     negative rho (up, down):  9.876E-02 0.000E+00

     total cpu time spent up to now is       12.6 secs

     total energy              =    -396.03697014 Ry
     estimated scf accuracy    <       0.00000975 Ry

     iteration #  7     ecut=    30.00 Ry     beta= 0.70
     Davidson diagonalization with overlap

---- Real-time Memory Report at c_bands before calling an iterative solver
           329 MiB given to the printing process from OS
             0 MiB allocation reported by mallinfo(arena+hblkhd)
         48282 MiB available memory on the node where the printing process lives
------------------
     ethr =  2.44E-08,  avg # of iterations =  4.0

     negative rho (up, down):  9.880E-02 0.000E+00

     total cpu time spent up to now is       12.8 secs

     total energy              =    -396.03697448 Ry
     estimated scf accuracy    <       0.00000102 Ry

     iteration #  8     ecut=    30.00 Ry     beta= 0.70
     Davidson diagonalization with overlap

---- Real-time Memory Report at c_bands before calling an iterative solver
           329 MiB given to the printing process from OS
             0 MiB allocation reported by mallinfo(arena+hblkhd)
         48287 MiB available memory on the node where the printing process lives
------------------
     ethr =  2.55E-09,  avg # of iterations =  3.0

     negative rho (up, down):  9.883E-02 0.000E+00

     total cpu time spent up to now is       13.1 secs

     End of self-consistent calculation

          k = 0.0000 0.0000 0.0000 (   844 PWs)   bands (ev):

   -39.3498 -38.8351 -17.4505 -17.4503 -17.4502  -1.0087  -1.0087  -0.9339
    -0.9338  -0.9338  -0.6105  -0.6104  -0.6103  -0.3387  -0.3386   1.2951
     7.2819   9.3470   9.3470   9.3471  12.3973  12.3974  12.9430  12.9432

     occupation numbers 
     1.0000   1.0000   1.0000   1.0000   1.0000   1.0000   1.0000   1.0000
     1.0000   1.0000   1.0000   1.0000   1.0000   1.0000   1.0000   1.0000
     1.0000   1.0000   1.0000   1.0000  -0.0000  -0.0000  -0.0000  -0.0000

     the Fermi energy is     9.7939 ev

!    total energy              =    -396.03697477 Ry
     estimated scf accuracy    <       0.00000023 Ry
     smearing contrib. (-TS)   =       0.00000000 Ry
     internal energy E=F+TS    =    -396.03697477 Ry

     The total energy is F=E-TS. E is the sum of the following terms:
     one-electron contribution =     -90.50700778 Ry
     hartree contribution      =      69.59866154 Ry
     xc contribution           =    -139.82248689 Ry
     ewald contribution        =    -235.30614164 Ry

     convergence has been achieved in   8 iterations

     negative rho (up, down):  9.883E-02 0.000E+00

     Forces acting on atoms (cartesian axes, Ry/au):

     atom    1 type  1   force =     0.00000000    0.00000000    0.00000000
     atom    2 type  2   force =     0.00000000    0.00000000    0.00000000
     atom    3 type  3   force =     0.00000000   -0.00000000   -0.00009588
     atom    4 type  3   force =    -0.00000000   -0.00000000    0.00009588
     The non-local contrib.  to forces
     atom    1 type  1   force =     0.00000000    0.00000000    0.00000000
     atom    2 type  2   force =     0.00000000   -0.00000000    0.00000000
     atom    3 type  3   force =    -0.00000000    0.00000000   -0.00006202
     atom    4 type  3   force =     0.00000000   -0.00000000    0.00006202
     The ionic contribution  to forces
     atom    1 type  1   force =    -0.00000000   -0.00000000    0.00000000
     atom    2 type  2   force =    -0.00000000   -0.00000000   -0.00000000
     atom    3 type  3   force =    -0.00000000    0.00000000   -0.00000000
     atom    4 type  3   force =     0.00000000    0.00000000    0.00000000
     The local contribution  to forces
     atom    1 type  1   force =    -0.00000043    0.00000285    0.00000042
     atom    2 type  2   force =     0.00006045   -0.00003197   -0.00003558
     atom    3 type  3   force =     0.00007419   -0.00001223    0.00017369
     atom    4 type  3   force =     0.00012851    0.00006474    0.00007732
     The core correction contribution to forces
     atom    1 type  1   force =     0.00000000    0.00000000    0.00000000
     atom    2 type  2   force =     0.00000000    0.00000000    0.00000000
     atom    3 type  3   force =    -0.00000097   -0.00000251    0.00001358
     atom    4 type  3   force =     0.00000798   -0.00000147    0.00000905
     The Hubbard contrib.    to forces
     atom    1 type  1   force =     0.00000000    0.00000000    0.00000000
     atom    2 type  2   force =     0.00000000    0.00000000    0.00000000
     atom    3 type  3   force =     0.00000000    0.00000000    0.00000000
     atom    4 type  3   force =     0.00000000    0.00000000    0.00000000
     The SCF correction term to forces
     atom    1 type  1   force =     0.00002253    0.00001348   -0.00001309
     atom    2 type  2   force =    -0.00009851   -0.00000259   -0.00001311
     atom    3 type  3   force =     0.00000933    0.00018632   -0.00015446
     atom    4 type  3   force =    -0.00008144   -0.00010915    0.00001416

     Total force =     0.000136     Total SCF correction =     0.000297
     SCF correction compared to forces is large: reduce conv_thr to get better values


     Computing stress (Cartesian axis) and pressure


     negative rho (up, down):  9.883E-02 0.000E+00
          total   stress  (Ry/bohr**3)                   (kbar)     P=       27.38
   0.00018618  -0.00000000   0.00000000           27.39       -0.00        0.00
  -0.00000000   0.00018618  -0.00000000           -0.00       27.39       -0.00
   0.00000000  -0.00000000   0.00018612            0.00       -0.00       27.38

     kinetic stress (kbar)   9947.76     -0.00      0.00
                               -0.00   9947.76     -0.00
                                0.00     -0.00   9947.68

     local   stress (kbar)   3640.38     -0.07      0.04
                               -0.07   3640.47      0.10
                                0.04      0.10   3640.38

     nonloc. stress (kbar)   4978.21      0.00      0.00
                                0.00   4978.21     -0.00
                                0.00     -0.00   4978.31

     hartree stress (kbar)   5584.47      0.02     -0.02
                                0.02   5584.43     -0.04
                               -0.02     -0.04   5584.47

     exc-cor stress (kbar)  18033.09      0.00     -0.00
                                0.00  18033.09     -0.00
                               -0.00     -0.00  18033.09

     corecor stress (kbar) -23276.05     -0.00      0.00
                               -0.00 -23276.05      0.00
                                0.00      0.00 -23276.06

     ewald   stress (kbar) -18880.49     -0.00      0.00
                               -0.00 -18880.49      0.00
                                0.00      0.00 -18880.49

     hubbard stress (kbar)      0.00      0.00      0.00
                                0.00      0.00      0.00
                                0.00      0.00      0.00

     DFT-D   stress (kbar)      0.00      0.00      0.00
                                0.00      0.00      0.00
                                0.00      0.00      0.00

     XDM     stress (kbar)      0.00      0.00      0.00
                                0.00      0.00      0.00
                                0.00      0.00      0.00

     dft-nl  stress (kbar)      0.00      0.00      0.00
                                0.00      0.00      0.00
                                0.00      0.00      0.00

     TS-vdW  stress (kbar)      0.00      0.00      0.00
                                0.00      0.00      0.00
                                0.00      0.00      0.00


                                0.00      0.00      0.00
                                0.00      0.00      0.00


                                0.00      0.00      0.00


     Writing all to output data dir new_calculations/myprefix.save/

 %%%%%%%%%%%%%%%%%%%%%%%%%%%%%%%%%%%%%%%%%%%%%%%%%%%%%%%%%%%%%%%%%%%%%%%%%%%%%%
     Error in routine write_rhog (1):
     error opening file new_calculations/myprefix.save/charge-density
 %%%%%%%%%%%%%%%%%%%%%%%%%%%%%%%%%%%%%%%%%%%%%%%%%%%%%%%%%%%%%%%%%%%%%%%%%%%%%%

     stopping ...
