
     Program PWSCF v.7.0 starts on 21May2023 at  5:49:23 

     This program is part of the open-source Quantum ESPRESSO suite
     for quantum simulation of materials; please cite
         "P. Giannozzi et al., J. Phys.:Condens. Matter 21 395502 (2009);
         "P. Giannozzi et al., J. Phys.:Condens. Matter 29 465901 (2017);
         "P. Giannozzi et al., J. Chem. Phys. 152 154105 (2020);
          URL http://www.quantum-espresso.org", 
     in publications or presentations arising from this work. More details at
     http://www.quantum-espresso.org/quote

     Parallel version (MPI & OpenMP), running on      32 processor cores
     Number of MPI processes:                 1
     Threads/MPI process:                    32

     MPI processes distributed on     1 nodes
     129712 MiB available memory on the printing compute node when the environment starts
 
     Reading input from espresso_11879.pwi
Warning: card &CELL ignored
Warning: card / ignored

     Current dimensions of program PWSCF are:
     Max number of different atomic species (ntypx) = 10
     Max number of k-points (npk) =  40000
     Max angular momentum in pseudopotentials (lmaxx) =  4
     file Fe.pbe-spn-kjpaw_psl.0.2.1.UPF: wavefunction(s)  3D renormalized

     gamma-point specific algorithms are used
     Message from routine setup:
     using ibrav=0 with symmetry is DISCOURAGED, use correct ibrav instead

     Subspace diagonalization in iterative solution of the eigenvalue problem:
     a serial algorithm will be used

 
     G-vector sticks info
     --------------------
     sticks:   dense  smooth     PW     G-vecs:    dense   smooth      PW
     Sum        1483     745    187                64331    22871    2861
 
     Using Slab Decomposition
 


     bravais-lattice index     =            0
     lattice parameter (alat)  =       9.4509  a.u.
     unit-cell volume          =    1024.3744 (a.u.)^3
     number of atoms/cell      =           12
     number of atomic types    =            3
     number of electrons       =       184.00
     number of Kohn-Sham states=          110
     kinetic-energy cutoff     =      30.0000  Ry
     charge density cutoff     =     240.0000  Ry
     scf convergence threshold =      1.0E-06
     mixing beta               =       0.7000
     number of iterations used =            8  plain     mixing
     Exchange-correlation=  SLA  PW   PBX  PBC
                           (   1   4   3   4   0   0   0)

     celldm(1)=   9.450851  celldm(2)=   0.000000  celldm(3)=   0.000000
     celldm(4)=   0.000000  celldm(5)=   0.000000  celldm(6)=   0.000000

     crystal axes: (cart. coord. in units of alat)
               a(1) = (   1.000000   0.000000   0.000000 )  
               a(2) = (  -0.500000   0.866025   0.000000 )  
               a(3) = (   0.000000   0.000000   1.401249 )  

     reciprocal axes: (cart. coord. in units 2 pi/alat)
               b(1) = (  1.000000  0.577350  0.000000 )  
               b(2) = (  0.000000  1.154700  0.000000 )  
               b(3) = (  0.000000  0.000000  0.713649 )  


     PseudoPot. # 1 for Lu read from file:
     /home/pragov/projects/rrg-bengioy-ad/pragov/crystal_structure_design/SSSP/Lu.GGA-PBE-paw-v1.0.UPF
     MD5 check sum: 9ceca61ee0c17e9380a83635bfffa61d
     Pseudo is Projector augmented-wave + core cor, Zval = 25.0
     Generated using ATOMPAW code
     Shape of augmentation charge: BESSEL
     Using radial grid of 1118 points,  8 beta functions with: 
                l(1) =   0
                l(2) =   0
                l(3) =   1
                l(4) =   1
                l(5) =   2
                l(6) =   2
                l(7) =   3
                l(8) =   3
     Q(r) pseudized with 0 coefficients 


     PseudoPot. # 2 for Fe read from file:
     /home/pragov/projects/rrg-bengioy-ad/pragov/crystal_structure_design/SSSP/Fe.pbe-spn-kjpaw_psl.0.2.1.UPF
     MD5 check sum: e86618425769142926afa95317d90200
     Pseudo is Projector augmented-wave + core cor, Zval = 16.0
     Generated using "atomic" code by A. Dal Corso  v.5.0.99 svn rev. 10869
     Shape of augmentation charge: PSQ
     Using radial grid of 1191 points,  6 beta functions with: 
                l(1) =   0
                l(2) =   0
                l(3) =   1
                l(4) =   1
                l(5) =   2
                l(6) =   2
     Q(r) pseudized with 0 coefficients 


     PseudoPot. # 3 for B  read from file:
     /home/pragov/projects/rrg-bengioy-ad/pragov/crystal_structure_design/SSSP/b_pbe_v1.4.uspp.F.UPF
     MD5 check sum: cc6de2960df11db49a60e589f9ebb39b
     Pseudo is Ultrasoft + core correction, Zval =  3.0
     Generated by new atomic code, or converted to UPF format
     Using radial grid of  781 points,  4 beta functions with: 
                l(1) =   0
                l(2) =   0
                l(3) =   1
                l(4) =   1
     Q(r) pseudized with  8 coefficients,  rinner =    1.100   1.100   1.100


     atomic species   valence    mass     pseudopotential
        Lu            25.00   174.96680     Lu( 1.00)
        Fe            16.00    55.84500     Fe( 1.00)
        B              3.00    10.81000     B ( 1.00)

     24 Sym. Ops., with inversion, found


                                    s                        frac. trans.

      isym =  1     identity                                     

 cryst.   s( 1) = (     1          0          0      )
                  (     0          1          0      )
                  (     0          0          1      )

 cart.    s( 1) = (  1.0000000 -0.0000000  0.0000000 )
                  (  0.0000000  1.0000000  0.0000000 )
                  (  0.0000000  0.0000000  1.0000000 )


      isym =  2     180 deg rotation - cart. axis [0,0,1]        

 cryst.   s( 2) = (    -1          0          0      )
                  (     0         -1          0      )
                  (     0          0          1      )

 cart.    s( 2) = ( -1.0000000  0.0000000  0.0000000 )
                  (  0.0000000 -1.0000000  0.0000000 )
                  (  0.0000000  0.0000000  1.0000000 )


      isym =  3     180 deg rotation - cart. axis [0,1,0]        

 cryst.   s( 3) = (    -1          0          0      )
                  (     1          1          0      )
                  (     0          0         -1      )

 cart.    s( 3) = ( -1.0000000 -0.0000002  0.0000000 )
                  (  0.0000000  1.0000000  0.0000000 )
                  (  0.0000000  0.0000000 -1.0000000 )


      isym =  4     180 deg rotation - cart. axis [1,0,0]        

 cryst.   s( 4) = (     1          0          0      )
                  (    -1         -1          0      )
                  (     0          0         -1      )

 cart.    s( 4) = (  1.0000000  0.0000002  0.0000000 )
                  (  0.0000000 -1.0000000  0.0000000 )
                  (  0.0000000  0.0000000 -1.0000000 )


      isym =  5      60 deg rotation - cryst. axis [0,0,1]       

 cryst.   s( 5) = (     1          1          0      )
                  (    -1          0          0      )
                  (     0          0          1      )

 cart.    s( 5) = (  0.4999999 -0.8660253  0.0000000 )
                  (  0.8660255  0.5000001  0.0000000 )
                  (  0.0000000  0.0000000  1.0000000 )


      isym =  6      60 deg rotation - cryst. axis [0,0,-1]      

 cryst.   s( 6) = (     0         -1          0      )
                  (     1          1          0      )
                  (     0          0          1      )

 cart.    s( 6) = (  0.5000001  0.8660253  0.0000000 )
                  ( -0.8660255  0.4999999  0.0000000 )
                  (  0.0000000  0.0000000  1.0000000 )


      isym =  7     120 deg rotation - cryst. axis [0,0,1]       

 cryst.   s( 7) = (     0          1          0      )
                  (    -1         -1          0      )
                  (     0          0          1      )

 cart.    s( 7) = ( -0.5000001 -0.8660253  0.0000000 )
                  (  0.8660255 -0.4999999  0.0000000 )
                  (  0.0000000  0.0000000  1.0000000 )


      isym =  8     120 deg rotation - cryst. axis [0,0,-1]      

 cryst.   s( 8) = (    -1         -1          0      )
                  (     1          0          0      )
                  (     0          0          1      )

 cart.    s( 8) = ( -0.4999999  0.8660253  0.0000000 )
                  ( -0.8660255 -0.5000001  0.0000000 )
                  (  0.0000000  0.0000000  1.0000000 )


      isym =  9     180 deg rotation - cryst. axis [1,-1,0]      

 cryst.   s( 9) = (     0         -1          0      )
                  (    -1          0          0      )
                  (     0          0         -1      )

 cart.    s( 9) = (  0.5000001 -0.8660252  0.0000000 )
                  ( -0.8660255 -0.5000001  0.0000000 )
                  (  0.0000000  0.0000000 -1.0000000 )


      isym = 10     180 deg rotation - cryst. axis [2,1,0]       

 cryst.   s(10) = (     1          1          0      )
                  (     0         -1          0      )
                  (     0          0         -1      )

 cart.    s(10) = (  0.4999999  0.8660254  0.0000000 )
                  (  0.8660255 -0.4999999  0.0000000 )
                  (  0.0000000  0.0000000 -1.0000000 )


      isym = 11     180 deg rotation - cryst. axis [0,1,0]       

 cryst.   s(11) = (    -1         -1          0      )
                  (     0          1          0      )
                  (     0          0         -1      )

 cart.    s(11) = ( -0.4999999 -0.8660254  0.0000000 )
                  ( -0.8660255  0.4999999  0.0000000 )
                  (  0.0000000  0.0000000 -1.0000000 )


      isym = 12     180 deg rotation - cryst. axis [1,1,0]       

 cryst.   s(12) = (     0          1          0      )
                  (     1          0          0      )
                  (     0          0         -1      )

 cart.    s(12) = ( -0.5000001  0.8660252  0.0000000 )
                  (  0.8660255  0.5000001  0.0000000 )
                  (  0.0000000  0.0000000 -1.0000000 )


      isym = 13     inversion                                    

 cryst.   s(13) = (    -1          0          0      )
                  (     0         -1          0      )
                  (     0          0         -1      )

 cart.    s(13) = ( -1.0000000  0.0000000  0.0000000 )
                  (  0.0000000 -1.0000000  0.0000000 )
                  (  0.0000000  0.0000000 -1.0000000 )


      isym = 14     inv. 180 deg rotation - cart. axis [0,0,1]   

 cryst.   s(14) = (     1          0          0      )
                  (     0          1          0      )
                  (     0          0         -1      )

 cart.    s(14) = (  1.0000000 -0.0000000  0.0000000 )
                  (  0.0000000  1.0000000  0.0000000 )
                  (  0.0000000  0.0000000 -1.0000000 )


      isym = 15     inv. 180 deg rotation - cart. axis [0,1,0]   

 cryst.   s(15) = (     1          0          0      )
                  (    -1         -1          0      )
                  (     0          0          1      )

 cart.    s(15) = (  1.0000000  0.0000002  0.0000000 )
                  (  0.0000000 -1.0000000  0.0000000 )
                  (  0.0000000  0.0000000  1.0000000 )


      isym = 16     inv. 180 deg rotation - cart. axis [1,0,0]   

 cryst.   s(16) = (    -1          0          0      )
                  (     1          1          0      )
                  (     0          0          1      )

 cart.    s(16) = ( -1.0000000 -0.0000002  0.0000000 )
                  (  0.0000000  1.0000000  0.0000000 )
                  (  0.0000000  0.0000000  1.0000000 )


      isym = 17     inv.  60 deg rotation - cryst. axis [0,0,1]  

 cryst.   s(17) = (    -1         -1          0      )
                  (     1          0          0      )
                  (     0          0         -1      )

 cart.    s(17) = ( -0.4999999  0.8660253  0.0000000 )
                  ( -0.8660255 -0.5000001  0.0000000 )
                  (  0.0000000  0.0000000 -1.0000000 )


      isym = 18     inv.  60 deg rotation - cryst. axis [0,0,-1] 

 cryst.   s(18) = (     0          1          0      )
                  (    -1         -1          0      )
                  (     0          0         -1      )

 cart.    s(18) = ( -0.5000001 -0.8660253  0.0000000 )
                  (  0.8660255 -0.4999999  0.0000000 )
                  (  0.0000000  0.0000000 -1.0000000 )


      isym = 19     inv. 120 deg rotation - cryst. axis [0,0,1]  

 cryst.   s(19) = (     0         -1          0      )
                  (     1          1          0      )
                  (     0          0         -1      )

 cart.    s(19) = (  0.5000001  0.8660253  0.0000000 )
                  ( -0.8660255  0.4999999  0.0000000 )
                  (  0.0000000  0.0000000 -1.0000000 )


      isym = 20     inv. 120 deg rotation - cryst. axis [0,0,-1] 

 cryst.   s(20) = (     1          1          0      )
                  (    -1          0          0      )
                  (     0          0         -1      )

 cart.    s(20) = (  0.4999999 -0.8660253  0.0000000 )
                  (  0.8660255  0.5000001  0.0000000 )
                  (  0.0000000  0.0000000 -1.0000000 )


      isym = 21     inv. 180 deg rotation - cryst. axis [1,-1,0] 

 cryst.   s(21) = (     0          1          0      )
                  (     1          0          0      )
                  (     0          0          1      )

 cart.    s(21) = ( -0.5000001  0.8660252  0.0000000 )
                  (  0.8660255  0.5000001  0.0000000 )
                  (  0.0000000  0.0000000  1.0000000 )


      isym = 22     inv. 180 deg rotation - cryst. axis [2,1,0]  

 cryst.   s(22) = (    -1         -1          0      )
                  (     0          1          0      )
                  (     0          0          1      )

 cart.    s(22) = ( -0.4999999 -0.8660254  0.0000000 )
                  ( -0.8660255  0.4999999  0.0000000 )
                  (  0.0000000  0.0000000  1.0000000 )


      isym = 23     inv. 180 deg rotation - cryst. axis [0,1,0]  

 cryst.   s(23) = (     1          1          0      )
                  (     0         -1          0      )
                  (     0          0          1      )

 cart.    s(23) = (  0.4999999  0.8660254  0.0000000 )
                  (  0.8660255 -0.4999999  0.0000000 )
                  (  0.0000000  0.0000000  1.0000000 )


      isym = 24     inv. 180 deg rotation - cryst. axis [1,1,0]  

 cryst.   s(24) = (     0         -1          0      )
                  (    -1          0          0      )
                  (     0          0          1      )

 cart.    s(24) = (  0.5000001 -0.8660252  0.0000000 )
                  ( -0.8660255 -0.5000001  0.0000000 )
                  (  0.0000000  0.0000000  1.0000000 )


   Cartesian axes

     site n.     atom                  positions (alat units)
         1           Lu  tau(   1) = (   0.0000000   0.0000000   0.0000000  )
         2           Lu  tau(   2) = (   0.0000000   0.0000000   0.7006245  )
         3           Fe  tau(   3) = (   0.5000005   0.2886749   0.0000000  )
         4           Fe  tau(   4) = (  -0.0000006   0.5773506   0.0000000  )
         5           Fe  tau(   5) = (   0.2499999   0.4330127   1.0008168  )
         6           Fe  tau(   6) = (   0.5000000   0.0000000   1.0008168  )
         7           Fe  tau(   7) = (  -0.2500001   0.4330127   1.0008168  )
         8           Fe  tau(   8) = (   0.2499999   0.4330127   0.4004321  )
         9           Fe  tau(   9) = (   0.5000000   0.0000000   0.4004321  )
        10           Fe  tau(  10) = (  -0.2500001   0.4330127   0.4004321  )
        11           B   tau(  11) = (   0.5000005   0.2886749   0.7006245  )
        12           B   tau(  12) = (  -0.0000006   0.5773506   0.7006245  )

   Crystallographic axes

     site n.     atom                  positions (cryst. coord.)
         1           Lu  tau(   1) = (  0.0000000  0.0000000  0.0000000  )
         2           Lu  tau(   2) = (  0.0000000  0.0000000  0.5000000  )
         3           Fe  tau(   3) = (  0.6666670  0.3333330  0.0000000  )
         4           Fe  tau(   4) = (  0.3333330  0.6666670  0.0000000  )
         5           Fe  tau(   5) = (  0.5000000  0.5000000  0.7142320  )
         6           Fe  tau(   6) = (  0.5000000  0.0000000  0.7142320  )
         7           Fe  tau(   7) = (  0.0000000  0.5000000  0.7142320  )
         8           Fe  tau(   8) = (  0.5000000  0.5000000  0.2857680  )
         9           Fe  tau(   9) = (  0.5000000  0.0000000  0.2857680  )
        10           Fe  tau(  10) = (  0.0000000  0.5000000  0.2857680  )
        11           B   tau(  11) = (  0.6666670  0.3333330  0.5000000  )
        12           B   tau(  12) = (  0.3333330  0.6666670  0.5000000  )

     number of k points=     1  Methfessel-Paxton smearing, width (Ry)=  0.0010
                       cart. coord. in units 2pi/alat
        k(    1) = (   0.0000000   0.0000000   0.0000000), wk =   2.0000000

                       cryst. coord.
        k(    1) = (   0.0000000   0.0000000   0.0000000), wk =   2.0000000

     Dense  grid:    32166 G-vectors     FFT dimensions: (  48,  48,  72)

     Smooth grid:    11436 G-vectors     FFT dimensions: (  36,  36,  48)

     Dynamical RAM for                 wfc:       2.39 MB

     Dynamical RAM for     wfc (w. buffer):       2.39 MB

     Dynamical RAM for           str. fact:       1.47 MB

     Dynamical RAM for           local pot:       0.00 MB

     Dynamical RAM for          nlocal pot:       4.86 MB

     Dynamical RAM for                qrad:       8.96 MB

     Dynamical RAM for          rho,v,vnew:       5.27 MB

     Dynamical RAM for               rhoin:       1.76 MB

     Dynamical RAM for            rho*nmix:       7.85 MB

     Dynamical RAM for           G-vectors:       1.93 MB

     Dynamical RAM for          h,s,v(r/c):       1.11 MB

     Dynamical RAM for          <psi|beta>:       0.19 MB

     Dynamical RAM for                 psi:       4.77 MB

     Dynamical RAM for                hpsi:       4.77 MB

     Dynamical RAM for                spsi:       4.77 MB

     Dynamical RAM for      wfcinit/wfcrot:       8.34 MB

     Dynamical RAM for           addusdens:     276.33 MB

     Dynamical RAM for          addusforce:     283.54 MB

     Dynamical RAM for         addusstress:     285.65 MB

     Estimated static dynamical RAM per process >      34.92 MB

     Estimated max dynamical RAM per process >     328.42 MB

     Check: negative core charge=   -0.000246

     Initial potential from superposition of free atoms

     starting charge     183.9884, renormalised to     184.0000
     Starting wfcs are  176 randomized atomic wfcs
     Checking if some PAW data can be deallocated... 

     total cpu time spent up to now is       13.0 secs

     Self-consistent Calculation

     iteration #  1     ecut=    30.00 Ry     beta= 0.70
     Davidson diagonalization with overlap

---- Real-time Memory Report at c_bands before calling an iterative solver
           589 MiB given to the printing process from OS
             0 MiB allocation reported by mallinfo(arena+hblkhd)
        126916 MiB available memory on the node where the printing process lives
------------------
     ethr =  1.00E-02,  avg # of iterations =  2.0

     total cpu time spent up to now is       17.7 secs

     total energy              =   -4802.84550670 Ry
     estimated scf accuracy    <       2.23898204 Ry

     iteration #  2     ecut=    30.00 Ry     beta= 0.70
     Davidson diagonalization with overlap

---- Real-time Memory Report at c_bands before calling an iterative solver
           755 MiB given to the printing process from OS
             0 MiB allocation reported by mallinfo(arena+hblkhd)
        126070 MiB available memory on the node where the printing process lives
------------------
     ethr =  1.22E-03,  avg # of iterations =  7.0
     Minimization algorithm failed to find Fermi energy: reverting to bisection
     Possible cause: smearing is larger than the electronic band-gap.

     total cpu time spent up to now is       20.1 secs

     total energy              =   -4797.33135617 Ry
     estimated scf accuracy    <      81.28480298 Ry

     iteration #  3     ecut=    30.00 Ry     beta= 0.70
     Davidson diagonalization with overlap

---- Real-time Memory Report at c_bands before calling an iterative solver
           758 MiB given to the printing process from OS
             0 MiB allocation reported by mallinfo(arena+hblkhd)
        125601 MiB available memory on the node where the printing process lives
------------------
     ethr =  1.22E-03,  avg # of iterations =  4.0

     total cpu time spent up to now is       22.2 secs

     total energy              =   -4801.81970248 Ry
     estimated scf accuracy    <      65.35392164 Ry

     iteration #  4     ecut=    30.00 Ry     beta= 0.70
     Davidson diagonalization with overlap

---- Real-time Memory Report at c_bands before calling an iterative solver
           758 MiB given to the printing process from OS
             0 MiB allocation reported by mallinfo(arena+hblkhd)
        125469 MiB available memory on the node where the printing process lives
------------------
     ethr =  1.22E-03,  avg # of iterations =  3.0

     total cpu time spent up to now is       24.3 secs

     total energy              =   -4803.95101630 Ry
     estimated scf accuracy    <       3.76170060 Ry

     iteration #  5     ecut=    30.00 Ry     beta= 0.70
     Davidson diagonalization with overlap

---- Real-time Memory Report at c_bands before calling an iterative solver
           758 MiB given to the printing process from OS
             0 MiB allocation reported by mallinfo(arena+hblkhd)
        124879 MiB available memory on the node where the printing process lives
------------------
     ethr =  1.22E-03,  avg # of iterations =  3.0

     total cpu time spent up to now is       26.2 secs

     total energy              =   -4804.10101906 Ry
     estimated scf accuracy    <       1.55542037 Ry

     iteration #  6     ecut=    30.00 Ry     beta= 0.70
     Davidson diagonalization with overlap

---- Real-time Memory Report at c_bands before calling an iterative solver
           758 MiB given to the printing process from OS
             0 MiB allocation reported by mallinfo(arena+hblkhd)
        124472 MiB available memory on the node where the printing process lives
------------------
     ethr =  8.45E-04,  avg # of iterations =  5.0

     total cpu time spent up to now is       28.2 secs

     total energy              =   -4804.08223426 Ry
     estimated scf accuracy    <       3.48792567 Ry

     iteration #  7     ecut=    30.00 Ry     beta= 0.70
     Davidson diagonalization with overlap

---- Real-time Memory Report at c_bands before calling an iterative solver
           758 MiB given to the printing process from OS
             0 MiB allocation reported by mallinfo(arena+hblkhd)
        124135 MiB available memory on the node where the printing process lives
------------------
     ethr =  8.45E-04,  avg # of iterations =  1.0

     total cpu time spent up to now is       30.1 secs

     total energy              =   -4804.17968357 Ry
     estimated scf accuracy    <       0.53176458 Ry

     iteration #  8     ecut=    30.00 Ry     beta= 0.70
     Davidson diagonalization with overlap

---- Real-time Memory Report at c_bands before calling an iterative solver
           758 MiB given to the printing process from OS
             0 MiB allocation reported by mallinfo(arena+hblkhd)
        123745 MiB available memory on the node where the printing process lives
------------------
     ethr =  2.89E-04,  avg # of iterations =  6.0

     total cpu time spent up to now is       32.5 secs

     total energy              =   -4804.13567812 Ry
     estimated scf accuracy    <       2.54808623 Ry

     iteration #  9     ecut=    30.00 Ry     beta= 0.70
     Davidson diagonalization with overlap

---- Real-time Memory Report at c_bands before calling an iterative solver
           758 MiB given to the printing process from OS
             0 MiB allocation reported by mallinfo(arena+hblkhd)
        123340 MiB available memory on the node where the printing process lives
------------------
     ethr =  2.89E-04,  avg # of iterations =  1.0

     total cpu time spent up to now is       34.5 secs

     total energy              =   -4804.16431606 Ry
     estimated scf accuracy    <       1.67575626 Ry

     iteration # 10     ecut=    30.00 Ry     beta= 0.70
     Davidson diagonalization with overlap

---- Real-time Memory Report at c_bands before calling an iterative solver
           758 MiB given to the printing process from OS
             0 MiB allocation reported by mallinfo(arena+hblkhd)
        122795 MiB available memory on the node where the printing process lives
------------------
     ethr =  2.89E-04,  avg # of iterations =  1.0

     total cpu time spent up to now is       36.4 secs

     total energy              =   -4804.17976414 Ry
     estimated scf accuracy    <       0.34968958 Ry

     iteration # 11     ecut=    30.00 Ry     beta= 0.70
     Davidson diagonalization with overlap

---- Real-time Memory Report at c_bands before calling an iterative solver
           758 MiB given to the printing process from OS
             0 MiB allocation reported by mallinfo(arena+hblkhd)
        122344 MiB available memory on the node where the printing process lives
------------------
     ethr =  1.90E-04,  avg # of iterations =  1.0

     total cpu time spent up to now is       38.3 secs

     total energy              =   -4804.17777225 Ry
     estimated scf accuracy    <       0.74754950 Ry

     iteration # 12     ecut=    30.00 Ry     beta= 0.70
     Davidson diagonalization with overlap

---- Real-time Memory Report at c_bands before calling an iterative solver
           758 MiB given to the printing process from OS
             0 MiB allocation reported by mallinfo(arena+hblkhd)
        121975 MiB available memory on the node where the printing process lives
------------------
     ethr =  1.90E-04,  avg # of iterations =  1.0

     total cpu time spent up to now is       40.4 secs

     total energy              =   -4804.17185337 Ry
     estimated scf accuracy    <       0.27947494 Ry

     iteration # 13     ecut=    30.00 Ry     beta= 0.70
     Davidson diagonalization with overlap

---- Real-time Memory Report at c_bands before calling an iterative solver
           758 MiB given to the printing process from OS
             0 MiB allocation reported by mallinfo(arena+hblkhd)
        121584 MiB available memory on the node where the printing process lives
------------------
     ethr =  1.52E-04,  avg # of iterations =  2.0

     total cpu time spent up to now is       43.6 secs

     total energy              =   -4804.05746643 Ry
     estimated scf accuracy    <       5.59158188 Ry

     iteration # 14     ecut=    30.00 Ry     beta= 0.70
     Davidson diagonalization with overlap

---- Real-time Memory Report at c_bands before calling an iterative solver
           758 MiB given to the printing process from OS
             0 MiB allocation reported by mallinfo(arena+hblkhd)
        121097 MiB available memory on the node where the printing process lives
------------------
     ethr =  1.52E-04,  avg # of iterations =  2.0

     total cpu time spent up to now is       45.5 secs

     total energy              =   -4804.18233896 Ry
     estimated scf accuracy    <       0.55071657 Ry

     iteration # 15     ecut=    30.00 Ry     beta= 0.70
     Davidson diagonalization with overlap

---- Real-time Memory Report at c_bands before calling an iterative solver
           758 MiB given to the printing process from OS
             0 MiB allocation reported by mallinfo(arena+hblkhd)
        120676 MiB available memory on the node where the printing process lives
------------------
     ethr =  1.52E-04,  avg # of iterations =  1.0

     total cpu time spent up to now is       47.4 secs

     total energy              =   -4804.19157363 Ry
     estimated scf accuracy    <       0.22108259 Ry

     iteration # 16     ecut=    30.00 Ry     beta= 0.70
     Davidson diagonalization with overlap

---- Real-time Memory Report at c_bands before calling an iterative solver
           758 MiB given to the printing process from OS
             0 MiB allocation reported by mallinfo(arena+hblkhd)
        120080 MiB available memory on the node where the printing process lives
------------------
     ethr =  1.20E-04,  avg # of iterations =  1.0

     total cpu time spent up to now is       49.2 secs

     total energy              =   -4804.17752142 Ry
     estimated scf accuracy    <       0.46055185 Ry

     iteration # 17     ecut=    30.00 Ry     beta= 0.70
     Davidson diagonalization with overlap

---- Real-time Memory Report at c_bands before calling an iterative solver
           759 MiB given to the printing process from OS
             0 MiB allocation reported by mallinfo(arena+hblkhd)
        119804 MiB available memory on the node where the printing process lives
------------------
     ethr =  1.20E-04,  avg # of iterations =  2.0

     total cpu time spent up to now is       51.2 secs

     total energy              =   -4804.15229024 Ry
     estimated scf accuracy    <       1.82803281 Ry

     iteration # 18     ecut=    30.00 Ry     beta= 0.70
     Davidson diagonalization with overlap

---- Real-time Memory Report at c_bands before calling an iterative solver
           759 MiB given to the printing process from OS
             0 MiB allocation reported by mallinfo(arena+hblkhd)
        119209 MiB available memory on the node where the printing process lives
------------------
     ethr =  1.20E-04,  avg # of iterations =  2.0

     total cpu time spent up to now is       53.6 secs

     total energy              =   -4804.19105192 Ry
     estimated scf accuracy    <       0.09879966 Ry

     iteration # 19     ecut=    30.00 Ry     beta= 0.70
     Davidson diagonalization with overlap

---- Real-time Memory Report at c_bands before calling an iterative solver
           759 MiB given to the printing process from OS
             0 MiB allocation reported by mallinfo(arena+hblkhd)
        118677 MiB available memory on the node where the printing process lives
------------------
     ethr =  5.37E-05,  avg # of iterations =  2.0

     total cpu time spent up to now is       55.5 secs

     total energy              =   -4804.14571188 Ry
     estimated scf accuracy    <       2.60452468 Ry

     iteration # 20     ecut=    30.00 Ry     beta= 0.70
     Davidson diagonalization with overlap

---- Real-time Memory Report at c_bands before calling an iterative solver
           759 MiB given to the printing process from OS
             0 MiB allocation reported by mallinfo(arena+hblkhd)
        118665 MiB available memory on the node where the printing process lives
------------------
     ethr =  5.37E-05,  avg # of iterations =  2.0

     total cpu time spent up to now is       57.4 secs

     total energy              =   -4804.16693504 Ry
     estimated scf accuracy    <       0.86413483 Ry

     iteration # 21     ecut=    30.00 Ry     beta= 0.70
     Davidson diagonalization with overlap

---- Real-time Memory Report at c_bands before calling an iterative solver
           759 MiB given to the printing process from OS
             0 MiB allocation reported by mallinfo(arena+hblkhd)
        118255 MiB available memory on the node where the printing process lives
------------------
     ethr =  5.37E-05,  avg # of iterations =  2.0

     total cpu time spent up to now is       59.3 secs

     total energy              =   -4804.17957757 Ry
     estimated scf accuracy    <       1.11325183 Ry

     iteration # 22     ecut=    30.00 Ry     beta= 0.70
     Davidson diagonalization with overlap

---- Real-time Memory Report at c_bands before calling an iterative solver
           759 MiB given to the printing process from OS
             0 MiB allocation reported by mallinfo(arena+hblkhd)
        117839 MiB available memory on the node where the printing process lives
------------------
     ethr =  5.37E-05,  avg # of iterations =  2.0

     total cpu time spent up to now is       61.3 secs

     total energy              =   -4804.18589912 Ry
     estimated scf accuracy    <       0.38962091 Ry

     iteration # 23     ecut=    30.00 Ry     beta= 0.70
     Davidson diagonalization with overlap

---- Real-time Memory Report at c_bands before calling an iterative solver
           759 MiB given to the printing process from OS
             0 MiB allocation reported by mallinfo(arena+hblkhd)
        117566 MiB available memory on the node where the printing process lives
------------------
     ethr =  5.37E-05,  avg # of iterations =  1.0

     total cpu time spent up to now is       63.2 secs

     total energy              =   -4804.18480462 Ry
     estimated scf accuracy    <       0.55970421 Ry

     iteration # 24     ecut=    30.00 Ry     beta= 0.70
     Davidson diagonalization with overlap

---- Real-time Memory Report at c_bands before calling an iterative solver
           759 MiB given to the printing process from OS
             0 MiB allocation reported by mallinfo(arena+hblkhd)
        117064 MiB available memory on the node where the printing process lives
------------------
     ethr =  5.37E-05,  avg # of iterations =  2.0

     total cpu time spent up to now is       65.1 secs

     total energy              =   -4804.14941721 Ry
     estimated scf accuracy    <       1.92793528 Ry

     iteration # 25     ecut=    30.00 Ry     beta= 0.70
     Davidson diagonalization with overlap

---- Real-time Memory Report at c_bands before calling an iterative solver
           759 MiB given to the printing process from OS
             0 MiB allocation reported by mallinfo(arena+hblkhd)
        116618 MiB available memory on the node where the printing process lives
------------------
     ethr =  5.37E-05,  avg # of iterations =  2.0

     total cpu time spent up to now is       67.1 secs

     total energy              =   -4804.17291266 Ry
     estimated scf accuracy    <       1.32786163 Ry

     iteration # 26     ecut=    30.00 Ry     beta= 0.70
     Davidson diagonalization with overlap

---- Real-time Memory Report at c_bands before calling an iterative solver
           759 MiB given to the printing process from OS
             0 MiB allocation reported by mallinfo(arena+hblkhd)
        116542 MiB available memory on the node where the printing process lives
------------------
     ethr =  5.37E-05,  avg # of iterations =  2.0

     total cpu time spent up to now is       69.0 secs

     total energy              =   -4804.18703537 Ry
     estimated scf accuracy    <       0.57991312 Ry

     iteration # 27     ecut=    30.00 Ry     beta= 0.70
     Davidson diagonalization with overlap

---- Real-time Memory Report at c_bands before calling an iterative solver
           759 MiB given to the printing process from OS
             0 MiB allocation reported by mallinfo(arena+hblkhd)
        115868 MiB available memory on the node where the printing process lives
------------------
     ethr =  5.37E-05,  avg # of iterations =  2.0

     total cpu time spent up to now is       70.8 secs

     total energy              =   -4804.18894180 Ry
     estimated scf accuracy    <       0.16781505 Ry

     iteration # 28     ecut=    30.00 Ry     beta= 0.70
     Davidson diagonalization with overlap

---- Real-time Memory Report at c_bands before calling an iterative solver
           759 MiB given to the printing process from OS
             0 MiB allocation reported by mallinfo(arena+hblkhd)
        115465 MiB available memory on the node where the printing process lives
------------------
     ethr =  5.37E-05,  avg # of iterations =  2.0

     total cpu time spent up to now is       72.8 secs

     total energy              =   -4804.15536431 Ry
     estimated scf accuracy    <       1.22425690 Ry

     iteration # 29     ecut=    30.00 Ry     beta= 0.70
     Davidson diagonalization with overlap

---- Real-time Memory Report at c_bands before calling an iterative solver
           759 MiB given to the printing process from OS
             0 MiB allocation reported by mallinfo(arena+hblkhd)
        115691 MiB available memory on the node where the printing process lives
------------------
     ethr =  5.37E-05,  avg # of iterations =  2.0

     total cpu time spent up to now is       74.7 secs

     total energy              =   -4804.18422005 Ry
     estimated scf accuracy    <       0.32478109 Ry

     iteration # 30     ecut=    30.00 Ry     beta= 0.70
     Davidson diagonalization with overlap

---- Real-time Memory Report at c_bands before calling an iterative solver
           759 MiB given to the printing process from OS
             0 MiB allocation reported by mallinfo(arena+hblkhd)
        115270 MiB available memory on the node where the printing process lives
------------------
     ethr =  5.37E-05,  avg # of iterations =  2.0

     total cpu time spent up to now is       76.7 secs

     total energy              =   -4804.18477885 Ry
     estimated scf accuracy    <       0.52176594 Ry

     iteration # 31     ecut=    30.00 Ry     beta= 0.70
     Davidson diagonalization with overlap

---- Real-time Memory Report at c_bands before calling an iterative solver
           759 MiB given to the printing process from OS
             0 MiB allocation reported by mallinfo(arena+hblkhd)
        114817 MiB available memory on the node where the printing process lives
------------------
     ethr =  5.37E-05,  avg # of iterations =  2.0

     total cpu time spent up to now is       78.6 secs

     total energy              =   -4804.18257253 Ry
     estimated scf accuracy    <       1.15191304 Ry

     iteration # 32     ecut=    30.00 Ry     beta= 0.70
     Davidson diagonalization with overlap

---- Real-time Memory Report at c_bands before calling an iterative solver
           759 MiB given to the printing process from OS
             0 MiB allocation reported by mallinfo(arena+hblkhd)
        114502 MiB available memory on the node where the printing process lives
------------------
     ethr =  5.37E-05,  avg # of iterations =  2.0

     total cpu time spent up to now is       80.6 secs

     total energy              =   -4804.14002162 Ry
     estimated scf accuracy    <       1.72920635 Ry

     iteration # 33     ecut=    30.00 Ry     beta= 0.70
     Davidson diagonalization with overlap

---- Real-time Memory Report at c_bands before calling an iterative solver
           759 MiB given to the printing process from OS
             0 MiB allocation reported by mallinfo(arena+hblkhd)
        114404 MiB available memory on the node where the printing process lives
------------------
     ethr =  5.37E-05,  avg # of iterations =  2.0

     total cpu time spent up to now is       82.6 secs

     total energy              =   -4804.11113591 Ry
     estimated scf accuracy    <       3.79668766 Ry

     iteration # 34     ecut=    30.00 Ry     beta= 0.70
     Davidson diagonalization with overlap

---- Real-time Memory Report at c_bands before calling an iterative solver
           759 MiB given to the printing process from OS
             0 MiB allocation reported by mallinfo(arena+hblkhd)
        115042 MiB available memory on the node where the printing process lives
------------------
     ethr =  5.37E-05,  avg # of iterations =  2.0

     total cpu time spent up to now is       86.6 secs

     total energy              =   -4804.14059175 Ry
     estimated scf accuracy    <       2.59198673 Ry

