
     Program PWSCF v.7.0 starts on 21May2023 at  1:20:47 

     This program is part of the open-source Quantum ESPRESSO suite
     for quantum simulation of materials; please cite
         "P. Giannozzi et al., J. Phys.:Condens. Matter 21 395502 (2009);
         "P. Giannozzi et al., J. Phys.:Condens. Matter 29 465901 (2017);
         "P. Giannozzi et al., J. Chem. Phys. 152 154105 (2020);
          URL http://www.quantum-espresso.org", 
     in publications or presentations arising from this work. More details at
     http://www.quantum-espresso.org/quote

     Parallel version (MPI & OpenMP), running on      32 processor cores
     Number of MPI processes:                 1
     Threads/MPI process:                    32

     MPI processes distributed on     1 nodes
     174127 MiB available memory on the printing compute node when the environment starts
 
     Reading input from espresso_9846.pwi
Warning: card &CELL ignored
Warning: card / ignored

     Current dimensions of program PWSCF are:
     Max number of different atomic species (ntypx) = 10
     Max number of k-points (npk) =  40000
     Max angular momentum in pseudopotentials (lmaxx) =  4
     file Ga.pbe-dn-kjpaw_psl.1.0.0.UPF: wavefunction(s)  4S renormalized

     gamma-point specific algorithms are used
     Message from routine setup:
     using ibrav=0 with symmetry is DISCOURAGED, use correct ibrav instead

     Subspace diagonalization in iterative solution of the eigenvalue problem:
     a serial algorithm will be used

 
     G-vector sticks info
     --------------------
     sticks:   dense  smooth     PW     G-vecs:    dense   smooth      PW
     Sum        4705    2347    583               113341    39931    4975
 
     Using Slab Decomposition
 


     bravais-lattice index     =            0
     lattice parameter (alat)  =      16.8695  a.u.
     unit-cell volume          =    1804.9015 (a.u.)^3
     number of atoms/cell      =           18
     number of atomic types    =            3
     number of electrons       =       312.00
     number of Kohn-Sham states=          187
     kinetic-energy cutoff     =      30.0000  Ry
     charge density cutoff     =     240.0000  Ry
     scf convergence threshold =      1.0E-06
     mixing beta               =       0.7000
     number of iterations used =            8  plain     mixing
     Exchange-correlation=  SLA  PW   PBX  PBC
                           (   1   4   3   4   0   0   0)

     celldm(1)=  16.869542  celldm(2)=   0.000000  celldm(3)=   0.000000
     celldm(4)=   0.000000  celldm(5)=   0.000000  celldm(6)=   0.000000

     crystal axes: (cart. coord. in units of alat)
               a(1) = (   1.000000   0.000000   0.000000 )  
               a(2) = (  -0.500000   0.866025   0.000000 )  
               a(3) = (   0.000000   0.000000   0.434123 )  

     reciprocal axes: (cart. coord. in units 2 pi/alat)
               b(1) = (  1.000000  0.577350  0.000000 )  
               b(2) = (  0.000000  1.154701  0.000000 )  
               b(3) = (  0.000000  0.000000  2.303493 )  


     PseudoPot. # 1 for Yb read from file:
     /home/pragov/projects/rrg-bengioy-ad/pragov/crystal_structure_design/SSSP/Yb.GGA-PBE-paw-v1.0.UPF
     MD5 check sum: 43b6465ad8021f06e3edb42ae292e187
     Pseudo is Projector augmented-wave + core cor, Zval = 24.0
     Generated using ATOMPAW code
     Shape of augmentation charge: BESSEL
     Using radial grid of 1117 points,  8 beta functions with: 
                l(1) =   0
                l(2) =   0
                l(3) =   1
                l(4) =   1
                l(5) =   2
                l(6) =   2
                l(7) =   3
                l(8) =   3
     Q(r) pseudized with 0 coefficients 


     PseudoPot. # 2 for Ga read from file:
     /home/pragov/projects/rrg-bengioy-ad/pragov/crystal_structure_design/SSSP/Ga.pbe-dn-kjpaw_psl.1.0.0.UPF
     MD5 check sum: a27b4342b1af7e5f338de752e9ed7044
     Pseudo is Projector augmented-wave + core cor, Zval = 13.0
     Generated using "atomic" code by A. Dal Corso  v.5.1
     Shape of augmentation charge: PSQ
     Using radial grid of 1205 points,  6 beta functions with: 
                l(1) =   0
                l(2) =   0
                l(3) =   1
                l(4) =   1
                l(5) =   2
                l(6) =   2
     Q(r) pseudized with 0 coefficients 


     PseudoPot. # 3 for Ni read from file:
     /home/pragov/projects/rrg-bengioy-ad/pragov/crystal_structure_design/SSSP/ni_pbe_v1.4.uspp.F.UPF
     MD5 check sum: 1ee80287db30b12d2bc1f57a5b5d6409
     Pseudo is Ultrasoft + core correction, Zval = 18.0
     Generated by new atomic code, or converted to UPF format
     Using radial grid of  865 points,  6 beta functions with: 
                l(1) =   0
                l(2) =   0
                l(3) =   1
                l(4) =   1
                l(5) =   2
                l(6) =   2
     Q(r) pseudized with 10 coefficients,  rinner =    0.980   0.980   0.980
                                                       0.980   0.980

     atomic species   valence    mass     pseudopotential
        Yb            24.00   173.05400     Yb( 1.00)
        Ga            13.00    69.72300     Ga( 1.00)
        Ni            18.00    58.69340     Ni( 1.00)

     24 Sym. Ops., with inversion, found


                                    s                        frac. trans.

      isym =  1     identity                                     

 cryst.   s( 1) = (     1          0          0      )
                  (     0          1          0      )
                  (     0          0          1      )

 cart.    s( 1) = (  1.0000000 -0.0000000  0.0000000 )
                  (  0.0000000  1.0000000  0.0000000 )
                  (  0.0000000  0.0000000  1.0000000 )


      isym =  2     180 deg rotation - cart. axis [0,0,1]        

 cryst.   s( 2) = (    -1          0          0      )
                  (     0         -1          0      )
                  (     0          0          1      )

 cart.    s( 2) = ( -1.0000000  0.0000000  0.0000000 )
                  (  0.0000000 -1.0000000  0.0000000 )
                  (  0.0000000  0.0000000  1.0000000 )


      isym =  3     180 deg rotation - cart. axis [0,1,0]        

 cryst.   s( 3) = (    -1          0          0      )
                  (     1          1          0      )
                  (     0          0         -1      )

 cart.    s( 3) = ( -1.0000000 -0.0000001  0.0000000 )
                  (  0.0000000  1.0000000  0.0000000 )
                  (  0.0000000  0.0000000 -1.0000000 )


      isym =  4     180 deg rotation - cart. axis [1,0,0]        

 cryst.   s( 4) = (     1          0          0      )
                  (    -1         -1          0      )
                  (     0          0         -1      )

 cart.    s( 4) = (  1.0000000  0.0000001  0.0000000 )
                  (  0.0000000 -1.0000000  0.0000000 )
                  (  0.0000000  0.0000000 -1.0000000 )


      isym =  5      60 deg rotation - cryst. axis [0,0,1]       

 cryst.   s( 5) = (     1          1          0      )
                  (    -1          0          0      )
                  (     0          0          1      )

 cart.    s( 5) = (  0.4999999 -0.8660254  0.0000000 )
                  (  0.8660254  0.5000001  0.0000000 )
                  (  0.0000000  0.0000000  1.0000000 )


      isym =  6      60 deg rotation - cryst. axis [0,0,-1]      

 cryst.   s( 6) = (     0         -1          0      )
                  (     1          1          0      )
                  (     0          0          1      )

 cart.    s( 6) = (  0.5000001  0.8660254  0.0000000 )
                  ( -0.8660254  0.4999999  0.0000000 )
                  (  0.0000000  0.0000000  1.0000000 )


      isym =  7     120 deg rotation - cryst. axis [0,0,1]       

 cryst.   s( 7) = (     0          1          0      )
                  (    -1         -1          0      )
                  (     0          0          1      )

 cart.    s( 7) = ( -0.5000001 -0.8660254  0.0000000 )
                  (  0.8660254 -0.4999999  0.0000000 )
                  (  0.0000000  0.0000000  1.0000000 )


      isym =  8     120 deg rotation - cryst. axis [0,0,-1]      

 cryst.   s( 8) = (    -1         -1          0      )
                  (     1          0          0      )
                  (     0          0          1      )

 cart.    s( 8) = ( -0.4999999  0.8660254  0.0000000 )
                  ( -0.8660254 -0.5000001  0.0000000 )
                  (  0.0000000  0.0000000  1.0000000 )


      isym =  9     180 deg rotation - cryst. axis [1,-1,0]      

 cryst.   s( 9) = (     0         -1          0      )
                  (    -1          0          0      )
                  (     0          0         -1      )

 cart.    s( 9) = (  0.5000001 -0.8660253  0.0000000 )
                  ( -0.8660254 -0.5000001  0.0000000 )
                  (  0.0000000  0.0000000 -1.0000000 )


      isym = 10     180 deg rotation - cryst. axis [2,1,0]       

 cryst.   s(10) = (     1          1          0      )
                  (     0         -1          0      )
                  (     0          0         -1      )

 cart.    s(10) = (  0.4999999  0.8660255  0.0000000 )
                  (  0.8660254 -0.4999999  0.0000000 )
                  (  0.0000000  0.0000000 -1.0000000 )


      isym = 11     180 deg rotation - cryst. axis [0,1,0]       

 cryst.   s(11) = (    -1         -1          0      )
                  (     0          1          0      )
                  (     0          0         -1      )

 cart.    s(11) = ( -0.4999999 -0.8660255  0.0000000 )
                  ( -0.8660254  0.4999999  0.0000000 )
                  (  0.0000000  0.0000000 -1.0000000 )


      isym = 12     180 deg rotation - cryst. axis [1,1,0]       

 cryst.   s(12) = (     0          1          0      )
                  (     1          0          0      )
                  (     0          0         -1      )

 cart.    s(12) = ( -0.5000001  0.8660253  0.0000000 )
                  (  0.8660254  0.5000001  0.0000000 )
                  (  0.0000000  0.0000000 -1.0000000 )


      isym = 13     inversion                                    

 cryst.   s(13) = (    -1          0          0      )
                  (     0         -1          0      )
                  (     0          0         -1      )

 cart.    s(13) = ( -1.0000000  0.0000000  0.0000000 )
                  (  0.0000000 -1.0000000  0.0000000 )
                  (  0.0000000  0.0000000 -1.0000000 )


      isym = 14     inv. 180 deg rotation - cart. axis [0,0,1]   

 cryst.   s(14) = (     1          0          0      )
                  (     0          1          0      )
                  (     0          0         -1      )

 cart.    s(14) = (  1.0000000 -0.0000000  0.0000000 )
                  (  0.0000000  1.0000000  0.0000000 )
                  (  0.0000000  0.0000000 -1.0000000 )


      isym = 15     inv. 180 deg rotation - cart. axis [0,1,0]   

 cryst.   s(15) = (     1          0          0      )
                  (    -1         -1          0      )
                  (     0          0          1      )

 cart.    s(15) = (  1.0000000  0.0000001  0.0000000 )
                  (  0.0000000 -1.0000000  0.0000000 )
                  (  0.0000000  0.0000000  1.0000000 )


      isym = 16     inv. 180 deg rotation - cart. axis [1,0,0]   

 cryst.   s(16) = (    -1          0          0      )
                  (     1          1          0      )
                  (     0          0          1      )

 cart.    s(16) = ( -1.0000000 -0.0000001  0.0000000 )
                  (  0.0000000  1.0000000  0.0000000 )
                  (  0.0000000  0.0000000  1.0000000 )


      isym = 17     inv.  60 deg rotation - cryst. axis [0,0,1]  

 cryst.   s(17) = (    -1         -1          0      )
                  (     1          0          0      )
                  (     0          0         -1      )

 cart.    s(17) = ( -0.4999999  0.8660254  0.0000000 )
                  ( -0.8660254 -0.5000001  0.0000000 )
                  (  0.0000000  0.0000000 -1.0000000 )


      isym = 18     inv.  60 deg rotation - cryst. axis [0,0,-1] 

 cryst.   s(18) = (     0          1          0      )
                  (    -1         -1          0      )
                  (     0          0         -1      )

 cart.    s(18) = ( -0.5000001 -0.8660254  0.0000000 )
                  (  0.8660254 -0.4999999  0.0000000 )
                  (  0.0000000  0.0000000 -1.0000000 )


      isym = 19     inv. 120 deg rotation - cryst. axis [0,0,1]  

 cryst.   s(19) = (     0         -1          0      )
                  (     1          1          0      )
                  (     0          0         -1      )

 cart.    s(19) = (  0.5000001  0.8660254  0.0000000 )
                  ( -0.8660254  0.4999999  0.0000000 )
                  (  0.0000000  0.0000000 -1.0000000 )


      isym = 20     inv. 120 deg rotation - cryst. axis [0,0,-1] 

 cryst.   s(20) = (     1          1          0      )
                  (    -1          0          0      )
                  (     0          0         -1      )

 cart.    s(20) = (  0.4999999 -0.8660254  0.0000000 )
                  (  0.8660254  0.5000001  0.0000000 )
                  (  0.0000000  0.0000000 -1.0000000 )


      isym = 21     inv. 180 deg rotation - cryst. axis [1,-1,0] 

 cryst.   s(21) = (     0          1          0      )
                  (     1          0          0      )
                  (     0          0          1      )

 cart.    s(21) = ( -0.5000001  0.8660253  0.0000000 )
                  (  0.8660254  0.5000001  0.0000000 )
                  (  0.0000000  0.0000000  1.0000000 )


      isym = 22     inv. 180 deg rotation - cryst. axis [2,1,0]  

 cryst.   s(22) = (    -1         -1          0      )
                  (     0          1          0      )
                  (     0          0          1      )

 cart.    s(22) = ( -0.4999999 -0.8660255  0.0000000 )
                  ( -0.8660254  0.4999999  0.0000000 )
                  (  0.0000000  0.0000000  1.0000000 )


      isym = 23     inv. 180 deg rotation - cryst. axis [0,1,0]  

 cryst.   s(23) = (     1          1          0      )
                  (     0         -1          0      )
                  (     0          0          1      )

 cart.    s(23) = (  0.4999999  0.8660255  0.0000000 )
                  (  0.8660254 -0.4999999  0.0000000 )
                  (  0.0000000  0.0000000  1.0000000 )


      isym = 24     inv. 180 deg rotation - cryst. axis [1,1,0]  

 cryst.   s(24) = (     0         -1          0      )
                  (    -1          0          0      )
                  (     0          0          1      )

 cart.    s(24) = (  0.5000001 -0.8660253  0.0000000 )
                  ( -0.8660254 -0.5000001  0.0000000 )
                  (  0.0000000  0.0000000  1.0000000 )


   Cartesian axes

     site n.     atom                  positions (alat units)
         1           Yb  tau(   1) = (   0.0000000   0.0000000   0.0000000  )
         2           Yb  tau(   2) = (   0.5000005   0.2886749   0.2170616  )
         3           Yb  tau(   3) = (  -0.0000005   0.5773506   0.2170616  )
         4           Ga  tau(   4) = (   0.3385055   0.5863087   0.2170616  )
         5           Ga  tau(   5) = (   0.3229890   0.0000000   0.2170616  )
         6           Ga  tau(   6) = (  -0.1614945   0.2797167   0.2170616  )
         7           Ga  tau(   7) = (   0.1614945   0.2797167   0.2170616  )
         8           Ga  tau(   8) = (   0.6770110   0.0000000   0.2170616  )
         9           Ga  tau(   9) = (  -0.3385055   0.5863087   0.2170616  )
        10           Ni  tau(  10) = (   0.2500000   0.4330127   0.0000000  )
        11           Ni  tau(  11) = (   0.5000000   0.0000000   0.0000000  )
        12           Ni  tau(  12) = (  -0.2500000   0.4330127   0.0000000  )
        13           Ni  tau(  13) = (   0.7351090   0.1529349   0.0000000  )
        14           Ni  tau(  14) = (   0.5000005   0.5601548   0.0000000  )
        15           Ni  tau(  15) = (   0.2648920   0.1529349   0.0000000  )
        16           Ni  tau(  16) = (  -0.2351090   0.7130905   0.0000000  )
        17           Ni  tau(  17) = (   0.2351080   0.7130905   0.0000000  )
        18           Ni  tau(  18) = (  -0.0000005   0.3058707   0.0000000  )

   Crystallographic axes

     site n.     atom                  positions (cryst. coord.)
         1           Yb  tau(   1) = (  0.0000000  0.0000000  0.0000000  )
         2           Yb  tau(   2) = (  0.6666670  0.3333330  0.5000000  )
         3           Yb  tau(   3) = (  0.3333330  0.6666670  0.5000000  )
         4           Ga  tau(   4) = (  0.6770110  0.6770110  0.5000000  )
         5           Ga  tau(   5) = (  0.3229890  0.0000000  0.5000000  )
         6           Ga  tau(   6) = (  0.0000000  0.3229890  0.5000000  )
         7           Ga  tau(   7) = (  0.3229890  0.3229890  0.5000000  )
         8           Ga  tau(   8) = (  0.6770110  0.0000000  0.5000000  )
         9           Ga  tau(   9) = ( -0.0000000  0.6770110  0.5000000  )
        10           Ni  tau(  10) = (  0.5000000  0.5000000  0.0000000  )
        11           Ni  tau(  11) = (  0.5000000  0.0000000  0.0000000  )
        12           Ni  tau(  12) = (  0.0000000  0.5000000  0.0000000  )
        13           Ni  tau(  13) = (  0.8234060  0.1765940  0.0000000  )
        14           Ni  tau(  14) = (  0.8234060  0.6468110  0.0000000  )
        15           Ni  tau(  15) = (  0.3531890  0.1765940  0.0000000  )
        16           Ni  tau(  16) = (  0.1765940  0.8234060  0.0000000  )
        17           Ni  tau(  17) = (  0.6468110  0.8234060  0.0000000  )
        18           Ni  tau(  18) = (  0.1765940  0.3531890  0.0000000  )

     number of k points=     1  Methfessel-Paxton smearing, width (Ry)=  0.0010
                       cart. coord. in units 2pi/alat
        k(    1) = (   0.0000000   0.0000000   0.0000000), wk =   2.0000000

                       cryst. coord.
        k(    1) = (   0.0000000   0.0000000   0.0000000), wk =   2.0000000

     Dense  grid:    56671 G-vectors     FFT dimensions: (  90,  90,  40)

     Smooth grid:    19966 G-vectors     FFT dimensions: (  60,  60,  25)

     Dynamical RAM for                 wfc:       7.14 MB

     Dynamical RAM for     wfc (w. buffer):       7.14 MB

     Dynamical RAM for           str. fact:       2.59 MB

     Dynamical RAM for           local pot:       0.00 MB

     Dynamical RAM for          nlocal pot:      13.98 MB

     Dynamical RAM for                qrad:       8.96 MB

     Dynamical RAM for          rho,v,vnew:      10.01 MB

     Dynamical RAM for               rhoin:       3.34 MB

     Dynamical RAM for            rho*nmix:      13.84 MB

     Dynamical RAM for           G-vectors:       3.40 MB

     Dynamical RAM for          h,s,v(r/c):       3.20 MB

     Dynamical RAM for          <psi|beta>:       0.52 MB

     Dynamical RAM for                 psi:      14.29 MB

     Dynamical RAM for                hpsi:      14.29 MB

     Dynamical RAM for                spsi:      14.29 MB

     Dynamical RAM for      wfcinit/wfcrot:      22.04 MB

     Dynamical RAM for           addusdens:     487.71 MB

     Dynamical RAM for          addusforce:     502.09 MB

     Dynamical RAM for         addusstress:     503.27 MB

     Estimated static dynamical RAM per process >      65.24 MB

     Estimated max dynamical RAM per process >     582.35 MB

     Check: negative core charge=   -0.000007

     Initial potential from superposition of free atoms

     starting charge     293.9702, renormalised to     312.0000
     Starting wfcs are  267 randomized atomic wfcs
     Checking if some PAW data can be deallocated... 

     total cpu time spent up to now is        7.8 secs

     Self-consistent Calculation

     iteration #  1     ecut=    30.00 Ry     beta= 0.70
     Davidson diagonalization with overlap

---- Real-time Memory Report at c_bands before calling an iterative solver
           822 MiB given to the printing process from OS
             0 MiB allocation reported by mallinfo(arena+hblkhd)
        173593 MiB available memory on the node where the printing process lives
------------------
     ethr =  1.00E-02,  avg # of iterations =  4.0

     total cpu time spent up to now is       10.5 secs

     total energy              =   -7293.91070791 Ry
     estimated scf accuracy    <     438.19766750 Ry

     iteration #  2     ecut=    30.00 Ry     beta= 0.70
     Davidson diagonalization with overlap

---- Real-time Memory Report at c_bands before calling an iterative solver
          1294 MiB given to the printing process from OS
             0 MiB allocation reported by mallinfo(arena+hblkhd)
        173503 MiB available memory on the node where the printing process lives
------------------
     ethr =  1.00E-02,  avg # of iterations = 35.0

     total cpu time spent up to now is       15.7 secs

     total energy              =   -7539.72824607 Ry
     estimated scf accuracy    <    2877.13009262 Ry

     iteration #  3     ecut=    30.00 Ry     beta= 0.70
     Davidson diagonalization with overlap

---- Real-time Memory Report at c_bands before calling an iterative solver
          1295 MiB given to the printing process from OS
             0 MiB allocation reported by mallinfo(arena+hblkhd)
        173503 MiB available memory on the node where the printing process lives
------------------
     ethr =  1.00E-02,  avg # of iterations = 12.0

     total cpu time spent up to now is       19.2 secs

     total energy              =   -7809.40822628 Ry
     estimated scf accuracy    <     462.49437931 Ry

     iteration #  4     ecut=    30.00 Ry     beta= 0.70
     Davidson diagonalization with overlap

---- Real-time Memory Report at c_bands before calling an iterative solver
          1300 MiB given to the printing process from OS
             0 MiB allocation reported by mallinfo(arena+hblkhd)
        173501 MiB available memory on the node where the printing process lives
------------------
     ethr =  1.00E-02,  avg # of iterations =  5.0

     total cpu time spent up to now is       22.0 secs

     total energy              =   -7813.26923818 Ry
     estimated scf accuracy    <     176.14121299 Ry

     iteration #  5     ecut=    30.00 Ry     beta= 0.70
     Davidson diagonalization with overlap

---- Real-time Memory Report at c_bands before calling an iterative solver
          1300 MiB given to the printing process from OS
             0 MiB allocation reported by mallinfo(arena+hblkhd)
        173503 MiB available memory on the node where the printing process lives
------------------
     ethr =  1.00E-02,  avg # of iterations =  3.0

     total cpu time spent up to now is       24.5 secs

     total energy              =   -7815.99014422 Ry
     estimated scf accuracy    <     186.07946323 Ry

     iteration #  6     ecut=    30.00 Ry     beta= 0.70
     Davidson diagonalization with overlap

---- Real-time Memory Report at c_bands before calling an iterative solver
          1301 MiB given to the printing process from OS
             0 MiB allocation reported by mallinfo(arena+hblkhd)
        173499 MiB available memory on the node where the printing process lives
------------------
     ethr =  1.00E-02,  avg # of iterations =  2.0

     total cpu time spent up to now is       26.9 secs

     total energy              =   -7816.79432022 Ry
     estimated scf accuracy    <      52.92703030 Ry

     iteration #  7     ecut=    30.00 Ry     beta= 0.70
     Davidson diagonalization with overlap

---- Real-time Memory Report at c_bands before calling an iterative solver
          1301 MiB given to the printing process from OS
             0 MiB allocation reported by mallinfo(arena+hblkhd)
        173503 MiB available memory on the node where the printing process lives
------------------
     ethr =  1.00E-02,  avg # of iterations =  1.0

     total cpu time spent up to now is       29.3 secs

     total energy              =   -7816.70746039 Ry
     estimated scf accuracy    <      41.62502803 Ry

     iteration #  8     ecut=    30.00 Ry     beta= 0.70
     Davidson diagonalization with overlap

---- Real-time Memory Report at c_bands before calling an iterative solver
          1301 MiB given to the printing process from OS
             0 MiB allocation reported by mallinfo(arena+hblkhd)
        173504 MiB available memory on the node where the printing process lives
------------------
     ethr =  1.00E-02,  avg # of iterations =  1.0

     total cpu time spent up to now is       31.6 secs

     total energy              =   -7816.92859584 Ry
     estimated scf accuracy    <      33.17928932 Ry

     iteration #  9     ecut=    30.00 Ry     beta= 0.70
     Davidson diagonalization with overlap

---- Real-time Memory Report at c_bands before calling an iterative solver
          1301 MiB given to the printing process from OS
             0 MiB allocation reported by mallinfo(arena+hblkhd)
        173503 MiB available memory on the node where the printing process lives
------------------
     ethr =  1.00E-02,  avg # of iterations =  1.0

     total cpu time spent up to now is       34.0 secs

     total energy              =   -7816.67262171 Ry
     estimated scf accuracy    <      32.92124886 Ry

     iteration # 10     ecut=    30.00 Ry     beta= 0.70
     Davidson diagonalization with overlap

---- Real-time Memory Report at c_bands before calling an iterative solver
          1302 MiB given to the printing process from OS
             0 MiB allocation reported by mallinfo(arena+hblkhd)
        173505 MiB available memory on the node where the printing process lives
------------------
     ethr =  1.00E-02,  avg # of iterations =  1.0

     negative rho (up, down):  1.935E-03 0.000E+00

     total cpu time spent up to now is       36.4 secs

     total energy              =   -7771.26667472 Ry
     estimated scf accuracy    <      30.29269734 Ry

     iteration # 11     ecut=    30.00 Ry     beta= 0.70
     Davidson diagonalization with overlap

---- Real-time Memory Report at c_bands before calling an iterative solver
          1303 MiB given to the printing process from OS
             0 MiB allocation reported by mallinfo(arena+hblkhd)
        173505 MiB available memory on the node where the printing process lives
------------------
     ethr =  9.71E-03,  avg # of iterations =  3.0

     total cpu time spent up to now is       39.0 secs

     total energy              =   -7775.75383221 Ry
     estimated scf accuracy    <     471.30767741 Ry

     iteration # 12     ecut=    30.00 Ry     beta= 0.70
     Davidson diagonalization with overlap

---- Real-time Memory Report at c_bands before calling an iterative solver
          1303 MiB given to the printing process from OS
             0 MiB allocation reported by mallinfo(arena+hblkhd)
        173507 MiB available memory on the node where the printing process lives
------------------
     ethr =  9.71E-03,  avg # of iterations =  3.0

     total cpu time spent up to now is       41.6 secs

     total energy              =   -7779.99610173 Ry
     estimated scf accuracy    <     245.51427856 Ry

     iteration # 13     ecut=    30.00 Ry     beta= 0.70
     Davidson diagonalization with overlap

---- Real-time Memory Report at c_bands before calling an iterative solver
          1303 MiB given to the printing process from OS
             0 MiB allocation reported by mallinfo(arena+hblkhd)
        173508 MiB available memory on the node where the printing process lives
------------------
     ethr =  9.71E-03,  avg # of iterations =  5.0

     total cpu time spent up to now is       44.4 secs

     total energy              =   -7770.10962882 Ry
     estimated scf accuracy    <     258.10253769 Ry

     iteration # 14     ecut=    30.00 Ry     beta= 0.70
     Davidson diagonalization with overlap

---- Real-time Memory Report at c_bands before calling an iterative solver
          1304 MiB given to the printing process from OS
             0 MiB allocation reported by mallinfo(arena+hblkhd)
        173510 MiB available memory on the node where the printing process lives
------------------
     ethr =  9.71E-03,  avg # of iterations =  3.0

     total cpu time spent up to now is       47.0 secs

     total energy              =   -7790.69232871 Ry
     estimated scf accuracy    <     149.26054986 Ry

     iteration # 15     ecut=    30.00 Ry     beta= 0.70
     Davidson diagonalization with overlap

---- Real-time Memory Report at c_bands before calling an iterative solver
          1304 MiB given to the printing process from OS
             0 MiB allocation reported by mallinfo(arena+hblkhd)
        173507 MiB available memory on the node where the printing process lives
------------------
     ethr =  9.71E-03,  avg # of iterations =  3.0

     total cpu time spent up to now is       49.4 secs

     total energy              =   -7790.55317182 Ry
     estimated scf accuracy    <     132.92317200 Ry

     iteration # 16     ecut=    30.00 Ry     beta= 0.70
     Davidson diagonalization with overlap

---- Real-time Memory Report at c_bands before calling an iterative solver
          1304 MiB given to the printing process from OS
             0 MiB allocation reported by mallinfo(arena+hblkhd)
        173506 MiB available memory on the node where the printing process lives
------------------
     ethr =  9.71E-03,  avg # of iterations =  2.0

     total cpu time spent up to now is       51.9 secs

     total energy              =   -7791.40608073 Ry
     estimated scf accuracy    <      68.59111326 Ry

     iteration # 17     ecut=    30.00 Ry     beta= 0.70
     Davidson diagonalization with overlap

---- Real-time Memory Report at c_bands before calling an iterative solver
          1306 MiB given to the printing process from OS
             0 MiB allocation reported by mallinfo(arena+hblkhd)
        173507 MiB available memory on the node where the printing process lives
------------------
     ethr =  9.71E-03,  avg # of iterations =  1.0

     total cpu time spent up to now is       54.2 secs

     total energy              =   -7792.75522821 Ry
     estimated scf accuracy    <      22.89935493 Ry

     iteration # 18     ecut=    30.00 Ry     beta= 0.70
     Davidson diagonalization with overlap

---- Real-time Memory Report at c_bands before calling an iterative solver
          1306 MiB given to the printing process from OS
             0 MiB allocation reported by mallinfo(arena+hblkhd)
        173507 MiB available memory on the node where the printing process lives
------------------
     ethr =  7.34E-03,  avg # of iterations =  1.0

     total cpu time spent up to now is       56.6 secs

     total energy              =   -7791.90080386 Ry
     estimated scf accuracy    <       9.76661641 Ry

     iteration # 19     ecut=    30.00 Ry     beta= 0.70
     Davidson diagonalization with overlap

---- Real-time Memory Report at c_bands before calling an iterative solver
          1306 MiB given to the printing process from OS
             0 MiB allocation reported by mallinfo(arena+hblkhd)
        173507 MiB available memory on the node where the printing process lives
------------------
     ethr =  3.13E-03,  avg # of iterations =  2.0

     total cpu time spent up to now is       59.0 secs

     total energy              =   -7788.87753278 Ry
     estimated scf accuracy    <      55.03956001 Ry

     iteration # 20     ecut=    30.00 Ry     beta= 0.70
     Davidson diagonalization with overlap

---- Real-time Memory Report at c_bands before calling an iterative solver
          1306 MiB given to the printing process from OS
             0 MiB allocation reported by mallinfo(arena+hblkhd)
        173508 MiB available memory on the node where the printing process lives
------------------
     ethr =  3.13E-03,  avg # of iterations =  2.0

     total cpu time spent up to now is       61.4 secs

     total energy              =   -7783.74204147 Ry
     estimated scf accuracy    <       9.05607215 Ry

     iteration # 21     ecut=    30.00 Ry     beta= 0.70
     Davidson diagonalization with overlap

---- Real-time Memory Report at c_bands before calling an iterative solver
          1306 MiB given to the printing process from OS
             0 MiB allocation reported by mallinfo(arena+hblkhd)
        173509 MiB available memory on the node where the printing process lives
------------------
     ethr =  2.90E-03,  avg # of iterations =  4.0

     total cpu time spent up to now is       64.1 secs

     total energy              =   -7764.75453784 Ry
     estimated scf accuracy    <     460.80183593 Ry

     iteration # 22     ecut=    30.00 Ry     beta= 0.70
     Davidson diagonalization with overlap

---- Real-time Memory Report at c_bands before calling an iterative solver
          1306 MiB given to the printing process from OS
             0 MiB allocation reported by mallinfo(arena+hblkhd)
        173508 MiB available memory on the node where the printing process lives
------------------
     ethr =  2.90E-03,  avg # of iterations =  3.0

     total cpu time spent up to now is       66.8 secs

     total energy              =   -7785.89894422 Ry
     estimated scf accuracy    <      31.63580795 Ry

     iteration # 23     ecut=    30.00 Ry     beta= 0.70
     Davidson diagonalization with overlap

---- Real-time Memory Report at c_bands before calling an iterative solver
          1306 MiB given to the printing process from OS
             0 MiB allocation reported by mallinfo(arena+hblkhd)
        173509 MiB available memory on the node where the printing process lives
------------------
     ethr =  2.90E-03,  avg # of iterations =  7.0

     total cpu time spent up to now is       69.5 secs

     total energy              =   -7779.97813679 Ry
     estimated scf accuracy    <     270.32643741 Ry

     iteration # 24     ecut=    30.00 Ry     beta= 0.70
     Davidson diagonalization with overlap

---- Real-time Memory Report at c_bands before calling an iterative solver
          1306 MiB given to the printing process from OS
             0 MiB allocation reported by mallinfo(arena+hblkhd)
        173509 MiB available memory on the node where the printing process lives
------------------
     ethr =  2.90E-03,  avg # of iterations =  3.0

     total cpu time spent up to now is       72.1 secs

     total energy              =   -7789.02064954 Ry
     estimated scf accuracy    <      13.92157473 Ry

     iteration # 25     ecut=    30.00 Ry     beta= 0.70
     Davidson diagonalization with overlap

---- Real-time Memory Report at c_bands before calling an iterative solver
          1306 MiB given to the printing process from OS
             0 MiB allocation reported by mallinfo(arena+hblkhd)
        173510 MiB available memory on the node where the printing process lives
------------------
     ethr =  2.90E-03,  avg # of iterations =  1.0

     total cpu time spent up to now is       74.4 secs

     total energy              =   -7789.36722671 Ry
     estimated scf accuracy    <       3.18130465 Ry

     iteration # 26     ecut=    30.00 Ry     beta= 0.70
     Davidson diagonalization with overlap

---- Real-time Memory Report at c_bands before calling an iterative solver
          1306 MiB given to the printing process from OS
             0 MiB allocation reported by mallinfo(arena+hblkhd)
        173510 MiB available memory on the node where the printing process lives
------------------
     ethr =  1.02E-03,  avg # of iterations =  3.0

     total cpu time spent up to now is       76.9 secs

     total energy              =   -7788.25775431 Ry
     estimated scf accuracy    <      33.38990157 Ry

     iteration # 27     ecut=    30.00 Ry     beta= 0.70
     Davidson diagonalization with overlap

---- Real-time Memory Report at c_bands before calling an iterative solver
          1306 MiB given to the printing process from OS
             0 MiB allocation reported by mallinfo(arena+hblkhd)
        173511 MiB available memory on the node where the printing process lives
------------------
     ethr =  1.02E-03,  avg # of iterations =  2.0

     total cpu time spent up to now is       79.3 secs

     total energy              =   -7789.16698780 Ry
     estimated scf accuracy    <       5.29062606 Ry

     iteration # 28     ecut=    30.00 Ry     beta= 0.70
     Davidson diagonalization with overlap

---- Real-time Memory Report at c_bands before calling an iterative solver
          1306 MiB given to the printing process from OS
             0 MiB allocation reported by mallinfo(arena+hblkhd)
        173511 MiB available memory on the node where the printing process lives
------------------
     ethr =  1.02E-03,  avg # of iterations =  1.0

     total cpu time spent up to now is       81.7 secs

     total energy              =   -7789.15370792 Ry
     estimated scf accuracy    <       1.92054184 Ry

     iteration # 29     ecut=    30.00 Ry     beta= 0.70
     Davidson diagonalization with overlap

---- Real-time Memory Report at c_bands before calling an iterative solver
          1306 MiB given to the printing process from OS
             0 MiB allocation reported by mallinfo(arena+hblkhd)
        173510 MiB available memory on the node where the printing process lives
------------------
     ethr =  6.16E-04,  avg # of iterations =  2.0

     total cpu time spent up to now is       84.1 secs

     total energy              =   -7788.11625881 Ry
     estimated scf accuracy    <      29.80095516 Ry

     iteration # 30     ecut=    30.00 Ry     beta= 0.70
     Davidson diagonalization with overlap

---- Real-time Memory Report at c_bands before calling an iterative solver
          1306 MiB given to the printing process from OS
             0 MiB allocation reported by mallinfo(arena+hblkhd)
        173511 MiB available memory on the node where the printing process lives
------------------
     ethr =  6.16E-04,  avg # of iterations =  2.0

     total cpu time spent up to now is       86.6 secs

     total energy              =   -7787.07187840 Ry
     estimated scf accuracy    <       5.85235993 Ry

     iteration # 31     ecut=    30.00 Ry     beta= 0.70
     Davidson diagonalization with overlap

---- Real-time Memory Report at c_bands before calling an iterative solver
          1306 MiB given to the printing process from OS
             0 MiB allocation reported by mallinfo(arena+hblkhd)
        173511 MiB available memory on the node where the printing process lives
------------------
     ethr =  6.16E-04,  avg # of iterations =  8.0

     total cpu time spent up to now is       89.5 secs

     total energy              =   -7775.61666167 Ry
     estimated scf accuracy    <     314.90064046 Ry

     iteration # 32     ecut=    30.00 Ry     beta= 0.70
     Davidson diagonalization with overlap

---- Real-time Memory Report at c_bands before calling an iterative solver
          1306 MiB given to the printing process from OS
             0 MiB allocation reported by mallinfo(arena+hblkhd)
        173512 MiB available memory on the node where the printing process lives
------------------
     ethr =  6.16E-04,  avg # of iterations =  5.0

     total cpu time spent up to now is       92.3 secs

     total energy              =   -7787.28562711 Ry
     estimated scf accuracy    <      32.83792124 Ry

     iteration # 33     ecut=    30.00 Ry     beta= 0.70
     Davidson diagonalization with overlap

---- Real-time Memory Report at c_bands before calling an iterative solver
          1306 MiB given to the printing process from OS
             0 MiB allocation reported by mallinfo(arena+hblkhd)
