
     Program PWSCF v.7.0 starts on 21May2023 at  3:14:50 

     This program is part of the open-source Quantum ESPRESSO suite
     for quantum simulation of materials; please cite
         "P. Giannozzi et al., J. Phys.:Condens. Matter 21 395502 (2009);
         "P. Giannozzi et al., J. Phys.:Condens. Matter 29 465901 (2017);
         "P. Giannozzi et al., J. Chem. Phys. 152 154105 (2020);
          URL http://www.quantum-espresso.org", 
     in publications or presentations arising from this work. More details at
     http://www.quantum-espresso.org/quote

     Parallel version (MPI & OpenMP), running on      32 processor cores
     Number of MPI processes:                 1
     Threads/MPI process:                    32

     MPI processes distributed on     1 nodes
     169129 MiB available memory on the printing compute node when the environment starts
 
     Reading input from espresso_7915.pwi
Warning: card &CELL ignored
Warning: card / ignored

     Current dimensions of program PWSCF are:
     Max number of different atomic species (ntypx) = 10
     Max number of k-points (npk) =  40000
     Max angular momentum in pseudopotentials (lmaxx) =  4
     file Cd.pbe-dn-rrkjus_psl.0.3.1.UPF: wavefunction(s)  4D renormalized
     file In.pbe-dn-rrkjus_psl.0.2.2.UPF: wavefunction(s)  5S renormalized

     gamma-point specific algorithms are used
     Message from routine setup:
     using ibrav=0 with symmetry is DISCOURAGED, use correct ibrav instead

     Subspace diagonalization in iterative solution of the eigenvalue problem:
     a serial algorithm will be used

 
     G-vector sticks info
     --------------------
     sticks:   dense  smooth     PW     G-vecs:    dense   smooth      PW
     Sum        1237     613    151                28763    10081    1243
 
     Using Slab Decomposition
 


     bravais-lattice index     =            0
     lattice parameter (alat)  =       8.6489  a.u.
     unit-cell volume          =     457.4736 (a.u.)^3
     number of atoms/cell      =            4
     number of atomic types    =            3
     number of electrons       =        59.00
     number of Kohn-Sham states=           36
     kinetic-energy cutoff     =      30.0000  Ry
     charge density cutoff     =     240.0000  Ry
     scf convergence threshold =      1.0E-06
     mixing beta               =       0.7000
     number of iterations used =            8  plain     mixing
     Exchange-correlation= PBE
                           (   1   4   3   4   0   0   0)

     celldm(1)=   8.648890  celldm(2)=   0.000000  celldm(3)=   0.000000
     celldm(4)=   0.000000  celldm(5)=   0.000000  celldm(6)=   0.000000

     crystal axes: (cart. coord. in units of alat)
               a(1) = (   1.000000   0.000000   0.000000 )  
               a(2) = (   0.500000   0.866025   0.000000 )  
               a(3) = (   0.500000   0.288675   0.816497 )  

     reciprocal axes: (cart. coord. in units 2 pi/alat)
               b(1) = (  1.000000 -0.577350 -0.408248 )  
               b(2) = (  0.000000  1.154701 -0.408248 )  
               b(3) = (  0.000000  0.000000  1.224745 )  


     PseudoPot. # 1 for Cd read from file:
     /home/pragov/projects/rrg-bengioy-ad/pragov/crystal_structure_design/SSSP/Cd.pbe-dn-rrkjus_psl.0.3.1.UPF
     MD5 check sum: 558e9f355611b531a870a69ef6ace9e2
     Pseudo is Ultrasoft + core correction, Zval = 12.0
     Generated using "atomic" code by A. Dal Corso  v.5.0.99 svn rev. 10869
     Using radial grid of 1239 points,  6 beta functions with: 
                l(1) =   0
                l(2) =   0
                l(3) =   1
                l(4) =   1
                l(5) =   2
                l(6) =   2
     Q(r) pseudized with 0 coefficients 


     PseudoPot. # 2 for In read from file:
     /home/pragov/projects/rrg-bengioy-ad/pragov/crystal_structure_design/SSSP/In.pbe-dn-rrkjus_psl.0.2.2.UPF
     MD5 check sum: 25e7c42c3b55b68f4bf926be2e7201a4
     Pseudo is Ultrasoft + core correction, Zval = 13.0
     Generated using "atomic" code by A. Dal Corso  v.5.0.99 svn rev. 10869
     Using radial grid of 1241 points,  6 beta functions with: 
                l(1) =   0
                l(2) =   0
                l(3) =   1
                l(4) =   1
                l(5) =   2
                l(6) =   2
     Q(r) pseudized with 0 coefficients 


     PseudoPot. # 3 for Rh read from file:
     /home/pragov/projects/rrg-bengioy-ad/pragov/crystal_structure_design/SSSP/Rh_ONCV_PBE-1.0.oncvpsp.upf
     MD5 check sum: ba07c69523b14cacd10683cd4c4284c1
     Pseudo is Norm-conserving, Zval = 17.0
     Generated using ONCVPSP code by D. R. Hamann
     Using radial grid of 1442 points,  6 beta functions with: 
                l(1) =   0
                l(2) =   0
                l(3) =   1
                l(4) =   1
                l(5) =   2
                l(6) =   2

     atomic species   valence    mass     pseudopotential
        Cd            12.00   112.41400     Cd( 1.00)
        In            13.00   114.81800     In( 1.00)
        Rh            17.00   102.90550     Rh( 1.00)

     12 Sym. Ops., with inversion, found


                                    s                        frac. trans.

      isym =  1     identity                                     

 cryst.   s( 1) = (     1          0          0      )
                  (     0          1          0      )
                  (     0          0          1      )

 cart.    s( 1) = (  1.0000000  0.0000000  0.0000000 )
                  (  0.0000000  1.0000000 -0.0000000 )
                  (  0.0000000  0.0000000  1.0000000 )


      isym =  2     180 deg rotation - cart. axis [1,0,0]        

 cryst.   s( 2) = (     1          0          0      )
                  (     1         -1          0      )
                  (     1          0         -1      )

 cart.    s( 2) = (  1.0000000  0.0000000 -0.0000000 )
                  (  0.0000000 -1.0000000  0.0000000 )
                  (  0.0000000  0.0000000 -1.0000000 )


      isym =  3     120 deg rotation - cryst. axis [0,0,1]       

 cryst.   s( 3) = (    -1          1          0      )
                  (    -1          0          0      )
                  (    -1          0          1      )

 cart.    s( 3) = ( -0.5000000 -0.8660254  0.0000000 )
                  (  0.8660254 -0.5000000  0.0000000 )
                  (  0.0000000  0.0000000  1.0000000 )


      isym =  4     120 deg rotation - cryst. axis [0,0,-1]      

 cryst.   s( 4) = (     0         -1          0      )
                  (     1         -1          0      )
                  (     0         -1          1      )

 cart.    s( 4) = ( -0.5000000  0.8660254 -0.0000000 )
                  ( -0.8660254 -0.5000000  0.0000000 )
                  (  0.0000000  0.0000000  1.0000000 )


      isym =  5     180 deg rotation - cryst. axis [0,1,0]       

 cryst.   s( 5) = (     0         -1          0      )
                  (    -1          0          0      )
                  (     0          0         -1      )

 cart.    s( 5) = ( -0.5000000 -0.8660254  0.0000000 )
                  ( -0.8660254  0.5000000 -0.0000000 )
                  (  0.0000000  0.0000000 -1.0000000 )


      isym =  6     180 deg rotation - cryst. axis [1,1,0]       

 cryst.   s( 6) = (    -1          1          0      )
                  (     0          1          0      )
                  (     0          1         -1      )

 cart.    s( 6) = ( -0.5000000  0.8660254 -0.0000000 )
                  (  0.8660254  0.5000000 -0.0000000 )
                  (  0.0000000  0.0000000 -1.0000000 )


      isym =  7     inversion                                    

 cryst.   s( 7) = (    -1          0          0      )
                  (     0         -1          0      )
                  (     0          0         -1      )

 cart.    s( 7) = ( -1.0000000  0.0000000  0.0000000 )
                  (  0.0000000 -1.0000000  0.0000000 )
                  (  0.0000000  0.0000000 -1.0000000 )


      isym =  8     inv. 180 deg rotation - cart. axis [1,0,0]   

 cryst.   s( 8) = (    -1          0          0      )
                  (    -1          1          0      )
                  (    -1          0          1      )

 cart.    s( 8) = ( -1.0000000  0.0000000  0.0000000 )
                  (  0.0000000  1.0000000 -0.0000000 )
                  (  0.0000000  0.0000000  1.0000000 )


      isym =  9     inv. 120 deg rotation - cryst. axis [0,0,1]  

 cryst.   s( 9) = (     1         -1          0      )
                  (     1          0          0      )
                  (     1          0         -1      )

 cart.    s( 9) = (  0.5000000  0.8660254 -0.0000000 )
                  ( -0.8660254  0.5000000 -0.0000000 )
                  (  0.0000000  0.0000000 -1.0000000 )


      isym = 10     inv. 120 deg rotation - cryst. axis [0,0,-1] 

 cryst.   s(10) = (     0          1          0      )
                  (    -1          1          0      )
                  (     0          1         -1      )

 cart.    s(10) = (  0.5000000 -0.8660254  0.0000000 )
                  (  0.8660254  0.5000000 -0.0000000 )
                  (  0.0000000  0.0000000 -1.0000000 )


      isym = 11     inv. 180 deg rotation - cryst. axis [0,1,0]  

 cryst.   s(11) = (     0          1          0      )
                  (     1          0          0      )
                  (     0          0          1      )

 cart.    s(11) = (  0.5000000  0.8660254 -0.0000000 )
                  (  0.8660254 -0.5000000  0.0000000 )
                  (  0.0000000  0.0000000  1.0000000 )


      isym = 12     inv. 180 deg rotation - cryst. axis [1,1,0]  

 cryst.   s(12) = (     1         -1          0      )
                  (     0         -1          0      )
                  (     0         -1          1      )

 cart.    s(12) = (  0.5000000 -0.8660254  0.0000000 )
                  ( -0.8660254 -0.5000000  0.0000000 )
                  (  0.0000000  0.0000000  1.0000000 )


   Cartesian axes

     site n.     atom                  positions (alat units)
         1           Cd  tau(   1) = (   1.0000000   0.5773503   0.4082483  )
         2           In  tau(   2) = (   0.0000000   0.0000000   0.0000000  )
         3           Rh  tau(   3) = (   0.5000000   0.2886751   0.2041241  )
         4           Rh  tau(   4) = (   1.5000000   0.8660254   0.6123724  )

   Crystallographic axes

     site n.     atom                  positions (cryst. coord.)
         1           Cd  tau(   1) = (  0.5000000  0.5000000  0.5000000  )
         2           In  tau(   2) = (  0.0000000  0.0000000  0.0000000  )
         3           Rh  tau(   3) = (  0.2500000  0.2500000  0.2500000  )
         4           Rh  tau(   4) = (  0.7500000  0.7500000  0.7500000  )

     number of k points=     1  Methfessel-Paxton smearing, width (Ry)=  0.0010
                       cart. coord. in units 2pi/alat
        k(    1) = (   0.0000000   0.0000000   0.0000000), wk =   2.0000000

                       cryst. coord.
        k(    1) = (   0.0000000   0.0000000   0.0000000), wk =   2.0000000

     Dense  grid:    14382 G-vectors     FFT dimensions: (  45,  45,  45)

     Smooth grid:     5041 G-vectors     FFT dimensions: (  32,  32,  32)

     Dynamical RAM for                 wfc:       0.35 MB

     Dynamical RAM for     wfc (w. buffer):       0.35 MB

     Dynamical RAM for           str. fact:       0.66 MB

     Dynamical RAM for           local pot:       0.00 MB

     Dynamical RAM for          nlocal pot:       0.70 MB

     Dynamical RAM for                qrad:       3.73 MB

     Dynamical RAM for          rho,v,vnew:       2.74 MB

     Dynamical RAM for               rhoin:       0.91 MB

     Dynamical RAM for            rho*nmix:       3.51 MB

     Dynamical RAM for           G-vectors:       0.86 MB

     Dynamical RAM for          h,s,v(r/c):       0.12 MB

     Dynamical RAM for          <psi|beta>:       0.02 MB

     Dynamical RAM for                 psi:       0.70 MB

     Dynamical RAM for                hpsi:       0.70 MB

     Dynamical RAM for                spsi:       0.70 MB

     Dynamical RAM for      wfcinit/wfcrot:       0.77 MB

     Dynamical RAM for           addusdens:      41.04 MB

     Dynamical RAM for          addusforce:      41.15 MB

     Dynamical RAM for         addusstress:      44.11 MB

     Estimated static dynamical RAM per process >      14.31 MB

     Estimated max dynamical RAM per process >      61.93 MB

     Check: negative core charge=   -0.000001

     Initial potential from superposition of free atoms

     starting charge      58.9905, renormalised to      59.0000
     Starting wfcs are   38 randomized atomic wfcs

     total cpu time spent up to now is        4.0 secs

     Self-consistent Calculation

     iteration #  1     ecut=    30.00 Ry     beta= 0.70
     Davidson diagonalization with overlap

---- Real-time Memory Report at c_bands before calling an iterative solver
           307 MiB given to the printing process from OS
             0 MiB allocation reported by mallinfo(arena+hblkhd)
        169022 MiB available memory on the node where the printing process lives
------------------
     ethr =  1.00E-02,  avg # of iterations =  2.0

     total cpu time spent up to now is        4.3 secs

     total energy              =    -699.74309445 Ry
     estimated scf accuracy    <       1.32301295 Ry

     iteration #  2     ecut=    30.00 Ry     beta= 0.70
     Davidson diagonalization with overlap

---- Real-time Memory Report at c_bands before calling an iterative solver
           465 MiB given to the printing process from OS
             0 MiB allocation reported by mallinfo(arena+hblkhd)
        168847 MiB available memory on the node where the printing process lives
------------------
     ethr =  2.24E-03,  avg # of iterations =  3.0

     total cpu time spent up to now is        4.6 secs

     total energy              =    -699.97632443 Ry
     estimated scf accuracy    <       2.71195064 Ry

     iteration #  3     ecut=    30.00 Ry     beta= 0.70
     Davidson diagonalization with overlap

---- Real-time Memory Report at c_bands before calling an iterative solver
           466 MiB given to the printing process from OS
             0 MiB allocation reported by mallinfo(arena+hblkhd)
        168844 MiB available memory on the node where the printing process lives
------------------
     ethr =  2.24E-03,  avg # of iterations =  4.0

     total cpu time spent up to now is        4.9 secs

     total energy              =    -700.42304962 Ry
     estimated scf accuracy    <       0.04246785 Ry

     iteration #  4     ecut=    30.00 Ry     beta= 0.70
     Davidson diagonalization with overlap

---- Real-time Memory Report at c_bands before calling an iterative solver
           466 MiB given to the printing process from OS
             0 MiB allocation reported by mallinfo(arena+hblkhd)
        168843 MiB available memory on the node where the printing process lives
------------------
     ethr =  7.20E-05,  avg # of iterations =  8.0

     total cpu time spent up to now is        5.3 secs

     total energy              =    -700.42674410 Ry
     estimated scf accuracy    <       0.01471289 Ry

     iteration #  5     ecut=    30.00 Ry     beta= 0.70
     Davidson diagonalization with overlap

---- Real-time Memory Report at c_bands before calling an iterative solver
           466 MiB given to the printing process from OS
             0 MiB allocation reported by mallinfo(arena+hblkhd)
        168840 MiB available memory on the node where the printing process lives
------------------
     ethr =  2.49E-05,  avg # of iterations =  2.0

     total cpu time spent up to now is        5.6 secs

     total energy              =    -700.42800904 Ry
     estimated scf accuracy    <       0.00247209 Ry

     iteration #  6     ecut=    30.00 Ry     beta= 0.70
     Davidson diagonalization with overlap

---- Real-time Memory Report at c_bands before calling an iterative solver
           466 MiB given to the printing process from OS
             0 MiB allocation reported by mallinfo(arena+hblkhd)
        168837 MiB available memory on the node where the printing process lives
------------------
     ethr =  4.19E-06,  avg # of iterations =  3.0

     total cpu time spent up to now is        5.9 secs

     total energy              =    -700.42855793 Ry
     estimated scf accuracy    <       0.00132029 Ry

     iteration #  7     ecut=    30.00 Ry     beta= 0.70
     Davidson diagonalization with overlap

---- Real-time Memory Report at c_bands before calling an iterative solver
           466 MiB given to the printing process from OS
             0 MiB allocation reported by mallinfo(arena+hblkhd)
        168839 MiB available memory on the node where the printing process lives
------------------
     ethr =  2.24E-06,  avg # of iterations =  3.0

     total cpu time spent up to now is        6.1 secs

     total energy              =    -700.42877435 Ry
     estimated scf accuracy    <       0.00003331 Ry

     iteration #  8     ecut=    30.00 Ry     beta= 0.70
     Davidson diagonalization with overlap

---- Real-time Memory Report at c_bands before calling an iterative solver
           466 MiB given to the printing process from OS
             0 MiB allocation reported by mallinfo(arena+hblkhd)
        168842 MiB available memory on the node where the printing process lives
------------------
     ethr =  5.65E-08,  avg # of iterations =  5.0

     total cpu time spent up to now is        6.4 secs

     total energy              =    -700.42877722 Ry
     estimated scf accuracy    <       0.00001986 Ry

     iteration #  9     ecut=    30.00 Ry     beta= 0.70
     Davidson diagonalization with overlap

---- Real-time Memory Report at c_bands before calling an iterative solver
           466 MiB given to the printing process from OS
             0 MiB allocation reported by mallinfo(arena+hblkhd)
        168840 MiB available memory on the node where the printing process lives
------------------
     ethr =  3.37E-08,  avg # of iterations =  3.0

     total cpu time spent up to now is        6.6 secs

     total energy              =    -700.42878180 Ry
     estimated scf accuracy    <       0.00000208 Ry

     iteration # 10     ecut=    30.00 Ry     beta= 0.70
     Davidson diagonalization with overlap

---- Real-time Memory Report at c_bands before calling an iterative solver
           466 MiB given to the printing process from OS
             0 MiB allocation reported by mallinfo(arena+hblkhd)
        168840 MiB available memory on the node where the printing process lives
------------------
     ethr =  3.52E-09,  avg # of iterations =  2.0

     total cpu time spent up to now is        6.7 secs

     End of self-consistent calculation

          k = 0.0000 0.0000 0.0000 (   622 PWs)   bands (ev):

   -59.1337 -59.1238 -27.1310 -27.1310 -27.1309 -27.0799 -27.0798 -27.0798
     2.3504   2.3504   2.3504   2.3608   2.3608   7.5851   7.9555   7.9555
     7.9555   8.0262   8.0262  13.5225  13.5225  13.5225  15.2613  15.2613
    17.3777  17.3777  17.3777  18.1935  18.1935  18.4197  22.2830  22.2830
    22.2831  22.3068  22.3068  22.3068

     occupation numbers 
     1.0000   1.0000   1.0000   1.0000   1.0000   1.0000   1.0000   1.0000
     1.0000   1.0000   1.0000   1.0000   1.0000   1.0000   1.0000   1.0000
     1.0000   1.0000   1.0000   1.0000   1.0000   1.0000   1.0000   1.0000
     1.0000   1.0000   1.0000   1.0000   1.0000   0.5000  -0.0000  -0.0000
    -0.0000  -0.0000  -0.0000  -0.0000

     the Fermi energy is    18.4197 ev

!    total energy              =    -700.42878160 Ry
     estimated scf accuracy    <       0.00000042 Ry
     smearing contrib. (-TS)   =      -0.00028209 Ry
     internal energy E=F+TS    =    -700.42849950 Ry

     The total energy is F=E-TS. E is the sum of the following terms:
     one-electron contribution =    -180.18905866 Ry
     hartree contribution      =     139.89443854 Ry
     xc contribution           =    -135.39610931 Ry
     ewald contribution        =    -524.73777007 Ry

     convergence has been achieved in  10 iterations

     Forces acting on atoms (cartesian axes, Ry/au):

     atom    1 type  1   force =    -0.00000000    0.00000000    0.00000000
     atom    2 type  2   force =     0.00000000   -0.00000000   -0.00000000
     atom    3 type  3   force =     0.00000000   -0.00000000   -0.00001207
     atom    4 type  3   force =     0.00000000    0.00000000    0.00001207
     The non-local contrib.  to forces
     atom    1 type  1   force =     0.00000000    0.00000000   -0.00000000
     atom    2 type  2   force =    -0.00000000   -0.00000000    0.00000000
     atom    3 type  3   force =     0.00000000    0.00000000    0.00001867
     atom    4 type  3   force =    -0.00000000   -0.00000000   -0.00001867
     The ionic contribution  to forces
     atom    1 type  1   force =    -0.00000000   -0.00000000    0.00000000
     atom    2 type  2   force =     0.00000000    0.00000000    0.00000000
     atom    3 type  3   force =    -0.00000000    0.00000000   -0.00000000
     atom    4 type  3   force =     0.00000000   -0.00000000   -0.00000000
     The local contribution  to forces
     atom    1 type  1   force =    -0.00002109   -0.00001991   -0.00000924
     atom    2 type  2   force =    -0.00003379   -0.00003986   -0.00000596
     atom    3 type  3   force =     0.00028492    0.00036374    0.00020118
     atom    4 type  3   force =    -0.00010220   -0.00016728   -0.00010334
     The core correction contribution to forces
     atom    1 type  1   force =    -0.00000262   -0.00000101   -0.00000078
     atom    2 type  2   force =    -0.00000200    0.00000194    0.00000043
     atom    3 type  3   force =     0.00000000    0.00000000    0.00000000
     atom    4 type  3   force =     0.00000000    0.00000000    0.00000000
     The Hubbard contrib.    to forces
     atom    1 type  1   force =     0.00000000    0.00000000    0.00000000
     atom    2 type  2   force =     0.00000000    0.00000000    0.00000000
     atom    3 type  3   force =     0.00000000    0.00000000    0.00000000
     atom    4 type  3   force =     0.00000000    0.00000000    0.00000000
     The SCF correction term to forces
     atom    1 type  1   force =     0.00004575    0.00001987    0.00001548
     atom    2 type  2   force =    -0.00001406    0.00012293   -0.00000175
     atom    3 type  3   force =    -0.00030772   -0.00037745   -0.00022248
     atom    4 type  3   force =     0.00016481    0.00021485    0.00014350

     Total force =     0.000017     Total SCF correction =     0.000631
     SCF correction compared to forces is large: reduce conv_thr to get better values


     Computing stress (Cartesian axis) and pressure

          total   stress  (Ry/bohr**3)                   (kbar)     P=       81.52
   0.00055421  -0.00000000  -0.00000000           81.53       -0.00       -0.00
  -0.00000000   0.00055421  -0.00000000           -0.00       81.53       -0.00
  -0.00000000  -0.00000000   0.00055413           -0.00       -0.00       81.52

     kinetic stress (kbar)  45299.88      0.00     -0.00
                                0.00  45299.88     -0.00
                               -0.00     -0.00  45299.85

     local   stress (kbar)   1796.29      0.00      0.03
                                0.00   1796.33      0.05
                                0.03      0.05   1796.29

     nonloc. stress (kbar)   3346.60      0.00      0.00
                                0.00   3346.60     -0.00
                                0.00     -0.00   3346.62

     hartree stress (kbar)  14994.80     -0.00     -0.01
                               -0.00  14994.80     -0.01
                               -0.01     -0.01  14994.81

     exc-cor stress (kbar)   8575.76      0.00     -0.00
                                0.00   8575.76      0.00
                               -0.00      0.00   8575.76

     corecor stress (kbar) -17686.98      0.00      0.00
                                0.00 -17686.98      0.00
                                0.00      0.00 -17686.98

     ewald   stress (kbar) -56244.84     -0.00     -0.00
                               -0.00 -56244.84      0.00
                               -0.00      0.00 -56244.84

     hubbard stress (kbar)      0.00      0.00      0.00
                                0.00      0.00      0.00
                                0.00      0.00      0.00

     DFT-D   stress (kbar)      0.00      0.00      0.00
                                0.00      0.00      0.00
                                0.00      0.00      0.00

     XDM     stress (kbar)      0.00      0.00      0.00
                                0.00      0.00      0.00
                                0.00      0.00      0.00

     dft-nl  stress (kbar)      0.00      0.00      0.00
                                0.00      0.00      0.00
                                0.00      0.00      0.00

     TS-vdW  stress (kbar)      0.00      0.00      0.00
                                0.00      0.00      0.00
                                0.00      0.00      0.00


                                0.00      0.00      0.00
                                0.00      0.00      0.00


                                0.00      0.00      0.00


     Writing all to output data dir new_calculations/myprefix.save/
 
     init_run     :     92.23s CPU      3.84s WALL (       1 calls)
     electrons    :     79.36s CPU      2.71s WALL (       1 calls)
     forces       :      1.07s CPU      0.03s WALL (       1 calls)
     stress       :      3.23s CPU      0.11s WALL (       1 calls)

     Called by init_run:
     wfcinit      :     19.01s CPU      0.66s WALL (       1 calls)
     wfcinit:atom :      0.01s CPU      0.00s WALL (       1 calls)
     wfcinit:wfcr :     18.93s CPU      0.66s WALL (       1 calls)
     potinit      :     24.28s CPU      0.89s WALL (       1 calls)
     hinit0       :     46.16s CPU      2.19s WALL (       1 calls)

     Called by electrons:
     c_bands      :     33.80s CPU      1.16s WALL (      10 calls)
     sum_band     :     26.20s CPU      0.89s WALL (      10 calls)
     v_of_rho     :      3.69s CPU      0.13s WALL (      11 calls)
     v_h          :      0.32s CPU      0.01s WALL (      11 calls)
     v_xc         :      3.79s CPU      0.13s WALL (      13 calls)
     newd         :     17.07s CPU      0.58s WALL (      11 calls)
     mix_rho      :      0.67s CPU      0.02s WALL (      10 calls)

     Called by c_bands:
     init_us_2    :      0.16s CPU      0.01s WALL (      21 calls)
     init_us_2:cp :      0.13s CPU      0.01s WALL (      21 calls)
     regterg      :     33.00s CPU      1.14s WALL (      10 calls)

     Called by sum_band:
     sum_band:wei :      0.02s CPU      0.00s WALL (      10 calls)
     sum_band:loo :      5.74s CPU      0.19s WALL (      10 calls)
     sum_band:buf :      0.01s CPU      0.00s WALL (      10 calls)
     sum_band:ini :      0.08s CPU      0.00s WALL (      10 calls)
     sum_band:cal :      0.05s CPU      0.00s WALL (      10 calls)
     sum_band:bec :      0.04s CPU      0.00s WALL (      10 calls)
     addusdens    :     19.97s CPU      0.68s WALL (      10 calls)
     addusd:skk   :      0.04s CPU      0.00s WALL (      20 calls)
     addusd:dgemm :      0.94s CPU      0.03s WALL (      20 calls)
     addusd:qvan2 :     18.77s CPU      0.63s WALL (      20 calls)

     Called by *egterg:
     rdiaghg      :      2.36s CPU      0.08s WALL (      45 calls)
     regterg:over :      0.17s CPU      0.01s WALL (      35 calls)
     regterg:upda :      0.23s CPU      0.01s WALL (      35 calls)
     regterg:last :      0.24s CPU      0.01s WALL (      20 calls)
     h_psi        :     46.75s CPU      1.61s WALL (      46 calls)
     s_psi        :      0.13s CPU      0.00s WALL (      46 calls)
     g_psi        :      0.09s CPU      0.00s WALL (      35 calls)

     Called by h_psi:
     h_psi:calbec :      1.25s CPU      0.04s WALL (      46 calls)
     vloc_psi     :     44.97s CPU      1.55s WALL (      46 calls)
     add_vuspsi   :      0.19s CPU      0.01s WALL (      46 calls)

     General routines
     calbec       :      1.23s CPU      0.04s WALL (      61 calls)
     fft          :     35.92s CPU      1.28s WALL (     139 calls)
     ffts         :     23.67s CPU      0.86s WALL (      21 calls)
     fftw         :     47.02s CPU      1.62s WALL (    1122 calls)
     interpolate  :     23.88s CPU      0.87s WALL (      11 calls)
 
     Parallel routines
 
     PWSCF        :   3m 2.64s CPU      7.30s WALL

 
   This run was terminated on:   3:14:57  21May2023            

=------------------------------------------------------------------------------=
   JOB DONE.
=------------------------------------------------------------------------------=
