
     Program PWSCF v.7.0 starts on 20May2023 at 17:56:19 

     This program is part of the open-source Quantum ESPRESSO suite
     for quantum simulation of materials; please cite
         "P. Giannozzi et al., J. Phys.:Condens. Matter 21 395502 (2009);
         "P. Giannozzi et al., J. Phys.:Condens. Matter 29 465901 (2017);
         "P. Giannozzi et al., J. Chem. Phys. 152 154105 (2020);
          URL http://www.quantum-espresso.org", 
     in publications or presentations arising from this work. More details at
     http://www.quantum-espresso.org/quote

     Parallel version (MPI & OpenMP), running on      32 processor cores
     Number of MPI processes:                 1
     Threads/MPI process:                    32

     MPI processes distributed on     1 nodes
     140003 MiB available memory on the printing compute node when the environment starts
 
     Reading input from espresso_1573.pwi
Warning: card &CELL ignored
Warning: card / ignored

     Current dimensions of program PWSCF are:
     Max number of different atomic species (ntypx) = 10
     Max number of k-points (npk) =  40000
     Max angular momentum in pseudopotentials (lmaxx) =  4

     gamma-point specific algorithms are used
     Message from routine setup:
     using ibrav=0 with symmetry is DISCOURAGED, use correct ibrav instead

     Subspace diagonalization in iterative solution of the eigenvalue problem:
     a serial algorithm will be used

 
     G-vector sticks info
     --------------------
     sticks:   dense  smooth     PW     G-vecs:    dense   smooth      PW
     Sum        1069     535    127                23049     8099     965
 
     Using Slab Decomposition
 


     bravais-lattice index     =            0
     lattice parameter (alat)  =       8.0395  a.u.
     unit-cell volume          =     367.4302 (a.u.)^3
     number of atoms/cell      =            4
     number of atomic types    =            3
     number of electrons       =        58.00
     number of Kohn-Sham states=           35
     kinetic-energy cutoff     =      30.0000  Ry
     charge density cutoff     =     240.0000  Ry
     scf convergence threshold =      1.0E-06
     mixing beta               =       0.7000
     number of iterations used =            8  plain     mixing
     Exchange-correlation= PBE
                           (   1   4   3   4   0   0   0)

     celldm(1)=   8.039517  celldm(2)=   0.000000  celldm(3)=   0.000000
     celldm(4)=   0.000000  celldm(5)=   0.000000  celldm(6)=   0.000000

     crystal axes: (cart. coord. in units of alat)
               a(1) = (   1.000000   0.000000   0.000000 )  
               a(2) = (   0.500000   0.866025   0.000000 )  
               a(3) = (   0.500000   0.288675   0.816497 )  

     reciprocal axes: (cart. coord. in units 2 pi/alat)
               b(1) = (  1.000000 -0.577350 -0.408248 )  
               b(2) = (  0.000000  1.154701 -0.408248 )  
               b(3) = (  0.000000  0.000000  1.224745 )  


     PseudoPot. # 1 for Li read from file:
     /home/pragov/projects/rrg-bengioy-ad/pragov/crystal_structure_design/SSSP/li_pbe_v1.4.uspp.F.UPF
     MD5 check sum: e912e257baa3777c20ea3d68f190483c
     Pseudo is Ultrasoft, Zval =  3.0
     Generated by new atomic code, or converted to UPF format
     Using radial grid of  751 points,  5 beta functions with: 
                l(1) =   0
                l(2) =   0
                l(3) =   0
                l(4) =   1
                l(5) =   1
     Q(r) pseudized with 10 coefficients,  rinner =    1.150   1.150   1.150


     PseudoPot. # 2 for Cu read from file:
     /home/pragov/projects/rrg-bengioy-ad/pragov/crystal_structure_design/SSSP/Cu_pbe_v1.2.uspp.F.UPF
     MD5 check sum: 6e991ff952a84172a2a52a1c1e996048
     Pseudo is Ultrasoft + core correction, Zval = 19.0
     Generated by new atomic code, or converted to UPF format
     Using radial grid of  867 points,  6 beta functions with: 
                l(1) =   0
                l(2) =   0
                l(3) =   1
                l(4) =   1
                l(5) =   2
                l(6) =   2
     Q(r) pseudized with  8 coefficients,  rinner =    1.150   1.150   1.150
                                                       1.150   1.150

     PseudoPot. # 3 for Pd read from file:
     /home/pragov/projects/rrg-bengioy-ad/pragov/crystal_structure_design/SSSP/Pd_ONCV_PBE-1.0.oncvpsp.upf
     MD5 check sum: eb77f42b51d86fb18e25f68156a31cf1
     Pseudo is Norm-conserving, Zval = 18.0
     Generated using ONCVPSP code by D. R. Hamann
     Using radial grid of 1410 points,  6 beta functions with: 
                l(1) =   0
                l(2) =   0
                l(3) =   1
                l(4) =   1
                l(5) =   2
                l(6) =   2

     atomic species   valence    mass     pseudopotential
        Li             3.00     6.94000     Li( 1.00)
        Cu            19.00    63.54600     Cu( 1.00)
        Pd            18.00   106.42000     Pd( 1.00)

     12 Sym. Ops., with inversion, found


                                    s                        frac. trans.

      isym =  1     identity                                     

 cryst.   s( 1) = (     1          0          0      )
                  (     0          1          0      )
                  (     0          0          1      )

 cart.    s( 1) = (  1.0000000  0.0000000  0.0000000 )
                  (  0.0000000  1.0000000 -0.0000000 )
                  (  0.0000000  0.0000000  1.0000000 )


      isym =  2     180 deg rotation - cart. axis [1,0,0]        

 cryst.   s( 2) = (     1          0          0      )
                  (     1         -1          0      )
                  (     1          0         -1      )

 cart.    s( 2) = (  1.0000000  0.0000000  0.0000000 )
                  (  0.0000000 -1.0000000  0.0000000 )
                  (  0.0000000  0.0000000 -1.0000000 )


      isym =  3     120 deg rotation - cryst. axis [0,0,1]       

 cryst.   s( 3) = (    -1          1          0      )
                  (    -1          0          0      )
                  (    -1          0          1      )

 cart.    s( 3) = ( -0.5000000 -0.8660254  0.0000000 )
                  (  0.8660254 -0.5000000  0.0000000 )
                  (  0.0000000  0.0000000  1.0000000 )


      isym =  4     120 deg rotation - cryst. axis [0,0,-1]      

 cryst.   s( 4) = (     0         -1          0      )
                  (     1         -1          0      )
                  (     0         -1          1      )

 cart.    s( 4) = ( -0.5000000  0.8660254 -0.0000000 )
                  ( -0.8660254 -0.5000000  0.0000000 )
                  (  0.0000000  0.0000000  1.0000000 )


      isym =  5     180 deg rotation - cryst. axis [0,1,0]       

 cryst.   s( 5) = (     0         -1          0      )
                  (    -1          0          0      )
                  (     0          0         -1      )

 cart.    s( 5) = ( -0.5000000 -0.8660254  0.0000000 )
                  ( -0.8660254  0.5000000 -0.0000000 )
                  (  0.0000000  0.0000000 -1.0000000 )


      isym =  6     180 deg rotation - cryst. axis [1,1,0]       

 cryst.   s( 6) = (    -1          1          0      )
                  (     0          1          0      )
                  (     0          1         -1      )

 cart.    s( 6) = ( -0.5000000  0.8660254 -0.0000000 )
                  (  0.8660254  0.5000000 -0.0000000 )
                  (  0.0000000  0.0000000 -1.0000000 )


      isym =  7     inversion                                    

 cryst.   s( 7) = (    -1          0          0      )
                  (     0         -1          0      )
                  (     0          0         -1      )

 cart.    s( 7) = ( -1.0000000  0.0000000  0.0000000 )
                  (  0.0000000 -1.0000000  0.0000000 )
                  (  0.0000000  0.0000000 -1.0000000 )


      isym =  8     inv. 180 deg rotation - cart. axis [1,0,0]   

 cryst.   s( 8) = (    -1          0          0      )
                  (    -1          1          0      )
                  (    -1          0          1      )

 cart.    s( 8) = ( -1.0000000  0.0000000  0.0000000 )
                  (  0.0000000  1.0000000 -0.0000000 )
                  (  0.0000000  0.0000000  1.0000000 )


      isym =  9     inv. 120 deg rotation - cryst. axis [0,0,1]  

 cryst.   s( 9) = (     1         -1          0      )
                  (     1          0          0      )
                  (     1          0         -1      )

 cart.    s( 9) = (  0.5000000  0.8660254 -0.0000000 )
                  ( -0.8660254  0.5000000 -0.0000000 )
                  (  0.0000000  0.0000000 -1.0000000 )


      isym = 10     inv. 120 deg rotation - cryst. axis [0,0,-1] 

 cryst.   s(10) = (     0          1          0      )
                  (    -1          1          0      )
                  (     0          1         -1      )

 cart.    s(10) = (  0.5000000 -0.8660254  0.0000000 )
                  (  0.8660254  0.5000000 -0.0000000 )
                  (  0.0000000  0.0000000 -1.0000000 )


      isym = 11     inv. 180 deg rotation - cryst. axis [0,1,0]  

 cryst.   s(11) = (     0          1          0      )
                  (     1          0          0      )
                  (     0          0          1      )

 cart.    s(11) = (  0.5000000  0.8660254 -0.0000000 )
                  (  0.8660254 -0.5000000  0.0000000 )
                  (  0.0000000  0.0000000  1.0000000 )


      isym = 12     inv. 180 deg rotation - cryst. axis [1,1,0]  

 cryst.   s(12) = (     1         -1          0      )
                  (     0         -1          0      )
                  (     0         -1          1      )

 cart.    s(12) = (  0.5000000 -0.8660254  0.0000000 )
                  ( -0.8660254 -0.5000000  0.0000000 )
                  (  0.0000000  0.0000000  1.0000000 )


   Cartesian axes

     site n.     atom                  positions (alat units)
         1           Li  tau(   1) = (   1.0000000   0.5773503   0.4082483  )
         2           Cu  tau(   2) = (   0.0000000   0.0000000   0.0000000  )
         3           Pd  tau(   3) = (   1.5000000   0.8660254   0.6123724  )
         4           Pd  tau(   4) = (   0.5000000   0.2886751   0.2041241  )

   Crystallographic axes

     site n.     atom                  positions (cryst. coord.)
         1           Li  tau(   1) = (  0.5000000  0.5000000  0.5000000  )
         2           Cu  tau(   2) = (  0.0000000  0.0000000  0.0000000  )
         3           Pd  tau(   3) = (  0.7500000  0.7500000  0.7500000  )
         4           Pd  tau(   4) = (  0.2500000  0.2500000  0.2500000  )

     number of k points=     1  Methfessel-Paxton smearing, width (Ry)=  0.0010
                       cart. coord. in units 2pi/alat
        k(    1) = (   0.0000000   0.0000000   0.0000000), wk =   2.0000000

                       cryst. coord.
        k(    1) = (   0.0000000   0.0000000   0.0000000), wk =   2.0000000

     Dense  grid:    11525 G-vectors     FFT dimensions: (  40,  40,  40)

     Smooth grid:     4050 G-vectors     FFT dimensions: (  30,  30,  30)

     Dynamical RAM for                 wfc:       0.27 MB

     Dynamical RAM for     wfc (w. buffer):       0.27 MB

     Dynamical RAM for           str. fact:       0.53 MB

     Dynamical RAM for           local pot:       0.00 MB

     Dynamical RAM for          nlocal pot:       0.49 MB

     Dynamical RAM for                qrad:       3.73 MB

     Dynamical RAM for          rho,v,vnew:       1.99 MB

     Dynamical RAM for               rhoin:       0.66 MB

     Dynamical RAM for            rho*nmix:       2.81 MB

     Dynamical RAM for           G-vectors:       0.69 MB

     Dynamical RAM for          h,s,v(r/c):       0.11 MB

     Dynamical RAM for          <psi|beta>:       0.02 MB

     Dynamical RAM for                 psi:       0.54 MB

     Dynamical RAM for                hpsi:       0.54 MB

     Dynamical RAM for                spsi:       0.54 MB

     Dynamical RAM for      wfcinit/wfcrot:       0.62 MB

     Dynamical RAM for           addusdens:      32.89 MB

     Dynamical RAM for          addusforce:      32.98 MB

     Dynamical RAM for         addusstress:      35.35 MB

     Estimated static dynamical RAM per process >      11.51 MB

     Estimated max dynamical RAM per process >      49.68 MB

     Initial potential from superposition of free atoms

     starting charge      56.5485, renormalised to      58.0000
     Starting wfcs are   38 randomized atomic wfcs

     total cpu time spent up to now is        2.7 secs

     Self-consistent Calculation

     iteration #  1     ecut=    30.00 Ry     beta= 0.70
     Davidson diagonalization with overlap

---- Real-time Memory Report at c_bands before calling an iterative solver
           263 MiB given to the printing process from OS
             0 MiB allocation reported by mallinfo(arena+hblkhd)
        139924 MiB available memory on the node where the printing process lives
------------------
     ethr =  1.00E-02,  avg # of iterations =  2.0

     Threshold (ethr) on eigenvalues was too large:
     Diagonalizing with lowered threshold

     Davidson diagonalization with overlap

---- Real-time Memory Report at c_bands before calling an iterative solver
           403 MiB given to the printing process from OS
             0 MiB allocation reported by mallinfo(arena+hblkhd)
        139805 MiB available memory on the node where the printing process lives
------------------
     ethr =  6.00E-04,  avg # of iterations =  8.0

     total cpu time spent up to now is        3.0 secs

     total energy              =    -924.12591090 Ry
     estimated scf accuracy    <       0.38566832 Ry

     iteration #  2     ecut=    30.00 Ry     beta= 0.70
     Davidson diagonalization with overlap

---- Real-time Memory Report at c_bands before calling an iterative solver
           410 MiB given to the printing process from OS
             0 MiB allocation reported by mallinfo(arena+hblkhd)
        139798 MiB available memory on the node where the printing process lives
------------------
     ethr =  6.65E-04,  avg # of iterations =  2.0

     total cpu time spent up to now is        3.3 secs

     total energy              =    -924.17878488 Ry
     estimated scf accuracy    <       0.31705761 Ry

     iteration #  3     ecut=    30.00 Ry     beta= 0.70
     Davidson diagonalization with overlap

---- Real-time Memory Report at c_bands before calling an iterative solver
           420 MiB given to the printing process from OS
             0 MiB allocation reported by mallinfo(arena+hblkhd)
        139790 MiB available memory on the node where the printing process lives
------------------
     ethr =  5.47E-04,  avg # of iterations =  2.0

     total cpu time spent up to now is        3.4 secs

     total energy              =    -924.22710669 Ry
     estimated scf accuracy    <       0.13430159 Ry

     iteration #  4     ecut=    30.00 Ry     beta= 0.70
     Davidson diagonalization with overlap

---- Real-time Memory Report at c_bands before calling an iterative solver
           420 MiB given to the printing process from OS
             0 MiB allocation reported by mallinfo(arena+hblkhd)
        139787 MiB available memory on the node where the printing process lives
------------------
     ethr =  2.32E-04,  avg # of iterations =  2.0

     total cpu time spent up to now is        3.6 secs

     total energy              =    -924.25785387 Ry
     estimated scf accuracy    <       0.01867105 Ry

     iteration #  5     ecut=    30.00 Ry     beta= 0.70
     Davidson diagonalization with overlap

---- Real-time Memory Report at c_bands before calling an iterative solver
           420 MiB given to the printing process from OS
             0 MiB allocation reported by mallinfo(arena+hblkhd)
        139787 MiB available memory on the node where the printing process lives
------------------
     ethr =  3.22E-05,  avg # of iterations =  2.0

     total cpu time spent up to now is        3.8 secs

     total energy              =    -924.25980682 Ry
     estimated scf accuracy    <       0.00049748 Ry

     iteration #  6     ecut=    30.00 Ry     beta= 0.70
     Davidson diagonalization with overlap

---- Real-time Memory Report at c_bands before calling an iterative solver
           423 MiB given to the printing process from OS
             0 MiB allocation reported by mallinfo(arena+hblkhd)
        139787 MiB available memory on the node where the printing process lives
------------------
     ethr =  8.58E-07,  avg # of iterations =  6.0

     total cpu time spent up to now is        4.0 secs

     total energy              =    -924.25997788 Ry
     estimated scf accuracy    <       0.00004474 Ry

     iteration #  7     ecut=    30.00 Ry     beta= 0.70
     Davidson diagonalization with overlap

---- Real-time Memory Report at c_bands before calling an iterative solver
           423 MiB given to the printing process from OS
             0 MiB allocation reported by mallinfo(arena+hblkhd)
        139787 MiB available memory on the node where the printing process lives
------------------
     ethr =  7.71E-08,  avg # of iterations =  2.0

     total cpu time spent up to now is        4.1 secs

     total energy              =    -924.25998998 Ry
     estimated scf accuracy    <       0.00000741 Ry

     iteration #  8     ecut=    30.00 Ry     beta= 0.70
     Davidson diagonalization with overlap

---- Real-time Memory Report at c_bands before calling an iterative solver
           423 MiB given to the printing process from OS
             0 MiB allocation reported by mallinfo(arena+hblkhd)
        139787 MiB available memory on the node where the printing process lives
------------------
     ethr =  1.28E-08,  avg # of iterations =  2.0

     total cpu time spent up to now is        4.3 secs

     total energy              =    -924.25998989 Ry
     estimated scf accuracy    <       0.00000175 Ry

     iteration #  9     ecut=    30.00 Ry     beta= 0.70
     Davidson diagonalization with overlap

---- Real-time Memory Report at c_bands before calling an iterative solver
           423 MiB given to the printing process from OS
             0 MiB allocation reported by mallinfo(arena+hblkhd)
        139787 MiB available memory on the node where the printing process lives
------------------
     ethr =  3.01E-09,  avg # of iterations =  2.0

     total cpu time spent up to now is        4.5 secs

     End of self-consistent calculation

          k = 0.0000 0.0000 0.0000 (   483 PWs)   bands (ev):

   -97.1084 -68.9665 -68.9509 -54.4884 -54.4884 -54.4884 -34.4146 -34.4146
   -34.4146 -34.3517 -34.3517 -34.3517 -30.7555   7.9722  11.2646  11.2647
    11.5891  11.5891  11.5891  12.3506  12.3507  12.3507  13.7829  13.7830
    14.7853  14.7854  14.7854  15.4408  15.4409  21.8788  21.8788  21.8789
    23.2795  23.2795  23.4091

     occupation numbers 
     1.0000   1.0000   1.0000   1.0000   1.0000   1.0000   1.0000   1.0000
     1.0000   1.0000   1.0000   1.0000   1.0000   1.0000   1.0000   1.0000
     1.0000   1.0000   1.0000   1.0000   1.0000   1.0000   1.0000   1.0000
     1.0000   1.0000   1.0000   1.0000   1.0000  -0.0000  -0.0000  -0.0000
    -0.0000  -0.0000  -0.0000

     the Fermi energy is    15.9958 ev

!    total energy              =    -924.25999024 Ry
     estimated scf accuracy    <       0.00000008 Ry
     smearing contrib. (-TS)   =       0.00000000 Ry
     internal energy E=F+TS    =    -924.25999024 Ry

     The total energy is F=E-TS. E is the sum of the following terms:
     one-electron contribution =    -530.16980485 Ry
     hartree contribution      =     293.45677726 Ry
     xc contribution           =     -92.27217295 Ry
     ewald contribution        =    -595.27478969 Ry

     convergence has been achieved in   9 iterations

     Forces acting on atoms (cartesian axes, Ry/au):

     atom    1 type  1   force =     0.00000000    0.00000000   -0.00000000
     atom    2 type  2   force =     0.00000000    0.00000000    0.00000000
     atom    3 type  3   force =     0.00000000   -0.00000000   -0.00001254
     atom    4 type  3   force =    -0.00000000    0.00000000    0.00001254
     The non-local contrib.  to forces
     atom    1 type  1   force =     0.00000000    0.00000000    0.00000000
     atom    2 type  2   force =     0.00000000    0.00000000    0.00000000
     atom    3 type  3   force =     0.00000000    0.00000000   -0.00000581
     atom    4 type  3   force =     0.00000000    0.00000000    0.00000581
     The ionic contribution  to forces
     atom    1 type  1   force =    -0.00000000    0.00000000    0.00000000
     atom    2 type  2   force =    -0.00000000   -0.00000000    0.00000000
     atom    3 type  3   force =     0.00000000    0.00000000   -0.00000000
     atom    4 type  3   force =     0.00000000   -0.00000000    0.00000000
     The local contribution  to forces
     atom    1 type  1   force =     0.00000260   -0.00000379   -0.00000008
     atom    2 type  2   force =     0.00002022   -0.00004243    0.00000233
     atom    3 type  3   force =     0.00001534    0.00017640    0.00001606
     atom    4 type  3   force =    -0.00008804    0.00003722    0.00001611
     The core correction contribution to forces
     atom    1 type  1   force =     0.00000000    0.00000000    0.00000000
     atom    2 type  2   force =    -0.00000001   -0.00000003    0.00000002
     atom    3 type  3   force =     0.00000000    0.00000000    0.00000000
     atom    4 type  3   force =     0.00000000    0.00000000    0.00000000
     The Hubbard contrib.    to forces
     atom    1 type  1   force =     0.00000000    0.00000000    0.00000000
     atom    2 type  2   force =     0.00000000    0.00000000    0.00000000
     atom    3 type  3   force =     0.00000000    0.00000000    0.00000000
     atom    4 type  3   force =     0.00000000    0.00000000    0.00000000
     The SCF correction term to forces
     atom    1 type  1   force =    -0.00000281    0.00000874    0.00000091
     atom    2 type  2   force =    -0.00003447    0.00005310   -0.00000285
     atom    3 type  3   force =    -0.00000653   -0.00024486   -0.00002187
     atom    4 type  3   force =     0.00010210   -0.00004323   -0.00000845

     Total force =     0.000018     Total SCF correction =     0.000277
     SCF correction compared to forces is large: reduce conv_thr to get better values


     Computing stress (Cartesian axis) and pressure

          total   stress  (Ry/bohr**3)                   (kbar)     P=    -1463.12
  -0.00994609  -0.00000000  -0.00000000        -1463.12       -0.00       -0.00
   0.00000000  -0.00994609   0.00000000            0.00    -1463.12        0.00
  -0.00000000   0.00000000  -0.00994605           -0.00        0.00    -1463.12

     kinetic stress (kbar)  57809.56      0.00     -0.00
                                0.00  57809.56     -0.00
                               -0.00     -0.00  57809.59

     local   stress (kbar) -21608.89     -0.00      0.01
                               -0.00 -21608.86     -0.01
                                0.01     -0.01 -21608.87

     nonloc. stress (kbar)  14337.12     -0.00      0.00
                                0.00  14337.12     -0.00
                                0.00     -0.00  14337.12

     hartree stress (kbar)  39163.00      0.01      0.00
                                0.01  39162.97      0.01
                                0.00      0.01  39162.97

     exc-cor stress (kbar) -11577.74     -0.00     -0.00
                               -0.00 -11577.74     -0.00
                               -0.00     -0.00 -11577.74

     corecor stress (kbar)   -144.38     -0.00     -0.00
                               -0.00   -144.38     -0.00
                               -0.00     -0.00   -144.38

     ewald   stress (kbar) -79441.79     -0.00     -0.00
                               -0.00 -79441.79     -0.00
                               -0.00     -0.00 -79441.79

     hubbard stress (kbar)      0.00      0.00      0.00
                                0.00      0.00      0.00
                                0.00      0.00      0.00

     DFT-D   stress (kbar)      0.00      0.00      0.00
                                0.00      0.00      0.00
                                0.00      0.00      0.00

     XDM     stress (kbar)      0.00      0.00      0.00
                                0.00      0.00      0.00
                                0.00      0.00      0.00

     dft-nl  stress (kbar)      0.00      0.00      0.00
                                0.00      0.00      0.00
                                0.00      0.00      0.00

     TS-vdW  stress (kbar)      0.00      0.00      0.00
                                0.00      0.00      0.00
                                0.00      0.00      0.00


                                0.00      0.00      0.00
                                0.00      0.00      0.00


                                0.00      0.00      0.00


     Writing all to output data dir new_calculations/myprefix.save/
 
     init_run     :     70.25s CPU      2.50s WALL (       1 calls)
     electrons    :     57.84s CPU      1.85s WALL (       1 calls)
     forces       :      0.84s CPU      0.03s WALL (       1 calls)
     stress       :      1.97s CPU      0.06s WALL (       1 calls)

     Called by init_run:
     wfcinit      :     14.09s CPU      0.46s WALL (       1 calls)
     wfcinit:atom :      0.01s CPU      0.00s WALL (       1 calls)
     wfcinit:wfcr :     14.03s CPU      0.45s WALL (       1 calls)
     potinit      :     14.07s CPU      0.47s WALL (       1 calls)
     hinit0       :     41.44s CPU      1.55s WALL (       1 calls)

     Called by electrons:
     c_bands      :     37.13s CPU      1.18s WALL (      10 calls)
     sum_band     :     12.54s CPU      0.40s WALL (      10 calls)
     v_of_rho     :      2.23s CPU      0.07s WALL (      10 calls)
     v_h          :      0.21s CPU      0.01s WALL (      10 calls)
     v_xc         :      2.32s CPU      0.08s WALL (      12 calls)
     newd         :      4.61s CPU      0.15s WALL (      10 calls)
     mix_rho      :      0.45s CPU      0.01s WALL (      10 calls)

     Called by c_bands:
     init_us_2    :      0.15s CPU      0.01s WALL (      21 calls)
     init_us_2:cp :      0.12s CPU      0.00s WALL (      21 calls)
     regterg      :     36.59s CPU      1.16s WALL (      10 calls)

     Called by sum_band:
     sum_band:wei :      0.01s CPU      0.00s WALL (      10 calls)
     sum_band:loo :      6.53s CPU      0.21s WALL (      10 calls)
     sum_band:buf :      0.01s CPU      0.00s WALL (      10 calls)
     sum_band:ini :      0.09s CPU      0.00s WALL (      10 calls)
     sum_band:cal :      0.04s CPU      0.00s WALL (      10 calls)
     sum_band:bec :      0.01s CPU      0.00s WALL (      10 calls)
     addusdens    :      5.55s CPU      0.18s WALL (      10 calls)
     addusd:skk   :      0.02s CPU      0.00s WALL (      20 calls)
     addusd:dgemm :      1.18s CPU      0.04s WALL (      20 calls)
     addusd:qvan2 :      3.97s CPU      0.13s WALL (      20 calls)

     Called by *egterg:
     rdiaghg      :      1.86s CPU      0.06s WALL (      39 calls)
     regterg:over :      0.07s CPU      0.00s WALL (      30 calls)
     regterg:upda :      0.10s CPU      0.00s WALL (      30 calls)
     regterg:last :      0.16s CPU      0.01s WALL (      20 calls)
     h_psi        :     47.80s CPU      1.52s WALL (      41 calls)
     s_psi        :      0.05s CPU      0.00s WALL (      41 calls)
     g_psi        :      0.03s CPU      0.00s WALL (      30 calls)

     Called by h_psi:
     h_psi:calbec :      0.19s CPU      0.01s WALL (      41 calls)
     vloc_psi     :     47.31s CPU      1.51s WALL (      41 calls)
     add_vuspsi   :      0.09s CPU      0.00s WALL (      41 calls)

     General routines
     calbec       :      0.16s CPU      0.01s WALL (      56 calls)
     fft          :     30.96s CPU      1.05s WALL (     129 calls)
     ffts         :     13.68s CPU      0.45s WALL (      20 calls)
     fftw         :     50.17s CPU      1.60s WALL (    1122 calls)
     interpolate  :     13.81s CPU      0.46s WALL (      10 calls)
 
     Parallel routines
 
     PWSCF        :   2m15.05s CPU      4.75s WALL

 
   This run was terminated on:  17:56:24  20May2023            

=------------------------------------------------------------------------------=
   JOB DONE.
=------------------------------------------------------------------------------=
