
     Program PWSCF v.7.0 starts on 20May2023 at  4:39: 1 

     This program is part of the open-source Quantum ESPRESSO suite
     for quantum simulation of materials; please cite
         "P. Giannozzi et al., J. Phys.:Condens. Matter 21 395502 (2009);
         "P. Giannozzi et al., J. Phys.:Condens. Matter 29 465901 (2017);
         "P. Giannozzi et al., J. Chem. Phys. 152 154105 (2020);
          URL http://www.quantum-espresso.org", 
     in publications or presentations arising from this work. More details at
     http://www.quantum-espresso.org/quote

     Parallel version (MPI & OpenMP), running on      32 processor cores
     Number of MPI processes:                 1
     Threads/MPI process:                    32

     MPI processes distributed on     1 nodes
     161592 MiB available memory on the printing compute node when the environment starts
 
     Reading input from espresso_220.pwi
Warning: card &CELL ignored
Warning: card / ignored

     Current dimensions of program PWSCF are:
     Max number of different atomic species (ntypx) = 10
     Max number of k-points (npk) =  40000
     Max angular momentum in pseudopotentials (lmaxx) =  4

     gamma-point specific algorithms are used
     Message from routine setup:
     no reason to have ecutrho>4*ecutwfc
     Message from routine setup:
     using ibrav=0 with symmetry is DISCOURAGED, use correct ibrav instead

     Subspace diagonalization in iterative solution of the eigenvalue problem:
     a serial algorithm will be used

 
     G-vector sticks info
     --------------------
     sticks:   dense  smooth     PW     G-vecs:    dense   smooth      PW
     Sum         433     211     55                 6671     2327     279
 
     Using Slab Decomposition
 


     bravais-lattice index     =            0
     lattice parameter (alat)  =       5.1314  a.u.
     unit-cell volume          =     106.4927 (a.u.)^3
     number of atoms/cell      =            1
     number of atomic types    =            1
     number of electrons       =         2.00
     number of Kohn-Sham states=            5
     kinetic-energy cutoff     =      30.0000  Ry
     charge density cutoff     =     240.0000  Ry
     scf convergence threshold =      1.0E-06
     mixing beta               =       0.7000
     number of iterations used =            8  plain     mixing
     Exchange-correlation= PBE
                           (   1   4   3   4   0   0   0)

     celldm(1)=   5.131427  celldm(2)=   0.000000  celldm(3)=   0.000000
     celldm(4)=   0.000000  celldm(5)=   0.000000  celldm(6)=   0.000000

     crystal axes: (cart. coord. in units of alat)
               a(1) = (   1.000000   0.000000   0.000000 )  
               a(2) = (  -0.500000   0.866025   0.000000 )  
               a(3) = (   0.000000   0.000000   0.910070 )  

     reciprocal axes: (cart. coord. in units 2 pi/alat)
               b(1) = (  1.000000  0.577350  0.000000 )  
               b(2) = (  0.000000  1.154701  0.000000 )  
               b(3) = (  0.000000  0.000000  1.098817 )  


     PseudoPot. # 1 for He read from file:
     /home/pragov/projects/rrg-bengioy-ad/pragov/crystal_structure_design/SSSP/He_ONCV_PBE-1.0.oncvpsp.upf
     MD5 check sum: e7160162b946020f132a727efeb32d00
     Pseudo is Norm-conserving, Zval =  2.0
     Generated using ONCVPSP code by D. R. Hamann
     Using radial grid of  722 points,  2 beta functions with: 
                l(1) =   0
                l(2) =   0

     atomic species   valence    mass     pseudopotential
        He             2.00     4.00260     He( 1.00)

     24 Sym. Ops., with inversion, found


                                    s                        frac. trans.

      isym =  1     identity                                     

 cryst.   s( 1) = (     1          0          0      )
                  (     0          1          0      )
                  (     0          0          1      )

 cart.    s( 1) = (  1.0000000  0.0000000  0.0000000 )
                  (  0.0000000  1.0000000  0.0000000 )
                  (  0.0000000  0.0000000  1.0000000 )


      isym =  2     180 deg rotation - cart. axis [0,0,1]        

 cryst.   s( 2) = (    -1          0          0      )
                  (     0         -1          0      )
                  (     0          0          1      )

 cart.    s( 2) = ( -1.0000000 -0.0000000  0.0000000 )
                  (  0.0000000 -1.0000000  0.0000000 )
                  (  0.0000000  0.0000000  1.0000000 )


      isym =  3     180 deg rotation - cart. axis [0,1,0]        

 cryst.   s( 3) = (    -1          0          0      )
                  (     1          1          0      )
                  (     0          0         -1      )

 cart.    s( 3) = ( -1.0000000 -0.0000001  0.0000000 )
                  (  0.0000000  1.0000000  0.0000000 )
                  (  0.0000000  0.0000000 -1.0000000 )


      isym =  4     180 deg rotation - cart. axis [1,0,0]        

 cryst.   s( 4) = (     1          0          0      )
                  (    -1         -1          0      )
                  (     0          0         -1      )

 cart.    s( 4) = (  1.0000000  0.0000001  0.0000000 )
                  (  0.0000000 -1.0000000  0.0000000 )
                  (  0.0000000  0.0000000 -1.0000000 )


      isym =  5      60 deg rotation - cryst. axis [0,0,1]       

 cryst.   s( 5) = (     1          1          0      )
                  (    -1          0          0      )
                  (     0          0          1      )

 cart.    s( 5) = (  0.4999999 -0.8660254  0.0000000 )
                  (  0.8660254  0.5000001  0.0000000 )
                  (  0.0000000  0.0000000  1.0000000 )


      isym =  6      60 deg rotation - cryst. axis [0,0,-1]      

 cryst.   s( 6) = (     0         -1          0      )
                  (     1          1          0      )
                  (     0          0          1      )

 cart.    s( 6) = (  0.5000001  0.8660254  0.0000000 )
                  ( -0.8660254  0.4999999  0.0000000 )
                  (  0.0000000  0.0000000  1.0000000 )


      isym =  7     120 deg rotation - cryst. axis [0,0,1]       

 cryst.   s( 7) = (     0          1          0      )
                  (    -1         -1          0      )
                  (     0          0          1      )

 cart.    s( 7) = ( -0.5000001 -0.8660254  0.0000000 )
                  (  0.8660254 -0.4999999  0.0000000 )
                  (  0.0000000  0.0000000  1.0000000 )


      isym =  8     120 deg rotation - cryst. axis [0,0,-1]      

 cryst.   s( 8) = (    -1         -1          0      )
                  (     1          0          0      )
                  (     0          0          1      )

 cart.    s( 8) = ( -0.4999999  0.8660254  0.0000000 )
                  ( -0.8660254 -0.5000001  0.0000000 )
                  (  0.0000000  0.0000000  1.0000000 )


      isym =  9     180 deg rotation - cryst. axis [1,-1,0]      

 cryst.   s( 9) = (     0         -1          0      )
                  (    -1          0          0      )
                  (     0          0         -1      )

 cart.    s( 9) = (  0.5000001 -0.8660254  0.0000000 )
                  ( -0.8660254 -0.5000001  0.0000000 )
                  (  0.0000000  0.0000000 -1.0000000 )


      isym = 10     180 deg rotation - cryst. axis [2,1,0]       

 cryst.   s(10) = (     1          1          0      )
                  (     0         -1          0      )
                  (     0          0         -1      )

 cart.    s(10) = (  0.4999999  0.8660255  0.0000000 )
                  (  0.8660254 -0.4999999  0.0000000 )
                  (  0.0000000  0.0000000 -1.0000000 )


      isym = 11     180 deg rotation - cryst. axis [0,1,0]       

 cryst.   s(11) = (    -1         -1          0      )
                  (     0          1          0      )
                  (     0          0         -1      )

 cart.    s(11) = ( -0.4999999 -0.8660255  0.0000000 )
                  ( -0.8660254  0.4999999  0.0000000 )
                  (  0.0000000  0.0000000 -1.0000000 )


      isym = 12     180 deg rotation - cryst. axis [1,1,0]       

 cryst.   s(12) = (     0          1          0      )
                  (     1          0          0      )
                  (     0          0         -1      )

 cart.    s(12) = ( -0.5000001  0.8660254  0.0000000 )
                  (  0.8660254  0.5000001  0.0000000 )
                  (  0.0000000  0.0000000 -1.0000000 )


      isym = 13     inversion                                    

 cryst.   s(13) = (    -1          0          0      )
                  (     0         -1          0      )
                  (     0          0         -1      )

 cart.    s(13) = ( -1.0000000 -0.0000000  0.0000000 )
                  (  0.0000000 -1.0000000  0.0000000 )
                  (  0.0000000  0.0000000 -1.0000000 )


      isym = 14     inv. 180 deg rotation - cart. axis [0,0,1]   

 cryst.   s(14) = (     1          0          0      )
                  (     0          1          0      )
                  (     0          0         -1      )

 cart.    s(14) = (  1.0000000  0.0000000  0.0000000 )
                  (  0.0000000  1.0000000  0.0000000 )
                  (  0.0000000  0.0000000 -1.0000000 )


      isym = 15     inv. 180 deg rotation - cart. axis [0,1,0]   

 cryst.   s(15) = (     1          0          0      )
                  (    -1         -1          0      )
                  (     0          0          1      )

 cart.    s(15) = (  1.0000000  0.0000001  0.0000000 )
                  (  0.0000000 -1.0000000  0.0000000 )
                  (  0.0000000  0.0000000  1.0000000 )


      isym = 16     inv. 180 deg rotation - cart. axis [1,0,0]   

 cryst.   s(16) = (    -1          0          0      )
                  (     1          1          0      )
                  (     0          0          1      )

 cart.    s(16) = ( -1.0000000 -0.0000001  0.0000000 )
                  (  0.0000000  1.0000000  0.0000000 )
                  (  0.0000000  0.0000000  1.0000000 )


      isym = 17     inv.  60 deg rotation - cryst. axis [0,0,1]  

 cryst.   s(17) = (    -1         -1          0      )
                  (     1          0          0      )
                  (     0          0         -1      )

 cart.    s(17) = ( -0.4999999  0.8660254  0.0000000 )
                  ( -0.8660254 -0.5000001  0.0000000 )
                  (  0.0000000  0.0000000 -1.0000000 )


      isym = 18     inv.  60 deg rotation - cryst. axis [0,0,-1] 

 cryst.   s(18) = (     0          1          0      )
                  (    -1         -1          0      )
                  (     0          0         -1      )

 cart.    s(18) = ( -0.5000001 -0.8660254  0.0000000 )
                  (  0.8660254 -0.4999999  0.0000000 )
                  (  0.0000000  0.0000000 -1.0000000 )


      isym = 19     inv. 120 deg rotation - cryst. axis [0,0,1]  

 cryst.   s(19) = (     0         -1          0      )
                  (     1          1          0      )
                  (     0          0         -1      )

 cart.    s(19) = (  0.5000001  0.8660254  0.0000000 )
                  ( -0.8660254  0.4999999  0.0000000 )
                  (  0.0000000  0.0000000 -1.0000000 )


      isym = 20     inv. 120 deg rotation - cryst. axis [0,0,-1] 

 cryst.   s(20) = (     1          1          0      )
                  (    -1          0          0      )
                  (     0          0         -1      )

 cart.    s(20) = (  0.4999999 -0.8660254  0.0000000 )
                  (  0.8660254  0.5000001  0.0000000 )
                  (  0.0000000  0.0000000 -1.0000000 )


      isym = 21     inv. 180 deg rotation - cryst. axis [1,-1,0] 

 cryst.   s(21) = (     0          1          0      )
                  (     1          0          0      )
                  (     0          0          1      )

 cart.    s(21) = ( -0.5000001  0.8660254  0.0000000 )
                  (  0.8660254  0.5000001  0.0000000 )
                  (  0.0000000  0.0000000  1.0000000 )


      isym = 22     inv. 180 deg rotation - cryst. axis [2,1,0]  

 cryst.   s(22) = (    -1         -1          0      )
                  (     0          1          0      )
                  (     0          0          1      )

 cart.    s(22) = ( -0.4999999 -0.8660255  0.0000000 )
                  ( -0.8660254  0.4999999  0.0000000 )
                  (  0.0000000  0.0000000  1.0000000 )


      isym = 23     inv. 180 deg rotation - cryst. axis [0,1,0]  

 cryst.   s(23) = (     1          1          0      )
                  (     0         -1          0      )
                  (     0          0          1      )

 cart.    s(23) = (  0.4999999  0.8660255  0.0000000 )
                  (  0.8660254 -0.4999999  0.0000000 )
                  (  0.0000000  0.0000000  1.0000000 )


      isym = 24     inv. 180 deg rotation - cryst. axis [1,1,0]  

 cryst.   s(24) = (     0         -1          0      )
                  (    -1          0          0      )
                  (     0          0          1      )

 cart.    s(24) = (  0.5000001 -0.8660254  0.0000000 )
                  ( -0.8660254 -0.5000001  0.0000000 )
                  (  0.0000000  0.0000000  1.0000000 )


   Cartesian axes

     site n.     atom                  positions (alat units)
         1           He  tau(   1) = (   0.0000000   0.0000000   0.0000000  )

   Crystallographic axes

     site n.     atom                  positions (cryst. coord.)
         1           He  tau(   1) = (  0.0000000  0.0000000  0.0000000  )

     number of k points=     1  Methfessel-Paxton smearing, width (Ry)=  0.0010
                       cart. coord. in units 2pi/alat
        k(    1) = (   0.0000000   0.0000000   0.0000000), wk =   2.0000000

                       cryst. coord.
        k(    1) = (   0.0000000   0.0000000   0.0000000), wk =   2.0000000

     Dense  grid:     3336 G-vectors     FFT dimensions: (  25,  25,  24)

     Smooth grid:     1164 G-vectors     FFT dimensions: (  18,  18,  18)

     Dynamical RAM for                 wfc:       0.01 MB

     Dynamical RAM for     wfc (w. buffer):       0.01 MB

     Dynamical RAM for           str. fact:       0.05 MB

     Dynamical RAM for           local pot:       0.00 MB

     Dynamical RAM for          nlocal pot:       0.00 MB

     Dynamical RAM for                qrad:       0.04 MB

     Dynamical RAM for          rho,v,vnew:       0.50 MB

     Dynamical RAM for               rhoin:       0.17 MB

     Dynamical RAM for            rho*nmix:       0.81 MB

     Dynamical RAM for           G-vectors:       0.20 MB

     Dynamical RAM for          h,s,v(r/c):       0.00 MB

     Dynamical RAM for          <psi|beta>:       0.00 MB

     Dynamical RAM for                 psi:       0.02 MB

     Dynamical RAM for                hpsi:       0.02 MB

     Dynamical RAM for      wfcinit/wfcrot:       0.02 MB

     Estimated static dynamical RAM per process >       1.64 MB

     Estimated max dynamical RAM per process >       2.50 MB

     Initial potential from superposition of free atoms

     starting charge       2.0000, renormalised to       2.0000
     Starting wfcs are    1 randomized atomic wfcs +    4 random wfcs

     total cpu time spent up to now is        6.7 secs

     Self-consistent Calculation

     iteration #  1     ecut=    30.00 Ry     beta= 0.70
     Davidson diagonalization with overlap

---- Real-time Memory Report at c_bands before calling an iterative solver
           210 MiB given to the printing process from OS
             0 MiB allocation reported by mallinfo(arena+hblkhd)
        161555 MiB available memory on the node where the printing process lives
------------------
     ethr =  1.00E-02,  avg # of iterations =  7.0

     total cpu time spent up to now is        6.9 secs

     total energy              =      -5.71102399 Ry
     estimated scf accuracy    <       0.02373507 Ry

     iteration #  2     ecut=    30.00 Ry     beta= 0.70
     Davidson diagonalization with overlap

---- Real-time Memory Report at c_bands before calling an iterative solver
           212 MiB given to the printing process from OS
             0 MiB allocation reported by mallinfo(arena+hblkhd)
        161553 MiB available memory on the node where the printing process lives
------------------
     ethr =  1.19E-03,  avg # of iterations =  1.0

     total cpu time spent up to now is        7.0 secs

     total energy              =      -5.71471709 Ry
     estimated scf accuracy    <       0.00004931 Ry

     iteration #  3     ecut=    30.00 Ry     beta= 0.70
     Davidson diagonalization with overlap

---- Real-time Memory Report at c_bands before calling an iterative solver
           212 MiB given to the printing process from OS
             0 MiB allocation reported by mallinfo(arena+hblkhd)
        161553 MiB available memory on the node where the printing process lives
------------------
     ethr =  2.47E-06,  avg # of iterations =  5.0

     total cpu time spent up to now is        7.2 secs

     total energy              =      -5.71473754 Ry
     estimated scf accuracy    <       0.00000370 Ry

     iteration #  4     ecut=    30.00 Ry     beta= 0.70
     Davidson diagonalization with overlap

---- Real-time Memory Report at c_bands before calling an iterative solver
           212 MiB given to the printing process from OS
             0 MiB allocation reported by mallinfo(arena+hblkhd)
        161553 MiB available memory on the node where the printing process lives
------------------
     ethr =  1.85E-07,  avg # of iterations =  2.0

     total cpu time spent up to now is        7.3 secs

     End of self-consistent calculation

          k = 0.0000 0.0000 0.0000 (   140 PWs)   bands (ev):

   -16.7633   3.4511  18.8436  20.0034  20.0035

     occupation numbers 
     1.0000  -0.0000  -0.0000  -0.0000  -0.0000

     the Fermi energy is     1.6201 ev

!    total energy              =      -5.71473803 Ry
     estimated scf accuracy    <       0.00000002 Ry
     smearing contrib. (-TS)   =       0.00000000 Ry
     internal energy E=F+TS    =      -5.71473803 Ry

     The total energy is F=E-TS. E is the sum of the following terms:
     one-electron contribution =      -2.83341357 Ry
     hartree contribution      =       1.34941286 Ry
     xc contribution           =      -1.81692224 Ry
     ewald contribution        =      -2.41381509 Ry

     convergence has been achieved in   4 iterations

     Forces acting on atoms (cartesian axes, Ry/au):

     atom    1 type  1   force =     0.00000000    0.00000000    0.00000000
     The non-local contrib.  to forces
     atom    1 type  1   force =    -0.00000000   -0.00000000    0.00000000
     The ionic contribution  to forces
     atom    1 type  1   force =     0.00000000    0.00000000    0.00000000
     The local contribution  to forces
     atom    1 type  1   force =     0.00000189    0.00001180    0.00000436
     The core correction contribution to forces
     atom    1 type  1   force =     0.00000000    0.00000000    0.00000000
     The Hubbard contrib.    to forces
     atom    1 type  1   force =     0.00000000    0.00000000    0.00000000
     The SCF correction term to forces
     atom    1 type  1   force =    -0.00000384   -0.00002380   -0.00000884

     Total force =     0.000000     Total SCF correction =     0.000026


     Computing stress (Cartesian axis) and pressure

          total   stress  (Ry/bohr**3)                   (kbar)     P=     -422.74
  -0.00270409  -0.00000000   0.00000000         -397.79       -0.00        0.00
  -0.00000000  -0.00270409   0.00000000           -0.00     -397.79        0.00
   0.00000000   0.00000000  -0.00321298            0.00        0.00     -472.65

     kinetic stress (kbar)   3467.92      0.00      0.00
                                0.00   3467.92      0.00
                                0.00      0.00   3415.72

     local   stress (kbar)   -941.82     -0.00      0.00
                               -0.00   -941.82     -0.00
                                0.00     -0.00  -1060.19

     nonloc. stress (kbar)  -1596.98     -0.00      0.00
                               -0.00  -1596.98      0.00
                                0.00      0.00  -1609.49

     hartree stress (kbar)    607.56      0.00     -0.00
                                0.00    607.56      0.00
                               -0.00      0.00    648.90

     exc-cor stress (kbar)   -801.20      0.00     -0.00
                                0.00   -801.20      0.00
                               -0.00      0.00   -799.78

     corecor stress (kbar)      0.00      0.00      0.00
                                0.00      0.00      0.00
                                0.00      0.00      0.00

     ewald   stress (kbar)  -1133.27      0.00     -0.00
                                0.00  -1133.27      0.00
                               -0.00      0.00  -1067.81

     hubbard stress (kbar)      0.00      0.00      0.00
                                0.00      0.00      0.00
                                0.00      0.00      0.00

     DFT-D   stress (kbar)      0.00      0.00      0.00
                                0.00      0.00      0.00
                                0.00      0.00      0.00

     XDM     stress (kbar)      0.00      0.00      0.00
                                0.00      0.00      0.00
                                0.00      0.00      0.00

     dft-nl  stress (kbar)      0.00      0.00      0.00
                                0.00      0.00      0.00
                                0.00      0.00      0.00

     TS-vdW  stress (kbar)      0.00      0.00      0.00
                                0.00      0.00      0.00
                                0.00      0.00      0.00


                                0.00      0.00      0.00
                                0.00      0.00      0.00


                                0.00      0.00      0.00


     Writing all to output data dir new_calculations/myprefix.save/
