
     Program PWSCF v.7.0 starts on 20May2023 at 15:54:51 

     This program is part of the open-source Quantum ESPRESSO suite
     for quantum simulation of materials; please cite
         "P. Giannozzi et al., J. Phys.:Condens. Matter 21 395502 (2009);
         "P. Giannozzi et al., J. Phys.:Condens. Matter 29 465901 (2017);
         "P. Giannozzi et al., J. Chem. Phys. 152 154105 (2020);
          URL http://www.quantum-espresso.org", 
     in publications or presentations arising from this work. More details at
     http://www.quantum-espresso.org/quote

     Parallel version (MPI & OpenMP), running on      32 processor cores
     Number of MPI processes:                 1
     Threads/MPI process:                    32

     MPI processes distributed on     1 nodes
     163910 MiB available memory on the printing compute node when the environment starts
 
     Reading input from espresso_7503.pwi
Warning: card &CELL ignored
Warning: card / ignored

     Current dimensions of program PWSCF are:
     Max number of different atomic species (ntypx) = 10
     Max number of k-points (npk) =  40000
     Max angular momentum in pseudopotentials (lmaxx) =  4

     gamma-point specific algorithms are used
     Message from routine setup:
     using ibrav=0 with symmetry is DISCOURAGED, use correct ibrav instead

     Subspace diagonalization in iterative solution of the eigenvalue problem:
     a serial algorithm will be used

 
     G-vector sticks info
     --------------------
     sticks:   dense  smooth     PW     G-vecs:    dense   smooth      PW
     Sum        1651     823    199                44375    15593    1917
 
     Using Slab Decomposition
 


     bravais-lattice index     =            0
     lattice parameter (alat)  =       9.9910  a.u.
     unit-cell volume          =     705.2008 (a.u.)^3
     number of atoms/cell      =            4
     number of atomic types    =            3
     number of electrons       =        54.00
     number of Kohn-Sham states=           32
     kinetic-energy cutoff     =      30.0000  Ry
     charge density cutoff     =     240.0000  Ry
     scf convergence threshold =      1.0E-06
     mixing beta               =       0.7000
     number of iterations used =            8  plain     mixing
     Exchange-correlation=  SLA  PW   PBX  PBC
                           (   1   4   3   4   0   0   0)

     celldm(1)=   9.991007  celldm(2)=   0.000000  celldm(3)=   0.000000
     celldm(4)=   0.000000  celldm(5)=   0.000000  celldm(6)=   0.000000

     crystal axes: (cart. coord. in units of alat)
               a(1) = (   1.000000   0.000000   0.000000 )  
               a(2) = (   0.500000   0.866025   0.000000 )  
               a(3) = (   0.500000   0.288675   0.816497 )  

     reciprocal axes: (cart. coord. in units 2 pi/alat)
               b(1) = (  1.000000 -0.577350 -0.408248 )  
               b(2) = (  0.000000  1.154701 -0.408248 )  
               b(3) = (  0.000000  0.000000  1.224745 )  


     PseudoPot. # 1 for Ca read from file:
     /home/pragov/projects/rrg-bengioy-ad/pragov/crystal_structure_design/SSSP/Ca_pbe_v1.uspp.F.UPF
     MD5 check sum: 403a4c14b9e4d4dfdc3024c9a3812218
     Pseudo is Ultrasoft + core correction, Zval = 10.0
     Generated by new atomic code, or converted to UPF format
     Using radial grid of  845 points,  6 beta functions with: 
                l(1) =   0
                l(2) =   0
                l(3) =   1
                l(4) =   1
                l(5) =   2
                l(6) =   2
     Q(r) pseudized with  8 coefficients,  rinner =    1.500   1.500   1.500
                                                       1.500   1.500

     PseudoPot. # 2 for Hg read from file:
     /home/pragov/projects/rrg-bengioy-ad/pragov/crystal_structure_design/SSSP/Hg_ONCV_PBE-1.0.oncvpsp.upf
     MD5 check sum: dd5a8773074bfcf4280086d4d95875c4
     Pseudo is Norm-conserving, Zval = 20.0
     Generated using ONCVPSP code by D. R. Hamann
     Using radial grid of 1262 points,  8 beta functions with: 
                l(1) =   0
                l(2) =   0
                l(3) =   1
                l(4) =   1
                l(5) =   2
                l(6) =   2
                l(7) =   3
                l(8) =   3

     PseudoPot. # 3 for Ge read from file:
     /home/pragov/projects/rrg-bengioy-ad/pragov/crystal_structure_design/SSSP/ge_pbe_v1.4.uspp.F.UPF
     MD5 check sum: 9c9eaa91e581c3f09632fb3098b2c6b2
     Pseudo is Ultrasoft + core correction, Zval = 14.0
     Generated by new atomic code, or converted to UPF format
     Using radial grid of  873 points,  6 beta functions with: 
                l(1) =   0
                l(2) =   0
                l(3) =   1
                l(4) =   1
                l(5) =   2
                l(6) =   2
     Q(r) pseudized with  8 coefficients,  rinner =    1.400   1.400   1.400
                                                       1.400   1.400

     atomic species   valence    mass     pseudopotential
        Ca            10.00    40.07800     Ca( 1.00)
        Hg            20.00   200.59200     Hg( 1.00)
        Ge            14.00    72.63000     Ge( 1.00)

     12 Sym. Ops., with inversion, found


                                    s                        frac. trans.

      isym =  1     identity                                     

 cryst.   s( 1) = (     1          0          0      )
                  (     0          1          0      )
                  (     0          0          1      )

 cart.    s( 1) = (  1.0000000  0.0000000  0.0000000 )
                  (  0.0000000  1.0000000 -0.0000000 )
                  (  0.0000000  0.0000000  1.0000000 )


      isym =  2     180 deg rotation - cart. axis [1,0,0]        

 cryst.   s( 2) = (     1          0          0      )
                  (     1         -1          0      )
                  (     1          0         -1      )

 cart.    s( 2) = (  1.0000000  0.0000000  0.0000000 )
                  (  0.0000000 -1.0000000  0.0000000 )
                  (  0.0000000  0.0000000 -1.0000000 )


      isym =  3     120 deg rotation - cryst. axis [0,0,1]       

 cryst.   s( 3) = (    -1          1          0      )
                  (    -1          0          0      )
                  (    -1          0          1      )

 cart.    s( 3) = ( -0.5000000 -0.8660254 -0.0000000 )
                  (  0.8660254 -0.5000000 -0.0000000 )
                  (  0.0000000  0.0000000  1.0000000 )


      isym =  4     120 deg rotation - cryst. axis [0,0,-1]      

 cryst.   s( 4) = (     0         -1          0      )
                  (     1         -1          0      )
                  (     0         -1          1      )

 cart.    s( 4) = ( -0.5000000  0.8660254  0.0000000 )
                  ( -0.8660254 -0.5000000 -0.0000000 )
                  (  0.0000000  0.0000000  1.0000000 )


      isym =  5     180 deg rotation - cryst. axis [0,1,0]       

 cryst.   s( 5) = (     0         -1          0      )
                  (    -1          0          0      )
                  (     0          0         -1      )

 cart.    s( 5) = ( -0.5000000 -0.8660254 -0.0000000 )
                  ( -0.8660254  0.5000000  0.0000000 )
                  (  0.0000000  0.0000000 -1.0000000 )


      isym =  6     180 deg rotation - cryst. axis [1,1,0]       

 cryst.   s( 6) = (    -1          1          0      )
                  (     0          1          0      )
                  (     0          1         -1      )

 cart.    s( 6) = ( -0.5000000  0.8660254  0.0000000 )
                  (  0.8660254  0.5000000  0.0000000 )
                  (  0.0000000  0.0000000 -1.0000000 )


      isym =  7     inversion                                    

 cryst.   s( 7) = (    -1          0          0      )
                  (     0         -1          0      )
                  (     0          0         -1      )

 cart.    s( 7) = ( -1.0000000  0.0000000  0.0000000 )
                  (  0.0000000 -1.0000000  0.0000000 )
                  (  0.0000000  0.0000000 -1.0000000 )


      isym =  8     inv. 180 deg rotation - cart. axis [1,0,0]   

 cryst.   s( 8) = (    -1          0          0      )
                  (    -1          1          0      )
                  (    -1          0          1      )

 cart.    s( 8) = ( -1.0000000  0.0000000  0.0000000 )
                  (  0.0000000  1.0000000 -0.0000000 )
                  (  0.0000000  0.0000000  1.0000000 )


      isym =  9     inv. 120 deg rotation - cryst. axis [0,0,1]  

 cryst.   s( 9) = (     1         -1          0      )
                  (     1          0          0      )
                  (     1          0         -1      )

 cart.    s( 9) = (  0.5000000  0.8660254  0.0000000 )
                  ( -0.8660254  0.5000000  0.0000000 )
                  (  0.0000000  0.0000000 -1.0000000 )


      isym = 10     inv. 120 deg rotation - cryst. axis [0,0,-1] 

 cryst.   s(10) = (     0          1          0      )
                  (    -1          1          0      )
                  (     0          1         -1      )

 cart.    s(10) = (  0.5000000 -0.8660254 -0.0000000 )
                  (  0.8660254  0.5000000  0.0000000 )
                  (  0.0000000  0.0000000 -1.0000000 )


      isym = 11     inv. 180 deg rotation - cryst. axis [0,1,0]  

 cryst.   s(11) = (     0          1          0      )
                  (     1          0          0      )
                  (     0          0          1      )

 cart.    s(11) = (  0.5000000  0.8660254  0.0000000 )
                  (  0.8660254 -0.5000000 -0.0000000 )
                  (  0.0000000  0.0000000  1.0000000 )


      isym = 12     inv. 180 deg rotation - cryst. axis [1,1,0]  

 cryst.   s(12) = (     1         -1          0      )
                  (     0         -1          0      )
                  (     0         -1          1      )

 cart.    s(12) = (  0.5000000 -0.8660254 -0.0000000 )
                  ( -0.8660254 -0.5000000 -0.0000000 )
                  (  0.0000000  0.0000000  1.0000000 )


   Cartesian axes

     site n.     atom                  positions (alat units)
         1           Ca  tau(   1) = (   1.5000000   0.8660254   0.6123724  )
         2           Ca  tau(   2) = (   0.5000000   0.2886751   0.2041241  )
         3           Hg  tau(   3) = (   0.0000000   0.0000000   0.0000000  )
         4           Ge  tau(   4) = (   1.0000000   0.5773503   0.4082483  )

   Crystallographic axes

     site n.     atom                  positions (cryst. coord.)
         1           Ca  tau(   1) = (  0.7500000  0.7500000  0.7500000  )
         2           Ca  tau(   2) = (  0.2500000  0.2500000  0.2500000  )
         3           Hg  tau(   3) = (  0.0000000  0.0000000  0.0000000  )
         4           Ge  tau(   4) = (  0.5000000  0.5000000  0.5000000  )

     number of k points=     1  Methfessel-Paxton smearing, width (Ry)=  0.0010
                       cart. coord. in units 2pi/alat
        k(    1) = (   0.0000000   0.0000000   0.0000000), wk =   2.0000000

                       cryst. coord.
        k(    1) = (   0.0000000   0.0000000   0.0000000), wk =   2.0000000

     Dense  grid:    22188 G-vectors     FFT dimensions: (  50,  50,  50)

     Smooth grid:     7797 G-vectors     FFT dimensions: (  36,  36,  36)

     Dynamical RAM for                 wfc:       0.48 MB

     Dynamical RAM for     wfc (w. buffer):       0.48 MB

     Dynamical RAM for           str. fact:       1.02 MB

     Dynamical RAM for           local pot:       0.00 MB

     Dynamical RAM for          nlocal pot:       1.28 MB

     Dynamical RAM for                qrad:       8.96 MB

     Dynamical RAM for          rho,v,vnew:       3.88 MB

     Dynamical RAM for               rhoin:       1.29 MB

     Dynamical RAM for            rho*nmix:       5.42 MB

     Dynamical RAM for           G-vectors:       1.33 MB

     Dynamical RAM for          h,s,v(r/c):       0.09 MB

     Dynamical RAM for          <psi|beta>:       0.02 MB

     Dynamical RAM for                 psi:       0.96 MB

     Dynamical RAM for                hpsi:       0.96 MB

     Dynamical RAM for                spsi:       0.96 MB

     Dynamical RAM for      wfcinit/wfcrot:       1.20 MB

     Dynamical RAM for           addusdens:      67.71 MB

     Dynamical RAM for          addusforce:      68.57 MB

     Dynamical RAM for         addusstress:      76.18 MB

     Estimated static dynamical RAM per process >      24.35 MB

     Estimated max dynamical RAM per process >     105.95 MB

     Check: negative core charge=   -0.000001

     Initial potential from superposition of free atoms

     starting charge      53.9881, renormalised to      54.0000
     Starting wfcs are   39 randomized atomic wfcs

     total cpu time spent up to now is        6.9 secs

     Self-consistent Calculation

     iteration #  1     ecut=    30.00 Ry     beta= 0.70
     Davidson diagonalization with overlap

---- Real-time Memory Report at c_bands before calling an iterative solver
           315 MiB given to the printing process from OS
             0 MiB allocation reported by mallinfo(arena+hblkhd)
        163823 MiB available memory on the node where the printing process lives
------------------
     ethr =  1.00E-02,  avg # of iterations =  2.0

     Threshold (ethr) on eigenvalues was too large:
     Diagonalizing with lowered threshold

     Davidson diagonalization with overlap

---- Real-time Memory Report at c_bands before calling an iterative solver
           327 MiB given to the printing process from OS
             0 MiB allocation reported by mallinfo(arena+hblkhd)
        163819 MiB available memory on the node where the printing process lives
------------------
     ethr =  8.15E-04,  avg # of iterations =  2.0

     total cpu time spent up to now is        7.7 secs

     total energy              =    -673.32951123 Ry
     estimated scf accuracy    <       0.45750400 Ry

     iteration #  2     ecut=    30.00 Ry     beta= 0.70
     Davidson diagonalization with overlap

---- Real-time Memory Report at c_bands before calling an iterative solver
           344 MiB given to the printing process from OS
             0 MiB allocation reported by mallinfo(arena+hblkhd)
        163738 MiB available memory on the node where the printing process lives
------------------
     ethr =  8.47E-04,  avg # of iterations =  8.0

     total cpu time spent up to now is        8.1 secs

     total energy              =    -673.43549757 Ry
     estimated scf accuracy    <       0.87625487 Ry

     iteration #  3     ecut=    30.00 Ry     beta= 0.70
     Davidson diagonalization with overlap

---- Real-time Memory Report at c_bands before calling an iterative solver
           348 MiB given to the printing process from OS
             0 MiB allocation reported by mallinfo(arena+hblkhd)
        163730 MiB available memory on the node where the printing process lives
------------------
     ethr =  8.47E-04,  avg # of iterations =  2.0

     total cpu time spent up to now is        8.4 secs

     total energy              =    -673.59195540 Ry
     estimated scf accuracy    <       0.00939489 Ry

     iteration #  4     ecut=    30.00 Ry     beta= 0.70
     Davidson diagonalization with overlap

---- Real-time Memory Report at c_bands before calling an iterative solver
           348 MiB given to the printing process from OS
             0 MiB allocation reported by mallinfo(arena+hblkhd)
        163732 MiB available memory on the node where the printing process lives
------------------
     ethr =  1.74E-05,  avg # of iterations =  5.0

     total cpu time spent up to now is        8.7 secs

     total energy              =    -673.59591823 Ry
     estimated scf accuracy    <       0.00139722 Ry

     iteration #  5     ecut=    30.00 Ry     beta= 0.70
     Davidson diagonalization with overlap

---- Real-time Memory Report at c_bands before calling an iterative solver
           348 MiB given to the printing process from OS
             0 MiB allocation reported by mallinfo(arena+hblkhd)
        163727 MiB available memory on the node where the printing process lives
------------------
     ethr =  2.59E-06,  avg # of iterations =  3.0

     total cpu time spent up to now is        9.0 secs

     total energy              =    -673.59617217 Ry
     estimated scf accuracy    <       0.00016599 Ry

     iteration #  6     ecut=    30.00 Ry     beta= 0.70
     Davidson diagonalization with overlap

---- Real-time Memory Report at c_bands before calling an iterative solver
           348 MiB given to the printing process from OS
             0 MiB allocation reported by mallinfo(arena+hblkhd)
        163726 MiB available memory on the node where the printing process lives
------------------
     ethr =  3.07E-07,  avg # of iterations =  2.0

     total cpu time spent up to now is        9.3 secs

     total energy              =    -673.59620169 Ry
     estimated scf accuracy    <       0.00000715 Ry

     iteration #  7     ecut=    30.00 Ry     beta= 0.70
     Davidson diagonalization with overlap

---- Real-time Memory Report at c_bands before calling an iterative solver
           348 MiB given to the printing process from OS
             0 MiB allocation reported by mallinfo(arena+hblkhd)
        163726 MiB available memory on the node where the printing process lives
------------------
     ethr =  1.32E-08,  avg # of iterations =  4.0

     total cpu time spent up to now is        9.6 secs

     End of self-consistent calculation

          k = 0.0000 0.0000 0.0000 (   959 PWs)   bands (ev):

  -107.3670 -55.1538 -55.1538 -55.1537 -31.4890 -31.4630 -13.8512 -13.8511
   -13.8510 -13.8370 -13.8370 -12.5619 -12.5618 -12.5617 -12.4722 -12.4721
   -12.4719   1.1987   2.1688   2.1689   2.1689   2.2266   2.2266   5.7408
     8.1099   8.1101   8.1101  11.3447  11.3447  12.7339  12.7340  12.7340

     occupation numbers 
     1.0000   1.0000   1.0000   1.0000   1.0000   1.0000   1.0000   1.0000
     1.0000   1.0000   1.0000   1.0000   1.0000   1.0000   1.0000   1.0000
     1.0000   1.0000   1.0000   1.0000   1.0000   1.0000   1.0000   1.0000
     1.0000   1.0000   1.0000  -0.0000  -0.0000  -0.0000  -0.0000  -0.0000

     the Fermi energy is     9.1084 ev

!    total energy              =    -673.59620540 Ry
     estimated scf accuracy    <       0.00000028 Ry
     smearing contrib. (-TS)   =       0.00000000 Ry
     internal energy E=F+TS    =    -673.59620540 Ry

     The total energy is F=E-TS. E is the sum of the following terms:
     one-electron contribution =    -375.83307950 Ry
     hartree contribution      =     205.84844132 Ry
     xc contribution           =    -109.51323062 Ry
     ewald contribution        =    -394.09833660 Ry

     convergence has been achieved in   7 iterations

     Forces acting on atoms (cartesian axes, Ry/au):

     atom    1 type  1   force =     0.00000000    0.00000000    0.00001907
     atom    2 type  1   force =     0.00000000   -0.00000000   -0.00001907
     atom    3 type  2   force =     0.00000000   -0.00000000   -0.00000000
     atom    4 type  3   force =    -0.00000000   -0.00000000    0.00000000
     The non-local contrib.  to forces
     atom    1 type  1   force =     0.00000000    0.00000000   -0.00000126
     atom    2 type  1   force =    -0.00000000   -0.00000000    0.00000126
     atom    3 type  2   force =     0.00000000    0.00000000    0.00000000
     atom    4 type  3   force =     0.00000000    0.00000000    0.00000000
     The ionic contribution  to forces
     atom    1 type  1   force =    -0.00000000    0.00000000    0.00000000
     atom    2 type  1   force =     0.00000000   -0.00000000    0.00000000
     atom    3 type  2   force =    -0.00000000   -0.00000000   -0.00000000
     atom    4 type  3   force =     0.00000000    0.00000000   -0.00000000
     The local contribution  to forces
     atom    1 type  1   force =    -0.00001709   -0.00009956    0.00000830
     atom    2 type  1   force =    -0.00005744   -0.00004769    0.00000966
     atom    3 type  2   force =     0.00031186    0.00056729    0.00045617
     atom    4 type  3   force =    -0.00003416   -0.00024604   -0.00024958
     The core correction contribution to forces
     atom    1 type  1   force =    -0.00000082   -0.00000431    0.00000008
     atom    2 type  1   force =    -0.00000270   -0.00000189    0.00000086
     atom    3 type  2   force =     0.00000000    0.00000000    0.00000000
     atom    4 type  3   force =     0.00000176   -0.00000384   -0.00000072
     The Hubbard contrib.    to forces
     atom    1 type  1   force =     0.00000000    0.00000000    0.00000000
     atom    2 type  1   force =     0.00000000    0.00000000    0.00000000
     atom    3 type  2   force =     0.00000000    0.00000000    0.00000000
     atom    4 type  3   force =     0.00000000    0.00000000    0.00000000
     The SCF correction term to forces
     atom    1 type  1   force =     0.00003896    0.00003929    0.00002168
     atom    2 type  1   force =     0.00004690    0.00004209   -0.00002113
     atom    3 type  2   force =    -0.00036125   -0.00058884   -0.00051976
     atom    4 type  3   force =    -0.00000534    0.00030748    0.00037634

     Total force =     0.000027     Total SCF correction =     0.000996
     SCF correction compared to forces is large: reduce conv_thr to get better values


     Computing stress (Cartesian axis) and pressure

          total   stress  (Ry/bohr**3)                   (kbar)     P=     -397.07
  -0.00269917   0.00000000   0.00000000         -397.06        0.00        0.00
   0.00000000  -0.00269917  -0.00000000            0.00     -397.06       -0.00
   0.00000000  -0.00000000  -0.00269934            0.00       -0.00     -397.09

     kinetic stress (kbar)  20902.02     -0.00     -0.00
                               -0.00  20902.02      0.00
                                0.00      0.00  20902.02

     local   stress (kbar)  -7057.84      0.06     -0.08
                                0.06  -7057.78      0.03
                               -0.08      0.03  -7057.83

     nonloc. stress (kbar)   4318.49      0.00      0.00
                                0.00   4318.49      0.00
                                0.00      0.00   4318.49

     hartree stress (kbar)  14313.36     -0.04      0.04
                               -0.04  14313.33     -0.01
                                0.04     -0.01  14313.34

     exc-cor stress (kbar)   1649.45     -0.00      0.00
                               -0.00   1649.45     -0.00
                                0.00     -0.00   1649.45

     corecor stress (kbar)  -7119.56      0.00     -0.00
                                0.00  -7119.56      0.00
                               -0.00      0.00  -7119.56

     ewald   stress (kbar) -27403.00     -0.00     -0.00
                               -0.00 -27403.00     -0.00
                               -0.00     -0.00 -27403.00

     hubbard stress (kbar)      0.00      0.00      0.00
                                0.00      0.00      0.00
                                0.00      0.00      0.00

     DFT-D   stress (kbar)      0.00      0.00      0.00
                                0.00      0.00      0.00
                                0.00      0.00      0.00

     XDM     stress (kbar)      0.00      0.00      0.00
                                0.00      0.00      0.00
                                0.00      0.00      0.00

     dft-nl  stress (kbar)      0.00      0.00      0.00
                                0.00      0.00      0.00
                                0.00      0.00      0.00

     TS-vdW  stress (kbar)      0.00      0.00      0.00
                                0.00      0.00      0.00
                                0.00      0.00      0.00


                                0.00      0.00      0.00
                                0.00      0.00      0.00


                                0.00      0.00      0.00


     Writing all to output data dir new_calculations/myprefix.save/
 
     init_run     :    169.86s CPU      6.69s WALL (       1 calls)
     electrons    :     85.82s CPU      2.80s WALL (       1 calls)
     forces       :      2.25s CPU      0.07s WALL (       1 calls)
     stress       :      5.15s CPU      0.17s WALL (       1 calls)

     Called by init_run:
     wfcinit      :     56.02s CPU      2.02s WALL (       1 calls)
     wfcinit:atom :      0.02s CPU      0.00s WALL (       1 calls)
     wfcinit:wfcr :     55.90s CPU      2.01s WALL (       1 calls)
     potinit      :     38.02s CPU      1.38s WALL (       1 calls)
     hinit0       :     70.45s CPU      3.08s WALL (       1 calls)

     Called by electrons:
     c_bands      :     52.08s CPU      1.68s WALL (       8 calls)
     sum_band     :     19.54s CPU      0.66s WALL (       8 calls)
     v_of_rho     :      3.75s CPU      0.13s WALL (       8 calls)
     v_h          :      0.28s CPU      0.01s WALL (       8 calls)
     v_xc         :      4.05s CPU      0.14s WALL (      10 calls)
     newd         :     13.49s CPU      0.46s WALL (       8 calls)
     mix_rho      :      0.85s CPU      0.03s WALL (       8 calls)

     Called by c_bands:
     init_us_2    :      0.22s CPU      0.01s WALL (      17 calls)
     init_us_2:cp :      0.20s CPU      0.01s WALL (      17 calls)
     regterg      :     51.28s CPU      1.65s WALL (       8 calls)

     Called by sum_band:
     sum_band:wei :      0.01s CPU      0.00s WALL (       8 calls)
     sum_band:loo :      7.66s CPU      0.24s WALL (       8 calls)
     sum_band:buf :      0.01s CPU      0.00s WALL (       8 calls)
     sum_band:ini :      0.10s CPU      0.00s WALL (       8 calls)
     sum_band:cal :      0.05s CPU      0.00s WALL (       8 calls)
     sum_band:bec :      0.01s CPU      0.00s WALL (       8 calls)
     addusdens    :     11.33s CPU      0.39s WALL (       8 calls)
     addusd:skk   :      0.05s CPU      0.00s WALL (      16 calls)
     addusd:dgemm :      1.67s CPU      0.08s WALL (      16 calls)
     addusd:qvan2 :      7.69s CPU      0.25s WALL (      16 calls)

     Called by *egterg:
     rdiaghg      :      1.31s CPU      0.04s WALL (      35 calls)
     regterg:over :      0.08s CPU      0.00s WALL (      28 calls)
     regterg:upda :      0.13s CPU      0.00s WALL (      28 calls)
     regterg:last :      0.25s CPU      0.01s WALL (      17 calls)
     h_psi        :    104.19s CPU      3.56s WALL (      37 calls)
     s_psi        :      0.06s CPU      0.00s WALL (      37 calls)
     g_psi        :      0.03s CPU      0.00s WALL (      28 calls)

     Called by h_psi:
     h_psi:calbec :      0.61s CPU      0.02s WALL (      37 calls)
     vloc_psi     :    103.28s CPU      3.53s WALL (      37 calls)
     add_vuspsi   :      0.11s CPU      0.00s WALL (      37 calls)

     General routines
     calbec       :      0.61s CPU      0.02s WALL (      50 calls)
     fft          :     59.97s CPU      2.31s WALL (     107 calls)
     ffts         :     37.17s CPU      1.35s WALL (      16 calls)
     fftw         :    106.09s CPU      3.61s WALL (     828 calls)
     interpolate  :     37.38s CPU      1.36s WALL (       8 calls)
 
     Parallel routines
 
     PWSCF        :   4m27.01s CPU     10.06s WALL

 
   This run was terminated on:  15:55: 1  20May2023            

=------------------------------------------------------------------------------=
   JOB DONE.
=------------------------------------------------------------------------------=
