
     Program PWSCF v.7.0 starts on 21May2023 at  5:26: 1 

     This program is part of the open-source Quantum ESPRESSO suite
     for quantum simulation of materials; please cite
         "P. Giannozzi et al., J. Phys.:Condens. Matter 21 395502 (2009);
         "P. Giannozzi et al., J. Phys.:Condens. Matter 29 465901 (2017);
         "P. Giannozzi et al., J. Chem. Phys. 152 154105 (2020);
          URL http://www.quantum-espresso.org", 
     in publications or presentations arising from this work. More details at
     http://www.quantum-espresso.org/quote

     Parallel version (MPI & OpenMP), running on      32 processor cores
     Number of MPI processes:                 1
     Threads/MPI process:                    32

     MPI processes distributed on     1 nodes
     174071 MiB available memory on the printing compute node when the environment starts
 
     Reading input from espresso_8122.pwi
Warning: card &CELL ignored
Warning: card / ignored

     Current dimensions of program PWSCF are:
     Max number of different atomic species (ntypx) = 10
     Max number of k-points (npk) =  40000
     Max angular momentum in pseudopotentials (lmaxx) =  4

     gamma-point specific algorithms are used
     Message from routine setup:
     using ibrav=0 with symmetry is DISCOURAGED, use correct ibrav instead

     Subspace diagonalization in iterative solution of the eigenvalue problem:
     a serial algorithm will be used

 
     G-vector sticks info
     --------------------
     sticks:   dense  smooth     PW     G-vecs:    dense   smooth      PW
     Sum        1273     637    163                29939    10489    1363
 
     Using Slab Decomposition
 


     bravais-lattice index     =            0
     lattice parameter (alat)  =       8.7634  a.u.
     unit-cell volume          =     475.8807 (a.u.)^3
     number of atoms/cell      =            4
     number of atomic types    =            3
     number of electrons       =        56.00
     number of Kohn-Sham states=           34
     kinetic-energy cutoff     =      30.0000  Ry
     charge density cutoff     =     240.0000  Ry
     scf convergence threshold =      1.0E-06
     mixing beta               =       0.7000
     number of iterations used =            8  plain     mixing
     Exchange-correlation= PBE
                           (   1   4   3   4   0   0   0)

     celldm(1)=   8.763368  celldm(2)=   0.000000  celldm(3)=   0.000000
     celldm(4)=   0.000000  celldm(5)=   0.000000  celldm(6)=   0.000000

     crystal axes: (cart. coord. in units of alat)
               a(1) = (   1.000000   0.000000   0.000000 )  
               a(2) = (   0.500000   0.866025   0.000000 )  
               a(3) = (   0.500000   0.288675   0.816497 )  

     reciprocal axes: (cart. coord. in units 2 pi/alat)
               b(1) = (  1.000000 -0.577350 -0.408248 )  
               b(2) = (  0.000000  1.154701 -0.408248 )  
               b(3) = (  0.000000  0.000000  1.224745 )  


     PseudoPot. # 1 for Y  read from file:
     /home/pragov/projects/rrg-bengioy-ad/pragov/crystal_structure_design/SSSP/Y_pbe_v1.uspp.F.UPF
     MD5 check sum: 2cf71db95cafeb975fc457bd7f14888e
     Pseudo is Ultrasoft + core correction, Zval = 11.0
     Generated by new atomic code, or converted to UPF format
     Using radial grid of  885 points,  6 beta functions with: 
                l(1) =   0
                l(2) =   0
                l(3) =   1
                l(4) =   1
                l(5) =   2
                l(6) =   2
     Q(r) pseudized with  6 coefficients,  rinner =    1.200   1.200   1.200
                                                       1.200   1.200

     PseudoPot. # 2 for Ta read from file:
     /home/pragov/projects/rrg-bengioy-ad/pragov/crystal_structure_design/SSSP/Ta_pbe_v1.uspp.F.UPF
     MD5 check sum: f8bbe9446314a3b8ea5d9f3e3836c939
     Pseudo is Ultrasoft + core correction, Zval = 13.0
     Generated by new atomic code, or converted to UPF format
     Using radial grid of  921 points,  7 beta functions with: 
                l(1) =   0
                l(2) =   0
                l(3) =   1
                l(4) =   1
                l(5) =   2
                l(6) =   2
                l(7) =   3
     Q(r) pseudized with  6 coefficients,  rinner =    1.300   1.300   1.300
                                                       1.300   1.300   1.300
                                                       1.300

     PseudoPot. # 3 for Ru read from file:
     /home/pragov/projects/rrg-bengioy-ad/pragov/crystal_structure_design/SSSP/Ru_ONCV_PBE-1.0.oncvpsp.upf
     MD5 check sum: be037bb81c227cfb9b1461a9f099f4bd
     Pseudo is Norm-conserving, Zval = 16.0
     Generated using ONCVPSP code by D. R. Hamann
     Using radial grid of 1458 points,  6 beta functions with: 
                l(1) =   0
                l(2) =   0
                l(3) =   1
                l(4) =   1
                l(5) =   2
                l(6) =   2

     atomic species   valence    mass     pseudopotential
        Y             11.00    88.90584     Y ( 1.00)
        Ta            13.00   180.94788     Ta( 1.00)
        Ru            16.00   101.07000     Ru( 1.00)

     12 Sym. Ops., with inversion, found


                                    s                        frac. trans.

      isym =  1     identity                                     

 cryst.   s( 1) = (     1          0          0      )
                  (     0          1          0      )
                  (     0          0          1      )

 cart.    s( 1) = (  1.0000000  0.0000000  0.0000000 )
                  (  0.0000000  1.0000000 -0.0000000 )
                  (  0.0000000  0.0000000  1.0000000 )


      isym =  2     180 deg rotation - cart. axis [1,0,0]        

 cryst.   s( 2) = (     1          0          0      )
                  (     1         -1          0      )
                  (     1          0         -1      )

 cart.    s( 2) = (  1.0000000  0.0000000 -0.0000000 )
                  (  0.0000000 -1.0000000  0.0000000 )
                  (  0.0000000  0.0000000 -1.0000000 )


      isym =  3     120 deg rotation - cryst. axis [0,0,1]       

 cryst.   s( 3) = (    -1          1          0      )
                  (    -1          0          0      )
                  (    -1          0          1      )

 cart.    s( 3) = ( -0.5000000 -0.8660254  0.0000000 )
                  (  0.8660254 -0.5000000 -0.0000000 )
                  (  0.0000000  0.0000000  1.0000000 )


      isym =  4     120 deg rotation - cryst. axis [0,0,-1]      

 cryst.   s( 4) = (     0         -1          0      )
                  (     1         -1          0      )
                  (     0         -1          1      )

 cart.    s( 4) = ( -0.5000000  0.8660254  0.0000000 )
                  ( -0.8660254 -0.5000000  0.0000000 )
                  (  0.0000000  0.0000000  1.0000000 )


      isym =  5     180 deg rotation - cryst. axis [0,1,0]       

 cryst.   s( 5) = (     0         -1          0      )
                  (    -1          0          0      )
                  (     0          0         -1      )

 cart.    s( 5) = ( -0.5000000 -0.8660254  0.0000000 )
                  ( -0.8660254  0.5000000  0.0000000 )
                  (  0.0000000  0.0000000 -1.0000000 )


      isym =  6     180 deg rotation - cryst. axis [1,1,0]       

 cryst.   s( 6) = (    -1          1          0      )
                  (     0          1          0      )
                  (     0          1         -1      )

 cart.    s( 6) = ( -0.5000000  0.8660254  0.0000000 )
                  (  0.8660254  0.5000000 -0.0000000 )
                  (  0.0000000  0.0000000 -1.0000000 )


      isym =  7     inversion                                    

 cryst.   s( 7) = (    -1          0          0      )
                  (     0         -1          0      )
                  (     0          0         -1      )

 cart.    s( 7) = ( -1.0000000  0.0000000  0.0000000 )
                  (  0.0000000 -1.0000000  0.0000000 )
                  (  0.0000000  0.0000000 -1.0000000 )


      isym =  8     inv. 180 deg rotation - cart. axis [1,0,0]   

 cryst.   s( 8) = (    -1          0          0      )
                  (    -1          1          0      )
                  (    -1          0          1      )

 cart.    s( 8) = ( -1.0000000  0.0000000  0.0000000 )
                  (  0.0000000  1.0000000 -0.0000000 )
                  (  0.0000000  0.0000000  1.0000000 )


      isym =  9     inv. 120 deg rotation - cryst. axis [0,0,1]  

 cryst.   s( 9) = (     1         -1          0      )
                  (     1          0          0      )
                  (     1          0         -1      )

 cart.    s( 9) = (  0.5000000  0.8660254 -0.0000000 )
                  ( -0.8660254  0.5000000  0.0000000 )
                  (  0.0000000  0.0000000 -1.0000000 )


      isym = 10     inv. 120 deg rotation - cryst. axis [0,0,-1] 

 cryst.   s(10) = (     0          1          0      )
                  (    -1          1          0      )
                  (     0          1         -1      )

 cart.    s(10) = (  0.5000000 -0.8660254 -0.0000000 )
                  (  0.8660254  0.5000000 -0.0000000 )
                  (  0.0000000  0.0000000 -1.0000000 )


      isym = 11     inv. 180 deg rotation - cryst. axis [0,1,0]  

 cryst.   s(11) = (     0          1          0      )
                  (     1          0          0      )
                  (     0          0          1      )

 cart.    s(11) = (  0.5000000  0.8660254  0.0000000 )
                  (  0.8660254 -0.5000000 -0.0000000 )
                  (  0.0000000  0.0000000  1.0000000 )


      isym = 12     inv. 180 deg rotation - cryst. axis [1,1,0]  

 cryst.   s(12) = (     1         -1          0      )
                  (     0         -1          0      )
                  (     0         -1          1      )

 cart.    s(12) = (  0.5000000 -0.8660254  0.0000000 )
                  ( -0.8660254 -0.5000000  0.0000000 )
                  (  0.0000000  0.0000000  1.0000000 )


   Cartesian axes

     site n.     atom                  positions (alat units)
         1           Y   tau(   1) = (   0.0000000   0.0000000   0.0000000  )
         2           Ta  tau(   2) = (   1.0000000   0.5773503   0.4082483  )
         3           Ru  tau(   3) = (   0.5000000   0.2886751   0.2041241  )
         4           Ru  tau(   4) = (   1.5000000   0.8660254   0.6123724  )

   Crystallographic axes

     site n.     atom                  positions (cryst. coord.)
         1           Y   tau(   1) = (  0.0000000  0.0000000  0.0000000  )
         2           Ta  tau(   2) = (  0.5000000  0.5000000  0.5000000  )
         3           Ru  tau(   3) = (  0.2500000  0.2500000  0.2500000  )
         4           Ru  tau(   4) = (  0.7500000  0.7500000  0.7500000  )

     number of k points=     1  Methfessel-Paxton smearing, width (Ry)=  0.0010
                       cart. coord. in units 2pi/alat
        k(    1) = (   0.0000000   0.0000000   0.0000000), wk =   2.0000000

                       cryst. coord.
        k(    1) = (   0.0000000   0.0000000   0.0000000), wk =   2.0000000

     Dense  grid:    14970 G-vectors     FFT dimensions: (  45,  45,  45)

     Smooth grid:     5245 G-vectors     FFT dimensions: (  32,  32,  32)

     Dynamical RAM for                 wfc:       0.34 MB

     Dynamical RAM for     wfc (w. buffer):       0.34 MB

     Dynamical RAM for           str. fact:       0.69 MB

     Dynamical RAM for           local pot:       0.00 MB

     Dynamical RAM for          nlocal pot:       0.80 MB

     Dynamical RAM for                qrad:       6.97 MB

     Dynamical RAM for          rho,v,vnew:       2.77 MB

     Dynamical RAM for               rhoin:       0.92 MB

     Dynamical RAM for            rho*nmix:       3.65 MB

     Dynamical RAM for           G-vectors:       0.90 MB

     Dynamical RAM for          h,s,v(r/c):       0.11 MB

     Dynamical RAM for          <psi|beta>:       0.02 MB

     Dynamical RAM for                 psi:       0.68 MB

     Dynamical RAM for                hpsi:       0.68 MB

     Dynamical RAM for                spsi:       0.68 MB

     Dynamical RAM for      wfcinit/wfcrot:       0.98 MB

     Dynamical RAM for           addusdens:      80.63 MB

     Dynamical RAM for          addusforce:      80.76 MB

     Dynamical RAM for         addusstress:      86.57 MB

     Estimated static dynamical RAM per process >      17.77 MB

     Estimated max dynamical RAM per process >     108.00 MB

     Check: negative core charge=   -0.000004

     Initial potential from superposition of free atoms

     starting charge      55.9933, renormalised to      56.0000

     negative rho (up, down):  1.340E-01 0.000E+00
     Starting wfcs are   46 randomized atomic wfcs

     total cpu time spent up to now is        2.2 secs

     Self-consistent Calculation

     iteration #  1     ecut=    30.00 Ry     beta= 0.70
     Davidson diagonalization with overlap

---- Real-time Memory Report at c_bands before calling an iterative solver
           322 MiB given to the printing process from OS
             0 MiB allocation reported by mallinfo(arena+hblkhd)
        173992 MiB available memory on the node where the printing process lives
------------------
     ethr =  1.00E-02,  avg # of iterations =  2.0

     Threshold (ethr) on eigenvalues was too large:
     Diagonalizing with lowered threshold

     Davidson diagonalization with overlap

---- Real-time Memory Report at c_bands before calling an iterative solver
           475 MiB given to the printing process from OS
             0 MiB allocation reported by mallinfo(arena+hblkhd)
        173857 MiB available memory on the node where the printing process lives
------------------
     ethr =  4.85E-04,  avg # of iterations =  2.0

     negative rho (up, down):  1.328E-01 0.000E+00

     total cpu time spent up to now is        2.4 secs

     total energy              =    -606.63222868 Ry
     estimated scf accuracy    <       0.27426234 Ry

     iteration #  2     ecut=    30.00 Ry     beta= 0.70
     Davidson diagonalization with overlap

---- Real-time Memory Report at c_bands before calling an iterative solver
           487 MiB given to the printing process from OS
             0 MiB allocation reported by mallinfo(arena+hblkhd)
        173839 MiB available memory on the node where the printing process lives
------------------
     ethr =  4.90E-04,  avg # of iterations =  4.0

     negative rho (up, down):  1.334E-01 0.000E+00

     total cpu time spent up to now is        2.6 secs

     total energy              =    -606.59990999 Ry
     estimated scf accuracy    <       0.45077094 Ry

     iteration #  3     ecut=    30.00 Ry     beta= 0.70
     Davidson diagonalization with overlap

---- Real-time Memory Report at c_bands before calling an iterative solver
           490 MiB given to the printing process from OS
             0 MiB allocation reported by mallinfo(arena+hblkhd)
        173836 MiB available memory on the node where the printing process lives
------------------
     ethr =  4.90E-04,  avg # of iterations =  3.0

     negative rho (up, down):  1.337E-01 0.000E+00

     total cpu time spent up to now is        2.7 secs

     total energy              =    -606.70242175 Ry
     estimated scf accuracy    <       0.04178644 Ry

     iteration #  4     ecut=    30.00 Ry     beta= 0.70
     Davidson diagonalization with overlap

---- Real-time Memory Report at c_bands before calling an iterative solver
           490 MiB given to the printing process from OS
             0 MiB allocation reported by mallinfo(arena+hblkhd)
        173836 MiB available memory on the node where the printing process lives
------------------
     ethr =  7.46E-05,  avg # of iterations =  3.0

     negative rho (up, down):  1.338E-01 0.000E+00

     total cpu time spent up to now is        2.9 secs

     total energy              =    -606.70810875 Ry
     estimated scf accuracy    <       0.01286099 Ry

     iteration #  5     ecut=    30.00 Ry     beta= 0.70
     Davidson diagonalization with overlap

---- Real-time Memory Report at c_bands before calling an iterative solver
           491 MiB given to the printing process from OS
             0 MiB allocation reported by mallinfo(arena+hblkhd)
        173836 MiB available memory on the node where the printing process lives
------------------
     ethr =  2.30E-05,  avg # of iterations =  2.0

     negative rho (up, down):  1.338E-01 0.000E+00

     total cpu time spent up to now is        3.0 secs

     total energy              =    -606.71040496 Ry
     estimated scf accuracy    <       0.00015975 Ry

     iteration #  6     ecut=    30.00 Ry     beta= 0.70
     Davidson diagonalization with overlap

---- Real-time Memory Report at c_bands before calling an iterative solver
           491 MiB given to the printing process from OS
             0 MiB allocation reported by mallinfo(arena+hblkhd)
        173836 MiB available memory on the node where the printing process lives
------------------
     ethr =  2.85E-07,  avg # of iterations =  5.0

     negative rho (up, down):  1.338E-01 0.000E+00

     total cpu time spent up to now is        3.2 secs

     total energy              =    -606.71045566 Ry
     estimated scf accuracy    <       0.00036821 Ry

     iteration #  7     ecut=    30.00 Ry     beta= 0.70
     Davidson diagonalization with overlap

---- Real-time Memory Report at c_bands before calling an iterative solver
           491 MiB given to the printing process from OS
             0 MiB allocation reported by mallinfo(arena+hblkhd)
        173836 MiB available memory on the node where the printing process lives
------------------
     ethr =  2.85E-07,  avg # of iterations =  2.0

     negative rho (up, down):  1.339E-01 0.000E+00

     total cpu time spent up to now is        3.3 secs

     total energy              =    -606.71049472 Ry
     estimated scf accuracy    <       0.00002136 Ry

     iteration #  8     ecut=    30.00 Ry     beta= 0.70
     Davidson diagonalization with overlap

---- Real-time Memory Report at c_bands before calling an iterative solver
           491 MiB given to the printing process from OS
             0 MiB allocation reported by mallinfo(arena+hblkhd)
        173836 MiB available memory on the node where the printing process lives
------------------
     ethr =  3.81E-08,  avg # of iterations =  3.0

     negative rho (up, down):  1.339E-01 0.000E+00

     total cpu time spent up to now is        3.4 secs

     End of self-consistent calculation

          k = 0.0000 0.0000 0.0000 (   682 PWs)   bands (ev):

   -54.7916 -54.7789 -49.1667 -24.7693 -24.7693 -24.7692 -24.7143 -24.7143
   -24.7142 -21.8524 -15.6330 -15.6329 -15.6326  -2.1342  -2.1340  -2.1340
    11.5309  13.7511  13.7511  15.6072  15.6072  15.6072  16.4700  16.4701
    16.4701  17.2223  17.2223  17.2223  17.9981  17.9981  20.4151  20.4153
    24.3562  24.3562

     occupation numbers 
     1.0000   1.0000   1.0000   1.0000   1.0000   1.0000   1.0000   1.0000
     1.0000   1.0000   1.0000   1.0000   1.0000   1.0000   1.0000   1.0000
     1.0000   1.0000   1.0000   1.0000   1.0000   1.0000   1.0000   1.0000
     1.0000   1.0000   1.0000   1.0000  -0.0000  -0.0000  -0.0000  -0.0000
    -0.0000  -0.0000

     the Fermi energy is    17.6671 ev

!    total energy              =    -606.71049805 Ry
     estimated scf accuracy    <       0.00000062 Ry
     smearing contrib. (-TS)   =       0.00000000 Ry
     internal energy E=F+TS    =    -606.71049805 Ry

     The total energy is F=E-TS. E is the sum of the following terms:
     one-electron contribution =    -130.94216480 Ry
     hartree contribution      =      94.51195947 Ry
     xc contribution           =    -104.02415831 Ry
     ewald contribution        =    -466.25613441 Ry

     convergence has been achieved in   8 iterations

     negative rho (up, down):  1.339E-01 0.000E+00

     Forces acting on atoms (cartesian axes, Ry/au):

     atom    1 type  1   force =     0.00000000    0.00000000   -0.00000000
     atom    2 type  2   force =     0.00000000    0.00000000   -0.00000000
     atom    3 type  3   force =     0.00000000    0.00000000    0.00000802
     atom    4 type  3   force =     0.00000000    0.00000000   -0.00000802
     The non-local contrib.  to forces
     atom    1 type  1   force =     0.00000000   -0.00000000    0.00000000
     atom    2 type  2   force =     0.00000000    0.00000000    0.00000000
     atom    3 type  3   force =     0.00000000    0.00000000    0.00000107
     atom    4 type  3   force =    -0.00000000   -0.00000000   -0.00000107
     The ionic contribution  to forces
     atom    1 type  1   force =    -0.00000000   -0.00000000    0.00000000
     atom    2 type  2   force =     0.00000000    0.00000000   -0.00000000
     atom    3 type  3   force =     0.00000000   -0.00000000   -0.00000000
     atom    4 type  3   force =     0.00000000    0.00000000    0.00000000
     The local contribution  to forces
     atom    1 type  1   force =    -0.00009361   -0.00003985    0.00002270
     atom    2 type  2   force =     0.00003391    0.00004459    0.00002215
     atom    3 type  3   force =    -0.00070045   -0.00101776   -0.00050300
     atom    4 type  3   force =     0.00066157    0.00102426    0.00039609
     The core correction contribution to forces
     atom    1 type  1   force =    -0.00000555   -0.00000307    0.00000001
     atom    2 type  2   force =     0.00000135    0.00000433    0.00000180
     atom    3 type  3   force =     0.00000000    0.00000000    0.00000000
     atom    4 type  3   force =     0.00000000    0.00000000    0.00000000
     The Hubbard contrib.    to forces
     atom    1 type  1   force =     0.00000000    0.00000000    0.00000000
     atom    2 type  2   force =     0.00000000    0.00000000    0.00000000
     atom    3 type  3   force =     0.00000000    0.00000000    0.00000000
     atom    4 type  3   force =     0.00000000    0.00000000    0.00000000
     The SCF correction term to forces
     atom    1 type  1   force =     0.00005400    0.00003180   -0.00003268
     atom    2 type  2   force =    -0.00003983   -0.00005095   -0.00003568
     atom    3 type  3   force =     0.00072474    0.00107148    0.00052404
     atom    4 type  3   force =    -0.00069859   -0.00104726   -0.00038896

     Total force =     0.000011     Total SCF correction =     0.001922
     SCF correction compared to forces is large: reduce conv_thr to get better values


     Computing stress (Cartesian axis) and pressure


     negative rho (up, down):  1.339E-01 0.000E+00
          total   stress  (Ry/bohr**3)                   (kbar)     P=     -148.60
  -0.00101004   0.00000000  -0.00000000         -148.58        0.00       -0.00
   0.00000000  -0.00101004  -0.00000000            0.00     -148.58       -0.00
   0.00000000  -0.00000000  -0.00101036            0.00       -0.00     -148.63

     kinetic stress (kbar)  37817.47      0.00     -0.00
                                0.00  37817.47      0.00
                                0.00     -0.00  37817.45

     local   stress (kbar)   4559.89     -0.03      0.17
                               -0.03   4559.52     -0.02
                                0.17     -0.02   4559.61

     nonloc. stress (kbar)   3483.89     -0.00      0.00
                                0.00   3483.89     -0.00
                               -0.00     -0.00   3483.91

     hartree stress (kbar)   9738.47      0.01     -0.08
                                0.01   9738.63      0.01
                               -0.08      0.01   9738.59

     exc-cor stress (kbar)   5015.20      0.00     -0.00
                                0.00   5015.20     -0.00
                               -0.00     -0.00   5015.20

     corecor stress (kbar) -12720.09     -0.00      0.00
                               -0.00 -12720.10     -0.00
                                0.00     -0.00 -12720.09

     ewald   stress (kbar) -48043.30      0.00     -0.00
                                0.00 -48043.30      0.00
                               -0.00      0.00 -48043.30

     hubbard stress (kbar)      0.00      0.00      0.00
                                0.00      0.00      0.00
                                0.00      0.00      0.00

     DFT-D   stress (kbar)      0.00      0.00      0.00
                                0.00      0.00      0.00
                                0.00      0.00      0.00

     XDM     stress (kbar)      0.00      0.00      0.00
                                0.00      0.00      0.00
                                0.00      0.00      0.00

     dft-nl  stress (kbar)      0.00      0.00      0.00
                                0.00      0.00      0.00
                                0.00      0.00      0.00

     TS-vdW  stress (kbar)      0.00      0.00      0.00
                                0.00      0.00      0.00
                                0.00      0.00      0.00


                                0.00      0.00      0.00
                                0.00      0.00      0.00


                                0.00      0.00      0.00


     Writing all to output data dir new_calculations/myprefix.save/
