
     Program PWSCF v.7.0 starts on 20May2023 at 13:37:36 

     This program is part of the open-source Quantum ESPRESSO suite
     for quantum simulation of materials; please cite
         "P. Giannozzi et al., J. Phys.:Condens. Matter 21 395502 (2009);
         "P. Giannozzi et al., J. Phys.:Condens. Matter 29 465901 (2017);
         "P. Giannozzi et al., J. Chem. Phys. 152 154105 (2020);
          URL http://www.quantum-espresso.org", 
     in publications or presentations arising from this work. More details at
     http://www.quantum-espresso.org/quote

     Parallel version (MPI & OpenMP), running on      32 processor cores
     Number of MPI processes:                 1
     Threads/MPI process:                    32

     MPI processes distributed on     1 nodes
     127519 MiB available memory on the printing compute node when the environment starts
 
     Reading input from espresso_5454.pwi
Warning: card &CELL ignored
Warning: card / ignored

     Current dimensions of program PWSCF are:
     Max number of different atomic species (ntypx) = 10
     Max number of k-points (npk) =  40000
     Max angular momentum in pseudopotentials (lmaxx) =  4

     gamma-point specific algorithms are used
     Message from routine setup:
     using ibrav=0 with symmetry is DISCOURAGED, use correct ibrav instead

     Subspace diagonalization in iterative solution of the eigenvalue problem:
     a serial algorithm will be used

 
     G-vector sticks info
     --------------------
     sticks:   dense  smooth     PW     G-vecs:    dense   smooth      PW
     Sum        1147     583    151                25605     9185    1139
 
     Using Slab Decomposition
 


     bravais-lattice index     =            0
     lattice parameter (alat)  =       8.3145  a.u.
     unit-cell volume          =     406.4346 (a.u.)^3
     number of atoms/cell      =            4
     number of atomic types    =            3
     number of electrons       =        47.00
     number of Kohn-Sham states=           29
     kinetic-energy cutoff     =      30.0000  Ry
     charge density cutoff     =     240.0000  Ry
     scf convergence threshold =      1.0E-06
     mixing beta               =       0.7000
     number of iterations used =            8  plain     mixing
     Exchange-correlation= SLA  PW   PBE  PBE
                           (   1   4   3   4   0   0   0)

     celldm(1)=   8.314483  celldm(2)=   0.000000  celldm(3)=   0.000000
     celldm(4)=   0.000000  celldm(5)=   0.000000  celldm(6)=   0.000000

     crystal axes: (cart. coord. in units of alat)
               a(1) = (   1.000000   0.000000   0.000000 )  
               a(2) = (   0.500000   0.866025   0.000000 )  
               a(3) = (   0.500000   0.288675   0.816497 )  

     reciprocal axes: (cart. coord. in units 2 pi/alat)
               b(1) = (  1.000000 -0.577350 -0.408248 )  
               b(2) = (  0.000000  1.154701 -0.408248 )  
               b(3) = (  0.000000  0.000000  1.224745 )  


     PseudoPot. # 1 for Li read from file:
     /home/pragov/projects/rrg-bengioy-ad/pragov/crystal_structure_design/SSSP/li_pbe_v1.4.uspp.F.UPF
     MD5 check sum: e912e257baa3777c20ea3d68f190483c
     Pseudo is Ultrasoft, Zval =  3.0
     Generated by new atomic code, or converted to UPF format
     Using radial grid of  751 points,  5 beta functions with: 
                l(1) =   0
                l(2) =   0
                l(3) =   0
                l(4) =   1
                l(5) =   1
     Q(r) pseudized with 10 coefficients,  rinner =    1.150   1.150   1.150


     PseudoPot. # 2 for Sn read from file:
     /home/pragov/projects/rrg-bengioy-ad/pragov/crystal_structure_design/SSSP/Sn_pbe_v1.uspp.F.UPF
     MD5 check sum: 4cf58ce39ec5d5d420df3dd08604eb00
     Pseudo is Ultrasoft + core correction, Zval = 14.0
     Generated by new atomic code, or converted to UPF format
     Using radial grid of  891 points,  6 beta functions with: 
                l(1) =   0
                l(2) =   0
                l(3) =   1
                l(4) =   1
                l(5) =   2
                l(6) =   2
     Q(r) pseudized with  6 coefficients,  rinner =    1.200   1.200   1.200
                                                       1.200   1.200

     PseudoPot. # 3 for Ir read from file:
     /home/pragov/projects/rrg-bengioy-ad/pragov/crystal_structure_design/SSSP/Ir_pbe_v1.2.uspp.F.UPF
     MD5 check sum: 8836f839c3459d2b385c504ce6d91f2c
     Pseudo is Ultrasoft + core correction, Zval = 15.0
     Generated by new atomic code, or converted to UPF format
     Using radial grid of  983 points,  7 beta functions with: 
                l(1) =   0
                l(2) =   0
                l(3) =   1
                l(4) =   1
                l(5) =   1
                l(6) =   2
                l(7) =   2
     Q(r) pseudized with  8 coefficients,  rinner =    1.400   1.400   1.400
                                                       1.400   1.400

     atomic species   valence    mass     pseudopotential
        Li             3.00     6.94000     Li( 1.00)
        Sn            14.00   118.71000     Sn( 1.00)
        Ir            15.00   192.21700     Ir( 1.00)

     12 Sym. Ops., with inversion, found


                                    s                        frac. trans.

      isym =  1     identity                                     

 cryst.   s( 1) = (     1          0          0      )
                  (     0          1          0      )
                  (     0          0          1      )

 cart.    s( 1) = (  1.0000000  0.0000000 -0.0000000 )
                  (  0.0000000  1.0000000 -0.0000000 )
                  (  0.0000000  0.0000000  1.0000000 )


      isym =  2     180 deg rotation - cart. axis [1,0,0]        

 cryst.   s( 2) = (     1          0          0      )
                  (     1         -1          0      )
                  (     1          0         -1      )

 cart.    s( 2) = (  1.0000000  0.0000000 -0.0000000 )
                  (  0.0000000 -1.0000000  0.0000000 )
                  (  0.0000000  0.0000000 -1.0000000 )


      isym =  3     120 deg rotation - cryst. axis [0,0,1]       

 cryst.   s( 3) = (    -1          1          0      )
                  (    -1          0          0      )
                  (    -1          0          1      )

 cart.    s( 3) = ( -0.5000000 -0.8660254  0.0000000 )
                  (  0.8660254 -0.5000000  0.0000000 )
                  (  0.0000000  0.0000000  1.0000000 )


      isym =  4     120 deg rotation - cryst. axis [0,0,-1]      

 cryst.   s( 4) = (     0         -1          0      )
                  (     1         -1          0      )
                  (     0         -1          1      )

 cart.    s( 4) = ( -0.5000000  0.8660254 -0.0000000 )
                  ( -0.8660254 -0.5000000  0.0000000 )
                  (  0.0000000  0.0000000  1.0000000 )


      isym =  5     180 deg rotation - cryst. axis [0,1,0]       

 cryst.   s( 5) = (     0         -1          0      )
                  (    -1          0          0      )
                  (     0          0         -1      )

 cart.    s( 5) = ( -0.5000000 -0.8660254  0.0000000 )
                  ( -0.8660254  0.5000000 -0.0000000 )
                  (  0.0000000  0.0000000 -1.0000000 )


      isym =  6     180 deg rotation - cryst. axis [1,1,0]       

 cryst.   s( 6) = (    -1          1          0      )
                  (     0          1          0      )
                  (     0          1         -1      )

 cart.    s( 6) = ( -0.5000000  0.8660254 -0.0000000 )
                  (  0.8660254  0.5000000 -0.0000000 )
                  (  0.0000000  0.0000000 -1.0000000 )


      isym =  7     inversion                                    

 cryst.   s( 7) = (    -1          0          0      )
                  (     0         -1          0      )
                  (     0          0         -1      )

 cart.    s( 7) = ( -1.0000000  0.0000000  0.0000000 )
                  (  0.0000000 -1.0000000  0.0000000 )
                  (  0.0000000  0.0000000 -1.0000000 )


      isym =  8     inv. 180 deg rotation - cart. axis [1,0,0]   

 cryst.   s( 8) = (    -1          0          0      )
                  (    -1          1          0      )
                  (    -1          0          1      )

 cart.    s( 8) = ( -1.0000000  0.0000000  0.0000000 )
                  (  0.0000000  1.0000000 -0.0000000 )
                  (  0.0000000  0.0000000  1.0000000 )


      isym =  9     inv. 120 deg rotation - cryst. axis [0,0,1]  

 cryst.   s( 9) = (     1         -1          0      )
                  (     1          0          0      )
                  (     1          0         -1      )

 cart.    s( 9) = (  0.5000000  0.8660254 -0.0000000 )
                  ( -0.8660254  0.5000000 -0.0000000 )
                  (  0.0000000  0.0000000 -1.0000000 )


      isym = 10     inv. 120 deg rotation - cryst. axis [0,0,-1] 

 cryst.   s(10) = (     0          1          0      )
                  (    -1          1          0      )
                  (     0          1         -1      )

 cart.    s(10) = (  0.5000000 -0.8660254  0.0000000 )
                  (  0.8660254  0.5000000 -0.0000000 )
                  (  0.0000000  0.0000000 -1.0000000 )


      isym = 11     inv. 180 deg rotation - cryst. axis [0,1,0]  

 cryst.   s(11) = (     0          1          0      )
                  (     1          0          0      )
                  (     0          0          1      )

 cart.    s(11) = (  0.5000000  0.8660254 -0.0000000 )
                  (  0.8660254 -0.5000000  0.0000000 )
                  (  0.0000000  0.0000000  1.0000000 )


      isym = 12     inv. 180 deg rotation - cryst. axis [1,1,0]  

 cryst.   s(12) = (     1         -1          0      )
                  (     0         -1          0      )
                  (     0         -1          1      )

 cart.    s(12) = (  0.5000000 -0.8660254  0.0000000 )
                  ( -0.8660254 -0.5000000  0.0000000 )
                  (  0.0000000  0.0000000  1.0000000 )


   Cartesian axes

     site n.     atom                  positions (alat units)
         1           Li  tau(   1) = (   1.0000000   0.5773503   0.4082483  )
         2           Sn  tau(   2) = (   0.0000000   0.0000000   0.0000000  )
         3           Ir  tau(   3) = (   0.5000000   0.2886751   0.2041241  )
         4           Ir  tau(   4) = (   1.5000000   0.8660254   0.6123724  )

   Crystallographic axes

     site n.     atom                  positions (cryst. coord.)
         1           Li  tau(   1) = (  0.5000000  0.5000000  0.5000000  )
         2           Sn  tau(   2) = (  0.0000000  0.0000000  0.0000000  )
         3           Ir  tau(   3) = (  0.2500000  0.2500000  0.2500000  )
         4           Ir  tau(   4) = (  0.7500000  0.7500000  0.7500000  )

     number of k points=     1  Methfessel-Paxton smearing, width (Ry)=  0.0010
                       cart. coord. in units 2pi/alat
        k(    1) = (   0.0000000   0.0000000   0.0000000), wk =   2.0000000

                       cryst. coord.
        k(    1) = (   0.0000000   0.0000000   0.0000000), wk =   2.0000000

     Dense  grid:    12803 G-vectors     FFT dimensions: (  45,  45,  45)

     Smooth grid:     4593 G-vectors     FFT dimensions: (  30,  30,  30)

     Dynamical RAM for                 wfc:       0.25 MB

     Dynamical RAM for     wfc (w. buffer):       0.25 MB

     Dynamical RAM for           str. fact:       0.59 MB

     Dynamical RAM for           local pot:       0.00 MB

     Dynamical RAM for          nlocal pot:       0.59 MB

     Dynamical RAM for                qrad:       4.98 MB

     Dynamical RAM for          rho,v,vnew:       2.67 MB

     Dynamical RAM for               rhoin:       0.89 MB

     Dynamical RAM for            rho*nmix:       3.13 MB

     Dynamical RAM for           G-vectors:       0.77 MB

     Dynamical RAM for          h,s,v(r/c):       0.08 MB

     Dynamical RAM for          <psi|beta>:       0.02 MB

     Dynamical RAM for                 psi:       0.50 MB

     Dynamical RAM for                hpsi:       0.50 MB

     Dynamical RAM for                spsi:       0.50 MB

     Dynamical RAM for      wfcinit/wfcrot:       0.69 MB

     Dynamical RAM for           addusdens:      48.45 MB

     Dynamical RAM for          addusforce:      48.95 MB

     Dynamical RAM for         addusstress:      50.99 MB

     Estimated static dynamical RAM per process >      14.99 MB

     Estimated max dynamical RAM per process >      69.11 MB

     Initial potential from superposition of free atoms

     starting charge      44.5491, renormalised to      47.0000

     negative rho (up, down):  7.626E-01 0.000E+00
     Starting wfcs are   38 randomized atomic wfcs

     total cpu time spent up to now is       10.3 secs

     Self-consistent Calculation

     iteration #  1     ecut=    30.00 Ry     beta= 0.70
     Davidson diagonalization with overlap

---- Real-time Memory Report at c_bands before calling an iterative solver
           264 MiB given to the printing process from OS
             0 MiB allocation reported by mallinfo(arena+hblkhd)
        127466 MiB available memory on the node where the printing process lives
------------------
     ethr =  1.00E-02,  avg # of iterations =  3.0

     negative rho (up, down):  6.572E-01 0.000E+00

     total cpu time spent up to now is       12.4 secs

     total energy              =    -539.38633165 Ry
     estimated scf accuracy    <       2.21714996 Ry

     iteration #  2     ecut=    30.00 Ry     beta= 0.70
     Davidson diagonalization with overlap

---- Real-time Memory Report at c_bands before calling an iterative solver
           301 MiB given to the printing process from OS
             0 MiB allocation reported by mallinfo(arena+hblkhd)
        127442 MiB available memory on the node where the printing process lives
------------------
     ethr =  4.72E-03,  avg # of iterations =  4.0

     negative rho (up, down):  7.017E-01 0.000E+00

     total cpu time spent up to now is       14.8 secs

     total energy              =    -540.10273855 Ry
     estimated scf accuracy    <       1.50230063 Ry

     iteration #  3     ecut=    30.00 Ry     beta= 0.70
     Davidson diagonalization with overlap

---- Real-time Memory Report at c_bands before calling an iterative solver
           305 MiB given to the printing process from OS
             0 MiB allocation reported by mallinfo(arena+hblkhd)
        127440 MiB available memory on the node where the printing process lives
------------------
     ethr =  3.20E-03,  avg # of iterations =  2.0

     negative rho (up, down):  7.031E-01 0.000E+00

     total cpu time spent up to now is       16.6 secs

     total energy              =    -540.35175969 Ry
     estimated scf accuracy    <       0.04594502 Ry

     iteration #  4     ecut=    30.00 Ry     beta= 0.70
     Davidson diagonalization with overlap

---- Real-time Memory Report at c_bands before calling an iterative solver
           305 MiB given to the printing process from OS
             0 MiB allocation reported by mallinfo(arena+hblkhd)
        127439 MiB available memory on the node where the printing process lives
------------------
     ethr =  9.78E-05,  avg # of iterations =  4.0

     negative rho (up, down):  7.044E-01 0.000E+00

     total cpu time spent up to now is       17.7 secs

     total energy              =    -540.36288419 Ry
     estimated scf accuracy    <       0.00430975 Ry

     iteration #  5     ecut=    30.00 Ry     beta= 0.70
     Davidson diagonalization with overlap

---- Real-time Memory Report at c_bands before calling an iterative solver
           305 MiB given to the printing process from OS
             0 MiB allocation reported by mallinfo(arena+hblkhd)
        127440 MiB available memory on the node where the printing process lives
------------------
     ethr =  9.17E-06,  avg # of iterations =  4.0

     negative rho (up, down):  7.040E-01 0.000E+00

     total cpu time spent up to now is       18.5 secs

     total energy              =    -540.36366622 Ry
     estimated scf accuracy    <       0.00092312 Ry

     iteration #  6     ecut=    30.00 Ry     beta= 0.70
     Davidson diagonalization with overlap

---- Real-time Memory Report at c_bands before calling an iterative solver
           305 MiB given to the printing process from OS
             0 MiB allocation reported by mallinfo(arena+hblkhd)
        127435 MiB available memory on the node where the printing process lives
------------------
     ethr =  1.96E-06,  avg # of iterations =  2.0

     negative rho (up, down):  7.038E-01 0.000E+00

     total cpu time spent up to now is       18.8 secs

     total energy              =    -540.36377724 Ry
     estimated scf accuracy    <       0.00019373 Ry

     iteration #  7     ecut=    30.00 Ry     beta= 0.70
     Davidson diagonalization with overlap

---- Real-time Memory Report at c_bands before calling an iterative solver
           305 MiB given to the printing process from OS
             0 MiB allocation reported by mallinfo(arena+hblkhd)
        127441 MiB available memory on the node where the printing process lives
------------------
     ethr =  4.12E-07,  avg # of iterations =  3.0

     negative rho (up, down):  7.038E-01 0.000E+00

     total cpu time spent up to now is       19.0 secs

     total energy              =    -540.36382026 Ry
     estimated scf accuracy    <       0.00004622 Ry

     iteration #  8     ecut=    30.00 Ry     beta= 0.70
     Davidson diagonalization with overlap

---- Real-time Memory Report at c_bands before calling an iterative solver
           305 MiB given to the printing process from OS
             0 MiB allocation reported by mallinfo(arena+hblkhd)
        127433 MiB available memory on the node where the printing process lives
------------------
     ethr =  9.83E-08,  avg # of iterations =  3.0

     negative rho (up, down):  7.039E-01 0.000E+00

     total cpu time spent up to now is       19.3 secs

     total energy              =    -540.36382735 Ry
     estimated scf accuracy    <       0.00000506 Ry

     iteration #  9     ecut=    30.00 Ry     beta= 0.70
     Davidson diagonalization with overlap

---- Real-time Memory Report at c_bands before calling an iterative solver
           305 MiB given to the printing process from OS
             0 MiB allocation reported by mallinfo(arena+hblkhd)
        127440 MiB available memory on the node where the printing process lives
------------------
     ethr =  1.08E-08,  avg # of iterations =  5.0

     negative rho (up, down):  7.040E-01 0.000E+00

     total cpu time spent up to now is       19.5 secs

     End of self-consistent calculation

          k = 0.0000 0.0000 0.0000 (   570 PWs)   bands (ev):

   -29.0618 -29.0618 -29.0617 -28.9701 -28.9700 -28.9699 -28.8241  -4.3777
    -4.3776  -4.3776  -4.3294  -4.3293   6.1467  12.5440  12.5440  12.5441
    14.2739  14.2740  17.9406  17.9407  17.9407  19.3973  19.3974  19.8006
    21.4846  21.4848  21.4849  22.1201  22.1201

     occupation numbers 
     1.0000   1.0000   1.0000   1.0000   1.0000   1.0000   1.0000   1.0000
     1.0000   1.0000   1.0000   1.0000   1.0000   1.0000   1.0000   1.0000
     1.0000   1.0000   1.0000   1.0000   1.0000   1.0000   1.0000   0.5000
    -0.0000  -0.0000  -0.0000  -0.0000  -0.0000

     the Fermi energy is    19.8006 ev

!    total energy              =    -540.36382803 Ry
     estimated scf accuracy    <       0.00000047 Ry
     smearing contrib. (-TS)   =      -0.00028209 Ry
     internal energy E=F+TS    =    -540.36354594 Ry

     The total energy is F=E-TS. E is the sum of the following terms:
     one-electron contribution =    -102.50691919 Ry
     hartree contribution      =      89.40938736 Ry
     xc contribution           =    -152.81401305 Ry
     ewald contribution        =    -374.45200105 Ry

     convergence has been achieved in   9 iterations

     negative rho (up, down):  7.040E-01 0.000E+00

     Forces acting on atoms (cartesian axes, Ry/au):

     atom    1 type  1   force =     0.00000000    0.00000000    0.00000000
     atom    2 type  2   force =     0.00000000   -0.00000000   -0.00000000
     atom    3 type  3   force =     0.00000000    0.00000000   -0.00000112
     atom    4 type  3   force =    -0.00000000   -0.00000000    0.00000112
     The non-local contrib.  to forces
     atom    1 type  1   force =    -0.00000000   -0.00000000    0.00000000
     atom    2 type  2   force =     0.00000000    0.00000000    0.00000000
     atom    3 type  3   force =     0.00000000    0.00000000    0.00000340
     atom    4 type  3   force =     0.00000000   -0.00000000   -0.00000340
     The ionic contribution  to forces
     atom    1 type  1   force =    -0.00000000    0.00000000   -0.00000000
     atom    2 type  2   force =    -0.00000000   -0.00000000    0.00000000
     atom    3 type  3   force =    -0.00000000    0.00000000    0.00000000
     atom    4 type  3   force =     0.00000000   -0.00000000   -0.00000000
     The local contribution  to forces
     atom    1 type  1   force =    -0.00001817    0.00000331   -0.00000201
     atom    2 type  2   force =     0.00006392   -0.00023653    0.00001167
     atom    3 type  3   force =     0.00027929    0.00039597    0.00024502
     atom    4 type  3   force =    -0.00030303   -0.00005968   -0.00021959
     The core correction contribution to forces
     atom    1 type  1   force =     0.00000000    0.00000000    0.00000000
     atom    2 type  2   force =     0.00000201   -0.00000580   -0.00000222
     atom    3 type  3   force =    -0.00000239   -0.00000283    0.00000001
     atom    4 type  3   force =     0.00000369   -0.00000220    0.00000370
     The Hubbard contrib.    to forces
     atom    1 type  1   force =     0.00000000    0.00000000    0.00000000
     atom    2 type  2   force =     0.00000000    0.00000000    0.00000000
     atom    3 type  3   force =     0.00000000    0.00000000    0.00000000
     atom    4 type  3   force =     0.00000000    0.00000000    0.00000000
     The SCF correction term to forces
     atom    1 type  1   force =     0.00001524    0.00000698    0.00000980
     atom    2 type  2   force =    -0.00001497    0.00030154   -0.00003614
     atom    3 type  3   force =    -0.00033128   -0.00048661   -0.00027024
     atom    4 type  3   force =     0.00026361    0.00000044    0.00019972

     Total force =     0.000002     Total SCF correction =     0.000789
     SCF correction compared to forces is large: reduce conv_thr to get better values


     Computing stress (Cartesian axis) and pressure


     negative rho (up, down):  7.040E-01 0.000E+00
          total   stress  (Ry/bohr**3)                   (kbar)     P=      513.49
   0.00349070   0.00000000  -0.00000000          513.50        0.00       -0.00
   0.00000000   0.00349070  -0.00000000            0.00      513.50       -0.00
  -0.00000000  -0.00000000   0.00349055           -0.00       -0.00      513.48

     kinetic stress (kbar)  29599.65      0.00      0.00
                                0.00  29599.65     -0.00
                                0.00     -0.00  29599.67

     local   stress (kbar)  11004.66      0.09      0.03
                                0.09  11004.57      0.02
                                0.03      0.02  11004.52

     nonloc. stress (kbar)   4984.37     -0.00     -0.00
                               -0.00   4984.37     -0.00
                               -0.00     -0.00   4984.35

     hartree stress (kbar)  10786.89     -0.05     -0.04
                               -0.05  10786.96     -0.02
                               -0.04     -0.02  10787.00

     exc-cor stress (kbar)  24524.74     -0.00      0.00
                               -0.00  24524.74      0.00
                                0.00      0.00  24524.74

     corecor stress (kbar) -35210.38      0.00      0.00
                                0.00 -35210.38     -0.00
                                0.00     -0.00 -35210.38

     ewald   stress (kbar) -45176.43     -0.00     -0.00
                               -0.00 -45176.43      0.00
                               -0.00      0.00 -45176.43

     hubbard stress (kbar)      0.00      0.00      0.00
                                0.00      0.00      0.00
                                0.00      0.00      0.00

     DFT-D   stress (kbar)      0.00      0.00      0.00
                                0.00      0.00      0.00
                                0.00      0.00      0.00

     XDM     stress (kbar)      0.00      0.00      0.00
                                0.00      0.00      0.00
                                0.00      0.00      0.00

     dft-nl  stress (kbar)      0.00      0.00      0.00
                                0.00      0.00      0.00
                                0.00      0.00      0.00

     TS-vdW  stress (kbar)      0.00      0.00      0.00
                                0.00      0.00      0.00
                                0.00      0.00      0.00


                                0.00      0.00      0.00
                                0.00      0.00      0.00


                                0.00      0.00      0.00


     Writing all to output data dir new_calculations/myprefix.save/
 
     init_run     :    195.81s CPU     10.04s WALL (       1 calls)
     electrons    :    248.47s CPU      9.21s WALL (       1 calls)
     forces       :      4.16s CPU      0.14s WALL (       1 calls)
     stress       :      8.77s CPU      0.29s WALL (       1 calls)

     Called by init_run:
     wfcinit      :     57.50s CPU      2.30s WALL (       1 calls)
     wfcinit:atom :      0.01s CPU      0.00s WALL (       1 calls)
     wfcinit:wfcr :     57.43s CPU      2.30s WALL (       1 calls)
     potinit      :     45.54s CPU      1.90s WALL (       1 calls)
     hinit0       :     90.27s CPU      5.73s WALL (       1 calls)

     Called by electrons:
     c_bands      :    176.94s CPU      6.57s WALL (       9 calls)
     sum_band     :     50.43s CPU      1.88s WALL (       9 calls)
     v_of_rho     :      3.21s CPU      0.12s WALL (      10 calls)
     v_h          :      0.27s CPU      0.01s WALL (      10 calls)
     v_xc         :      3.37s CPU      0.13s WALL (      12 calls)
     newd         :     18.45s CPU      0.68s WALL (      10 calls)
     mix_rho      :      0.67s CPU      0.02s WALL (       9 calls)

     Called by c_bands:
     init_us_2    :      0.14s CPU      0.01s WALL (      19 calls)
     init_us_2:cp :      0.12s CPU      0.01s WALL (      19 calls)
     regterg      :    176.39s CPU      6.55s WALL (       9 calls)

     Called by sum_band:
     sum_band:wei :      0.02s CPU      0.00s WALL (       9 calls)
     sum_band:loo :     26.79s CPU      0.98s WALL (       9 calls)
     sum_band:buf :      0.01s CPU      0.00s WALL (       9 calls)
     sum_band:ini :      0.09s CPU      0.00s WALL (       9 calls)
     sum_band:cal :      0.57s CPU      0.02s WALL (       9 calls)
     sum_band:bec :      0.76s CPU      0.03s WALL (       9 calls)
     addusdens    :     22.95s CPU      0.87s WALL (       9 calls)
     addusd:skk   :      0.09s CPU      0.00s WALL (      27 calls)
     addusd:dgemm :      2.02s CPU      0.11s WALL (      27 calls)
     addusd:qvan2 :     18.79s CPU      0.68s WALL (      27 calls)

     Called by *egterg:
     rdiaghg      :      1.35s CPU      0.05s WALL (      39 calls)
     regterg:over :      5.98s CPU      0.23s WALL (      30 calls)
     regterg:upda :      0.18s CPU      0.01s WALL (      30 calls)
     regterg:last :      0.20s CPU      0.01s WALL (      18 calls)
     h_psi        :    221.02s CPU      8.37s WALL (      40 calls)
     s_psi        :      0.10s CPU      0.00s WALL (      40 calls)
     g_psi        :      0.08s CPU      0.00s WALL (      30 calls)

     Called by h_psi:
     h_psi:calbec :      2.22s CPU      0.09s WALL (      40 calls)
     vloc_psi     :    218.41s CPU      8.26s WALL (      40 calls)
     add_vuspsi   :      0.16s CPU      0.01s WALL (      40 calls)

     General routines
     calbec       :      2.75s CPU      0.11s WALL (      54 calls)
     fft          :     82.00s CPU      4.72s WALL (     128 calls)
     ffts         :     45.10s CPU      1.88s WALL (      19 calls)
     fftw         :    240.51s CPU      9.07s WALL (     875 calls)
     interpolate  :     45.26s CPU      1.88s WALL (      10 calls)
 
     Parallel routines
 
     PWSCF        :   7m43.80s CPU     25.76s WALL

 
   This run was terminated on:  13:38: 1  20May2023            

=------------------------------------------------------------------------------=
   JOB DONE.
=------------------------------------------------------------------------------=
