
     Program PWSCF v.7.0 starts on 20May2023 at 14:17:48 

     This program is part of the open-source Quantum ESPRESSO suite
     for quantum simulation of materials; please cite
         "P. Giannozzi et al., J. Phys.:Condens. Matter 21 395502 (2009);
         "P. Giannozzi et al., J. Phys.:Condens. Matter 29 465901 (2017);
         "P. Giannozzi et al., J. Chem. Phys. 152 154105 (2020);
          URL http://www.quantum-espresso.org", 
     in publications or presentations arising from this work. More details at
     http://www.quantum-espresso.org/quote

     Parallel version (MPI & OpenMP), running on      32 processor cores
     Number of MPI processes:                 1
     Threads/MPI process:                    32

     MPI processes distributed on     1 nodes
     129510 MiB available memory on the printing compute node when the environment starts
 
     Reading input from espresso_19330.pwi
Warning: card &CELL ignored
Warning: card / ignored

     Current dimensions of program PWSCF are:
     Max number of different atomic species (ntypx) = 10
     Max number of k-points (npk) =  40000
     Max angular momentum in pseudopotentials (lmaxx) =  4
     file Al.pbe-n-kjpaw_psl.1.0.0.UPF: wavefunction(s)  3S 3P renormalized

     gamma-point specific algorithms are used
     Message from routine setup:
     using ibrav=0 with symmetry is DISCOURAGED, use correct ibrav instead

     Subspace diagonalization in iterative solution of the eigenvalue problem:
     a serial algorithm will be used

 
     G-vector sticks info
     --------------------
     sticks:   dense  smooth     PW     G-vecs:    dense   smooth      PW
     Sum        1285     649    163                30731    10969    1363
 
     Using Slab Decomposition
 


     bravais-lattice index     =            0
     lattice parameter (alat)  =       8.8418  a.u.
     unit-cell volume          =     488.7781 (a.u.)^3
     number of atoms/cell      =            4
     number of atomic types    =            3
     number of electrons       =        52.00
     number of Kohn-Sham states=           31
     kinetic-energy cutoff     =      30.0000  Ry
     charge density cutoff     =     240.0000  Ry
     scf convergence threshold =      1.0E-06
     mixing beta               =       0.7000
     number of iterations used =            8  plain     mixing
     Exchange-correlation= PBE
                           (   1   4   3   4   0   0   0)

     celldm(1)=   8.841832  celldm(2)=   0.000000  celldm(3)=   0.000000
     celldm(4)=   0.000000  celldm(5)=   0.000000  celldm(6)=   0.000000

     crystal axes: (cart. coord. in units of alat)
               a(1) = (   1.000000   0.000000   0.000000 )  
               a(2) = (   0.500000   0.866025   0.000000 )  
               a(3) = (   0.500000   0.288675   0.816497 )  

     reciprocal axes: (cart. coord. in units 2 pi/alat)
               b(1) = (  1.000000 -0.577350 -0.408248 )  
               b(2) = (  0.000000  1.154701 -0.408248 )  
               b(3) = (  0.000000  0.000000  1.224745 )  


     PseudoPot. # 1 for Sc read from file:
     /home/pragov/projects/rrg-bengioy-ad/pragov/crystal_structure_design/SSSP/Sc_ONCV_PBE-1.0.oncvpsp.upf
     MD5 check sum: e21af8023abb52e52cb7cd3133e4a229
     Pseudo is Norm-conserving, Zval = 11.0
     Generated using ONCVPSP code by D. R. Hamann
     Using radial grid of 1662 points,  6 beta functions with: 
                l(1) =   0
                l(2) =   0
                l(3) =   1
                l(4) =   1
                l(5) =   2
                l(6) =   2

     PseudoPot. # 2 for Al read from file:
     /home/pragov/projects/rrg-bengioy-ad/pragov/crystal_structure_design/SSSP/Al.pbe-n-kjpaw_psl.1.0.0.UPF
     MD5 check sum: cfc449ca30b5f3223ec38ddd88ac046d
     Pseudo is Projector augmented-wave + core cor, Zval =  3.0
     Generated using "atomic" code by A. Dal Corso  v.5.1
     Shape of augmentation charge: PSQ
     Using radial grid of 1135 points,  6 beta functions with: 
                l(1) =   0
                l(2) =   0
                l(3) =   1
                l(4) =   1
                l(5) =   2
                l(6) =   2
     Q(r) pseudized with 0 coefficients 


     PseudoPot. # 3 for Ag read from file:
     /home/pragov/projects/rrg-bengioy-ad/pragov/crystal_structure_design/SSSP/Ag_ONCV_PBE-1.0.oncvpsp.upf
     MD5 check sum: 94f47bd0669c641108e45594df92fabc
     Pseudo is Norm-conserving, Zval = 19.0
     Generated using ONCVPSP code by D. R. Hamann
     Using radial grid of 1398 points,  6 beta functions with: 
                l(1) =   0
                l(2) =   0
                l(3) =   1
                l(4) =   1
                l(5) =   2
                l(6) =   2

     atomic species   valence    mass     pseudopotential
        Sc            11.00    44.95591     Sc( 1.00)
        Al             3.00    26.98154     Al( 1.00)
        Ag            19.00   107.86820     Ag( 1.00)

     12 Sym. Ops., with inversion, found


                                    s                        frac. trans.

      isym =  1     identity                                     

 cryst.   s( 1) = (     1          0          0      )
                  (     0          1          0      )
                  (     0          0          1      )

 cart.    s( 1) = (  1.0000000  0.0000000  0.0000000 )
                  (  0.0000000  1.0000000 -0.0000000 )
                  (  0.0000000  0.0000000  1.0000000 )


      isym =  2     180 deg rotation - cart. axis [1,0,0]        

 cryst.   s( 2) = (     1          0          0      )
                  (     1         -1          0      )
                  (     1          0         -1      )

 cart.    s( 2) = (  1.0000000  0.0000000  0.0000000 )
                  (  0.0000000 -1.0000000  0.0000000 )
                  (  0.0000000  0.0000000 -1.0000000 )


      isym =  3     120 deg rotation - cryst. axis [0,0,1]       

 cryst.   s( 3) = (    -1          1          0      )
                  (    -1          0          0      )
                  (    -1          0          1      )

 cart.    s( 3) = ( -0.5000000 -0.8660254 -0.0000000 )
                  (  0.8660254 -0.5000000 -0.0000000 )
                  (  0.0000000  0.0000000  1.0000000 )


      isym =  4     120 deg rotation - cryst. axis [0,0,-1]      

 cryst.   s( 4) = (     0         -1          0      )
                  (     1         -1          0      )
                  (     0         -1          1      )

 cart.    s( 4) = ( -0.5000000  0.8660254  0.0000000 )
                  ( -0.8660254 -0.5000000 -0.0000000 )
                  (  0.0000000  0.0000000  1.0000000 )


      isym =  5     180 deg rotation - cryst. axis [0,1,0]       

 cryst.   s( 5) = (     0         -1          0      )
                  (    -1          0          0      )
                  (     0          0         -1      )

 cart.    s( 5) = ( -0.5000000 -0.8660254 -0.0000000 )
                  ( -0.8660254  0.5000000  0.0000000 )
                  (  0.0000000  0.0000000 -1.0000000 )


      isym =  6     180 deg rotation - cryst. axis [1,1,0]       

 cryst.   s( 6) = (    -1          1          0      )
                  (     0          1          0      )
                  (     0          1         -1      )

 cart.    s( 6) = ( -0.5000000  0.8660254  0.0000000 )
                  (  0.8660254  0.5000000  0.0000000 )
                  (  0.0000000  0.0000000 -1.0000000 )


      isym =  7     inversion                                    

 cryst.   s( 7) = (    -1          0          0      )
                  (     0         -1          0      )
                  (     0          0         -1      )

 cart.    s( 7) = ( -1.0000000  0.0000000  0.0000000 )
                  (  0.0000000 -1.0000000  0.0000000 )
                  (  0.0000000  0.0000000 -1.0000000 )


      isym =  8     inv. 180 deg rotation - cart. axis [1,0,0]   

 cryst.   s( 8) = (    -1          0          0      )
                  (    -1          1          0      )
                  (    -1          0          1      )

 cart.    s( 8) = ( -1.0000000  0.0000000  0.0000000 )
                  (  0.0000000  1.0000000 -0.0000000 )
                  (  0.0000000  0.0000000  1.0000000 )


      isym =  9     inv. 120 deg rotation - cryst. axis [0,0,1]  

 cryst.   s( 9) = (     1         -1          0      )
                  (     1          0          0      )
                  (     1          0         -1      )

 cart.    s( 9) = (  0.5000000  0.8660254  0.0000000 )
                  ( -0.8660254  0.5000000  0.0000000 )
                  (  0.0000000  0.0000000 -1.0000000 )


      isym = 10     inv. 120 deg rotation - cryst. axis [0,0,-1] 

 cryst.   s(10) = (     0          1          0      )
                  (    -1          1          0      )
                  (     0          1         -1      )

 cart.    s(10) = (  0.5000000 -0.8660254 -0.0000000 )
                  (  0.8660254  0.5000000  0.0000000 )
                  (  0.0000000  0.0000000 -1.0000000 )


      isym = 11     inv. 180 deg rotation - cryst. axis [0,1,0]  

 cryst.   s(11) = (     0          1          0      )
                  (     1          0          0      )
                  (     0          0          1      )

 cart.    s(11) = (  0.5000000  0.8660254  0.0000000 )
                  (  0.8660254 -0.5000000 -0.0000000 )
                  (  0.0000000  0.0000000  1.0000000 )


      isym = 12     inv. 180 deg rotation - cryst. axis [1,1,0]  

 cryst.   s(12) = (     1         -1          0      )
                  (     0         -1          0      )
                  (     0         -1          1      )

 cart.    s(12) = (  0.5000000 -0.8660254 -0.0000000 )
                  ( -0.8660254 -0.5000000 -0.0000000 )
                  (  0.0000000  0.0000000  1.0000000 )


   Cartesian axes

     site n.     atom                  positions (alat units)
         1           Sc  tau(   1) = (   1.0000000   0.5773503   0.4082483  )
         2           Al  tau(   2) = (   0.0000000   0.0000000   0.0000000  )
         3           Ag  tau(   3) = (   1.5000000   0.8660254   0.6123724  )
         4           Ag  tau(   4) = (   0.5000000   0.2886751   0.2041241  )

   Crystallographic axes

     site n.     atom                  positions (cryst. coord.)
         1           Sc  tau(   1) = (  0.5000000  0.5000000  0.5000000  )
         2           Al  tau(   2) = (  0.0000000  0.0000000  0.0000000  )
         3           Ag  tau(   3) = (  0.7500000  0.7500000  0.7500000  )
         4           Ag  tau(   4) = (  0.2500000  0.2500000  0.2500000  )

     number of k points=     1  Methfessel-Paxton smearing, width (Ry)=  0.0010
                       cart. coord. in units 2pi/alat
        k(    1) = (   0.0000000   0.0000000   0.0000000), wk =   2.0000000

                       cryst. coord.
        k(    1) = (   0.0000000   0.0000000   0.0000000), wk =   2.0000000

     Dense  grid:    15366 G-vectors     FFT dimensions: (  45,  45,  45)

     Smooth grid:     5485 G-vectors     FFT dimensions: (  32,  32,  32)

     Dynamical RAM for                 wfc:       0.32 MB

     Dynamical RAM for     wfc (w. buffer):       0.32 MB

     Dynamical RAM for           str. fact:       0.70 MB

     Dynamical RAM for           local pot:       0.00 MB

     Dynamical RAM for          nlocal pot:       0.74 MB

     Dynamical RAM for                qrad:       3.73 MB

     Dynamical RAM for          rho,v,vnew:       2.79 MB

     Dynamical RAM for               rhoin:       0.93 MB

     Dynamical RAM for            rho*nmix:       3.75 MB

     Dynamical RAM for           G-vectors:       0.92 MB

     Dynamical RAM for          h,s,v(r/c):       0.09 MB

     Dynamical RAM for          <psi|beta>:       0.02 MB

     Dynamical RAM for                 psi:       0.64 MB

     Dynamical RAM for                hpsi:       0.64 MB

     Dynamical RAM for                spsi:       0.64 MB

     Dynamical RAM for      wfcinit/wfcrot:       0.73 MB

     Dynamical RAM for           addusdens:      43.85 MB

     Dynamical RAM for          addusforce:      43.97 MB

     Dynamical RAM for         addusstress:      47.13 MB

     Estimated static dynamical RAM per process >      14.56 MB

     Estimated max dynamical RAM per process >      65.43 MB

     Initial potential from superposition of free atoms

     starting charge      51.9945, renormalised to      52.0000
     Starting wfcs are   34 randomized atomic wfcs
     Checking if some PAW data can be deallocated... 

     total cpu time spent up to now is        3.8 secs

     Self-consistent Calculation

     iteration #  1     ecut=    30.00 Ry     beta= 0.70
     Davidson diagonalization with overlap

---- Real-time Memory Report at c_bands before calling an iterative solver
           337 MiB given to the printing process from OS
             0 MiB allocation reported by mallinfo(arena+hblkhd)
        129385 MiB available memory on the node where the printing process lives
------------------
     ethr =  1.00E-02,  avg # of iterations =  3.0

     total cpu time spent up to now is        4.2 secs

     total energy              =    -704.64335242 Ry
     estimated scf accuracy    <       0.78513028 Ry

     iteration #  2     ecut=    30.00 Ry     beta= 0.70
     Davidson diagonalization with overlap

---- Real-time Memory Report at c_bands before calling an iterative solver
           360 MiB given to the printing process from OS
             0 MiB allocation reported by mallinfo(arena+hblkhd)
        129363 MiB available memory on the node where the printing process lives
------------------
     ethr =  1.51E-03,  avg # of iterations =  5.0

     total cpu time spent up to now is        4.4 secs

     total energy              =    -704.91895349 Ry
     estimated scf accuracy    <       1.13596711 Ry

     iteration #  3     ecut=    30.00 Ry     beta= 0.70
     Davidson diagonalization with overlap

---- Real-time Memory Report at c_bands before calling an iterative solver
           367 MiB given to the printing process from OS
             0 MiB allocation reported by mallinfo(arena+hblkhd)
        129358 MiB available memory on the node where the printing process lives
------------------
     ethr =  1.51E-03,  avg # of iterations =  4.0

     total cpu time spent up to now is        4.6 secs

     total energy              =    -705.05326052 Ry
     estimated scf accuracy    <       0.03482078 Ry

     iteration #  4     ecut=    30.00 Ry     beta= 0.70
     Davidson diagonalization with overlap

---- Real-time Memory Report at c_bands before calling an iterative solver
           370 MiB given to the printing process from OS
             0 MiB allocation reported by mallinfo(arena+hblkhd)
        129356 MiB available memory on the node where the printing process lives
------------------
     ethr =  6.70E-05,  avg # of iterations =  5.0

     total cpu time spent up to now is        4.8 secs

     total energy              =    -705.06587832 Ry
     estimated scf accuracy    <       0.01124497 Ry

     iteration #  5     ecut=    30.00 Ry     beta= 0.70
     Davidson diagonalization with overlap

---- Real-time Memory Report at c_bands before calling an iterative solver
           370 MiB given to the printing process from OS
             0 MiB allocation reported by mallinfo(arena+hblkhd)
        129355 MiB available memory on the node where the printing process lives
------------------
     ethr =  2.16E-05,  avg # of iterations =  2.0

     total cpu time spent up to now is        4.9 secs

     total energy              =    -705.06589209 Ry
     estimated scf accuracy    <       0.00279659 Ry

     iteration #  6     ecut=    30.00 Ry     beta= 0.70
     Davidson diagonalization with overlap

---- Real-time Memory Report at c_bands before calling an iterative solver
           370 MiB given to the printing process from OS
             0 MiB allocation reported by mallinfo(arena+hblkhd)
        129356 MiB available memory on the node where the printing process lives
------------------
     ethr =  5.38E-06,  avg # of iterations =  5.0

     total cpu time spent up to now is        5.1 secs

     total energy              =    -705.06690126 Ry
     estimated scf accuracy    <       0.00056662 Ry

     iteration #  7     ecut=    30.00 Ry     beta= 0.70
     Davidson diagonalization with overlap

---- Real-time Memory Report at c_bands before calling an iterative solver
           370 MiB given to the printing process from OS
             0 MiB allocation reported by mallinfo(arena+hblkhd)
        129356 MiB available memory on the node where the printing process lives
------------------
     ethr =  1.09E-06,  avg # of iterations =  3.0

     total cpu time spent up to now is        5.3 secs

     total energy              =    -705.06691353 Ry
     estimated scf accuracy    <       0.00011601 Ry

     iteration #  8     ecut=    30.00 Ry     beta= 0.70
     Davidson diagonalization with overlap

---- Real-time Memory Report at c_bands before calling an iterative solver
           370 MiB given to the printing process from OS
             0 MiB allocation reported by mallinfo(arena+hblkhd)
        129356 MiB available memory on the node where the printing process lives
------------------
     ethr =  2.23E-07,  avg # of iterations =  5.0

     total cpu time spent up to now is        5.4 secs

     total energy              =    -705.06693618 Ry
     estimated scf accuracy    <       0.00000111 Ry

     iteration #  9     ecut=    30.00 Ry     beta= 0.70
     Davidson diagonalization with overlap

---- Real-time Memory Report at c_bands before calling an iterative solver
           370 MiB given to the printing process from OS
             0 MiB allocation reported by mallinfo(arena+hblkhd)
        129356 MiB available memory on the node where the printing process lives
------------------
     ethr =  2.13E-09,  avg # of iterations =  4.0

     total cpu time spent up to now is        5.6 secs

     End of self-consistent calculation

          k = 0.0000 0.0000 0.0000 (   682 PWs)   bands (ev):

   -80.5681 -80.5663 -43.5638 -43.5637 -43.5636 -43.5504 -43.5504 -43.5502
   -33.1688 -11.8812 -11.8809 -11.8808   4.9903   7.6081   7.6082   7.6082
     7.7029   7.7030   8.7318   8.7319   8.7319   9.3883   9.3884  14.2535
    14.2535  14.2536  15.9054  15.9055  15.9055  16.2303  17.4215

     occupation numbers 
     1.0000   1.0000   1.0000   1.0000   1.0000   1.0000   1.0000   1.0000
     1.0000   1.0000   1.0000   1.0000   1.0000   1.0000   1.0000   1.0000
     1.0000   1.0000   1.0000   1.0000   1.0000   1.0000   1.0000   1.0000
     1.0000   1.0000  -0.0000  -0.0000  -0.0000  -0.0000  -0.0000

     the Fermi energy is    14.4869 ev

!    total energy              =    -705.06693667 Ry
     estimated scf accuracy    <       0.00000007 Ry
     smearing contrib. (-TS)   =       0.00000000 Ry
     internal energy E=F+TS    =    -705.06693667 Ry

     The total energy is F=E-TS. E is the sum of the following terms:
     one-electron contribution =    -340.68362685 Ry
     hartree contribution      =     188.00550151 Ry
     xc contribution           =     -68.50265114 Ry
     ewald contribution        =    -449.30940190 Ry
     one-center paw contrib.   =     -34.57675829 Ry
      -> PAW hartree energy AE =       0.63576016 Ry
      -> PAW hartree energy PS =      -0.63473448 Ry
      -> PAW xc energy AE      =     -36.07726517 Ry
      -> PAW xc energy PS      =       1.49948120 Ry
      -> total E_H with PAW    =     188.00652719 Ry
      -> total E_XC with PAW   =    -103.08043511 Ry

     convergence has been achieved in   9 iterations

     Forces acting on atoms (cartesian axes, Ry/au):

     atom    1 type  1   force =     0.00000000   -0.00000000   -0.00000000
     atom    2 type  2   force =    -0.00000000    0.00000000    0.00000000
     atom    3 type  3   force =     0.00000000   -0.00000000    0.00003125
     atom    4 type  3   force =     0.00000000    0.00000000   -0.00003125
     The non-local contrib.  to forces
     atom    1 type  1   force =     0.00000000    0.00000000    0.00000000
     atom    2 type  2   force =    -0.00000000    0.00000000    0.00000000
     atom    3 type  3   force =     0.00000000    0.00000000   -0.00002345
     atom    4 type  3   force =    -0.00000000   -0.00000000    0.00002345
     The ionic contribution  to forces
     atom    1 type  1   force =    -0.00000000   -0.00000000   -0.00000000
     atom    2 type  2   force =    -0.00000000    0.00000000    0.00000000
     atom    3 type  3   force =     0.00000000   -0.00000000   -0.00000000
     atom    4 type  3   force =     0.00000000    0.00000000    0.00000000
     The local contribution  to forces
     atom    1 type  1   force =     0.00006968   -0.00016537    0.00004746
     atom    2 type  2   force =    -0.00005693    0.00008914   -0.00007808
     atom    3 type  3   force =     0.00029550   -0.00012479    0.00011960
     atom    4 type  3   force =     0.00029531   -0.00060504    0.00075497
     The core correction contribution to forces
     atom    1 type  1   force =     0.00000000    0.00000000    0.00000000
     atom    2 type  2   force =    -0.00000266    0.00000410   -0.00000358
     atom    3 type  3   force =     0.00000000    0.00000000    0.00000000
     atom    4 type  3   force =     0.00000000    0.00000000    0.00000000
     The Hubbard contrib.    to forces
     atom    1 type  1   force =     0.00000000    0.00000000    0.00000000
     atom    2 type  2   force =     0.00000000    0.00000000    0.00000000
     atom    3 type  3   force =     0.00000000    0.00000000    0.00000000
     atom    4 type  3   force =     0.00000000    0.00000000    0.00000000
     The SCF correction term to forces
     atom    1 type  1   force =    -0.00007458    0.00017656   -0.00004518
     atom    2 type  2   force =     0.00002380   -0.00003784    0.00003234
     atom    3 type  3   force =    -0.00029579    0.00009428   -0.00010649
     atom    4 type  3   force =    -0.00033471    0.00065664   -0.00085126

     Total force =     0.000044     Total SCF correction =     0.001191
     SCF correction compared to forces is large: reduce conv_thr to get better values


     Computing stress (Cartesian axis) and pressure

          total   stress  (Ry/bohr**3)                   (kbar)     P=     -948.75
  -0.00644956  -0.00000000   0.00000000         -948.76       -0.00        0.00
  -0.00000000  -0.00644956  -0.00000000           -0.00     -948.76       -0.00
   0.00000000  -0.00000000  -0.00644923            0.00       -0.00     -948.71

     kinetic stress (kbar)  45001.34     -0.00     -0.00
                               -0.00  45001.34      0.00
                                0.00      0.00  45001.34

     local   stress (kbar)  -9010.65      0.02      0.00
                                0.02  -9010.68      0.08
                                0.00      0.08  -9010.54

     nonloc. stress (kbar)  -4286.19      0.00      0.00
                                0.00  -4286.19     -0.00
                                0.00     -0.00  -4286.19

     hartree stress (kbar)  18861.03     -0.01     -0.00
                               -0.01  18861.07     -0.04
                               -0.00     -0.04  18860.97

     exc-cor stress (kbar)  -6156.81     -0.00      0.00
                               -0.00  -6156.81     -0.00
                                0.00     -0.00  -6156.81

     corecor stress (kbar)   -282.02      0.00      0.00
                                0.00   -282.02      0.00
                                0.00      0.00   -282.02

     ewald   stress (kbar) -45075.46      0.00     -0.00
                                0.00 -45075.46     -0.00
                               -0.00     -0.00 -45075.46

     hubbard stress (kbar)      0.00      0.00      0.00
                                0.00      0.00      0.00
                                0.00      0.00      0.00

     DFT-D   stress (kbar)      0.00      0.00      0.00
                                0.00      0.00      0.00
                                0.00      0.00      0.00

     XDM     stress (kbar)      0.00      0.00      0.00
                                0.00      0.00      0.00
                                0.00      0.00      0.00

     dft-nl  stress (kbar)      0.00      0.00      0.00
                                0.00      0.00      0.00
                                0.00      0.00      0.00

     TS-vdW  stress (kbar)      0.00      0.00      0.00
                                0.00      0.00      0.00
                                0.00      0.00      0.00


                                0.00      0.00      0.00
                                0.00      0.00      0.00


                                0.00      0.00      0.00


     Writing all to output data dir new_calculations/myprefix.save/
 
     init_run     :    102.36s CPU      3.65s WALL (       1 calls)
     electrons    :     54.98s CPU      1.83s WALL (       1 calls)
     forces       :      1.66s CPU      0.06s WALL (       1 calls)
     stress       :      3.52s CPU      0.12s WALL (       1 calls)

     Called by init_run:
     wfcinit      :     20.99s CPU      0.73s WALL (       1 calls)
     wfcinit:atom :      0.01s CPU      0.00s WALL (       1 calls)
     wfcinit:wfcr :     20.90s CPU      0.72s WALL (       1 calls)
     potinit      :     17.54s CPU      0.61s WALL (       1 calls)
     hinit0       :     61.22s CPU      2.21s WALL (       1 calls)

     Called by electrons:
     c_bands      :     16.29s CPU      0.54s WALL (       9 calls)
     sum_band     :      9.33s CPU      0.31s WALL (       9 calls)
     v_of_rho     :      4.39s CPU      0.15s WALL (      10 calls)
     v_h          :      0.32s CPU      0.01s WALL (      10 calls)
     v_xc         :      4.85s CPU      0.16s WALL (      12 calls)
     newd         :      5.64s CPU      0.19s WALL (      10 calls)
     PAW_pot      :     19.25s CPU      0.65s WALL (      10 calls)
     mix_rho      :      0.69s CPU      0.02s WALL (       9 calls)

     Called by c_bands:
     init_us_2    :      0.18s CPU      0.01s WALL (      19 calls)
     init_us_2:cp :      0.15s CPU      0.01s WALL (      19 calls)
     regterg      :     14.91s CPU      0.50s WALL (       9 calls)

     Called by sum_band:
     sum_band:wei :      0.01s CPU      0.00s WALL (       9 calls)
     sum_band:loo :      2.86s CPU      0.09s WALL (       9 calls)
     sum_band:buf :      0.01s CPU      0.00s WALL (       9 calls)
     sum_band:ini :      0.09s CPU      0.00s WALL (       9 calls)
     sum_band:cal :      0.05s CPU      0.00s WALL (       9 calls)
     sum_band:bec :      0.02s CPU      0.00s WALL (       9 calls)
     addusdens    :      5.94s CPU      0.20s WALL (       9 calls)
     addusd:skk   :      0.01s CPU      0.00s WALL (       9 calls)
     addusd:dgemm :      0.80s CPU      0.03s WALL (       9 calls)
     addusd:qvan2 :      4.87s CPU      0.16s WALL (       9 calls)

     Called by *egterg:
     rdiaghg      :      1.57s CPU      0.05s WALL (      45 calls)
     regterg:over :      1.15s CPU      0.04s WALL (      36 calls)
     regterg:upda :      0.14s CPU      0.00s WALL (      36 calls)
     regterg:last :      0.19s CPU      0.01s WALL (      18 calls)
     h_psi        :     32.05s CPU      1.09s WALL (      46 calls)
     s_psi        :      0.06s CPU      0.00s WALL (      46 calls)
     g_psi        :      0.04s CPU      0.00s WALL (      36 calls)

     Called by h_psi:
     h_psi:calbec :      0.21s CPU      0.01s WALL (      46 calls)
     vloc_psi     :     31.51s CPU      1.07s WALL (      46 calls)
     add_vuspsi   :      0.09s CPU      0.00s WALL (      46 calls)

     General routines
     calbec       :      0.19s CPU      0.01s WALL (      60 calls)
     fft          :     51.16s CPU      1.76s WALL (     128 calls)
     ffts         :     14.89s CPU      0.52s WALL (      19 calls)
     fftw         :     31.31s CPU      1.07s WALL (     918 calls)
     interpolate  :     15.17s CPU      0.53s WALL (      10 calls)
 
     Parallel routines

     PAW routines
     PAW_pot      :     19.25s CPU      0.65s WALL (      10 calls)
     PAW_symme    :      0.08s CPU      0.00s WALL (      19 calls)
 
     PWSCF        :   2m50.49s CPU      6.63s WALL

 
   This run was terminated on:  14:17:55  20May2023            

=------------------------------------------------------------------------------=
   JOB DONE.
=------------------------------------------------------------------------------=
