
     Program PWSCF v.7.0 starts on 20May2023 at 22:32:20 

     This program is part of the open-source Quantum ESPRESSO suite
     for quantum simulation of materials; please cite
         "P. Giannozzi et al., J. Phys.:Condens. Matter 21 395502 (2009);
         "P. Giannozzi et al., J. Phys.:Condens. Matter 29 465901 (2017);
         "P. Giannozzi et al., J. Chem. Phys. 152 154105 (2020);
          URL http://www.quantum-espresso.org", 
     in publications or presentations arising from this work. More details at
     http://www.quantum-espresso.org/quote

     Parallel version (MPI & OpenMP), running on      32 processor cores
     Number of MPI processes:                 1
     Threads/MPI process:                    32

     MPI processes distributed on     1 nodes
     171256 MiB available memory on the printing compute node when the environment starts
 
     Reading input from espresso_22286.pwi
Warning: card &CELL ignored
Warning: card / ignored

     Current dimensions of program PWSCF are:
     Max number of different atomic species (ntypx) = 10
     Max number of k-points (npk) =  40000
     Max angular momentum in pseudopotentials (lmaxx) =  4
     file Al.pbe-n-kjpaw_psl.1.0.0.UPF: wavefunction(s)  3S 3P renormalized

     gamma-point specific algorithms are used
     Message from routine setup:
     using ibrav=0 with symmetry is DISCOURAGED, use correct ibrav instead

     Subspace diagonalization in iterative solution of the eigenvalue problem:
     a serial algorithm will be used

 
     G-vector sticks info
     --------------------
     sticks:   dense  smooth     PW     G-vecs:    dense   smooth      PW
     Sum        1057     517    127                22659     7991     965
 
     Using Slab Decomposition
 


     bravais-lattice index     =            0
     lattice parameter (alat)  =       7.9948  a.u.
     unit-cell volume          =     361.3348 (a.u.)^3
     number of atoms/cell      =            4
     number of atomic types    =            3
     number of electrons       =        56.00
     number of Kohn-Sham states=           34
     kinetic-energy cutoff     =      30.0000  Ry
     charge density cutoff     =     240.0000  Ry
     scf convergence threshold =      1.0E-06
     mixing beta               =       0.7000
     number of iterations used =            8  plain     mixing
     Exchange-correlation= PBE
                           (   1   4   3   4   0   0   0)

     celldm(1)=   7.994812  celldm(2)=   0.000000  celldm(3)=   0.000000
     celldm(4)=   0.000000  celldm(5)=   0.000000  celldm(6)=   0.000000

     crystal axes: (cart. coord. in units of alat)
               a(1) = (   1.000000   0.000000   0.000000 )  
               a(2) = (   0.500000   0.866025   0.000000 )  
               a(3) = (   0.500000   0.288675   0.816497 )  

     reciprocal axes: (cart. coord. in units 2 pi/alat)
               b(1) = (  1.000000 -0.577350 -0.408248 )  
               b(2) = (  0.000000  1.154701 -0.408248 )  
               b(3) = (  0.000000  0.000000  1.224745 )  


     PseudoPot. # 1 for Al read from file:
     /home/pragov/projects/rrg-bengioy-ad/pragov/crystal_structure_design/SSSP/Al.pbe-n-kjpaw_psl.1.0.0.UPF
     MD5 check sum: cfc449ca30b5f3223ec38ddd88ac046d
     Pseudo is Projector augmented-wave + core cor, Zval =  3.0
     Generated using "atomic" code by A. Dal Corso  v.5.1
     Shape of augmentation charge: PSQ
     Using radial grid of 1135 points,  6 beta functions with: 
                l(1) =   0
                l(2) =   0
                l(3) =   1
                l(4) =   1
                l(5) =   2
                l(6) =   2
     Q(r) pseudized with 0 coefficients 


     PseudoPot. # 2 for Cu read from file:
     /home/pragov/projects/rrg-bengioy-ad/pragov/crystal_structure_design/SSSP/Cu_pbe_v1.2.uspp.F.UPF
     MD5 check sum: 6e991ff952a84172a2a52a1c1e996048
     Pseudo is Ultrasoft + core correction, Zval = 19.0
     Generated by new atomic code, or converted to UPF format
     Using radial grid of  867 points,  6 beta functions with: 
                l(1) =   0
                l(2) =   0
                l(3) =   1
                l(4) =   1
                l(5) =   2
                l(6) =   2
     Q(r) pseudized with  8 coefficients,  rinner =    1.150   1.150   1.150
                                                       1.150   1.150

     PseudoPot. # 3 for Rh read from file:
     /home/pragov/projects/rrg-bengioy-ad/pragov/crystal_structure_design/SSSP/Rh_ONCV_PBE-1.0.oncvpsp.upf
     MD5 check sum: ba07c69523b14cacd10683cd4c4284c1
     Pseudo is Norm-conserving, Zval = 17.0
     Generated using ONCVPSP code by D. R. Hamann
     Using radial grid of 1442 points,  6 beta functions with: 
                l(1) =   0
                l(2) =   0
                l(3) =   1
                l(4) =   1
                l(5) =   2
                l(6) =   2

     atomic species   valence    mass     pseudopotential
        Al             3.00    26.98154     Al( 1.00)
        Cu            19.00    63.54600     Cu( 1.00)
        Rh            17.00   102.90550     Rh( 1.00)

     12 Sym. Ops., with inversion, found


                                    s                        frac. trans.

      isym =  1     identity                                     

 cryst.   s( 1) = (     1          0          0      )
                  (     0          1          0      )
                  (     0          0          1      )

 cart.    s( 1) = (  1.0000000  0.0000000  0.0000000 )
                  (  0.0000000  1.0000000  0.0000000 )
                  (  0.0000000  0.0000000  1.0000000 )


      isym =  2     180 deg rotation - cart. axis [1,0,0]        

 cryst.   s( 2) = (     1          0          0      )
                  (     1         -1          0      )
                  (     1          0         -1      )

 cart.    s( 2) = (  1.0000000  0.0000000  0.0000000 )
                  (  0.0000000 -1.0000000 -0.0000000 )
                  (  0.0000000  0.0000000 -1.0000000 )


      isym =  3     120 deg rotation - cryst. axis [0,0,1]       

 cryst.   s( 3) = (    -1          1          0      )
                  (    -1          0          0      )
                  (    -1          0          1      )

 cart.    s( 3) = ( -0.5000000 -0.8660254 -0.0000000 )
                  (  0.8660254 -0.5000000 -0.0000000 )
                  (  0.0000000  0.0000000  1.0000000 )


      isym =  4     120 deg rotation - cryst. axis [0,0,-1]      

 cryst.   s( 4) = (     0         -1          0      )
                  (     1         -1          0      )
                  (     0         -1          1      )

 cart.    s( 4) = ( -0.5000000  0.8660254  0.0000000 )
                  ( -0.8660254 -0.5000000 -0.0000000 )
                  (  0.0000000  0.0000000  1.0000000 )


      isym =  5     180 deg rotation - cryst. axis [0,1,0]       

 cryst.   s( 5) = (     0         -1          0      )
                  (    -1          0          0      )
                  (     0          0         -1      )

 cart.    s( 5) = ( -0.5000000 -0.8660254 -0.0000000 )
                  ( -0.8660254  0.5000000  0.0000000 )
                  (  0.0000000  0.0000000 -1.0000000 )


      isym =  6     180 deg rotation - cryst. axis [1,1,0]       

 cryst.   s( 6) = (    -1          1          0      )
                  (     0          1          0      )
                  (     0          1         -1      )

 cart.    s( 6) = ( -0.5000000  0.8660254  0.0000000 )
                  (  0.8660254  0.5000000  0.0000000 )
                  (  0.0000000  0.0000000 -1.0000000 )


      isym =  7     inversion                                    

 cryst.   s( 7) = (    -1          0          0      )
                  (     0         -1          0      )
                  (     0          0         -1      )

 cart.    s( 7) = ( -1.0000000  0.0000000  0.0000000 )
                  (  0.0000000 -1.0000000 -0.0000000 )
                  (  0.0000000  0.0000000 -1.0000000 )


      isym =  8     inv. 180 deg rotation - cart. axis [1,0,0]   

 cryst.   s( 8) = (    -1          0          0      )
                  (    -1          1          0      )
                  (    -1          0          1      )

 cart.    s( 8) = ( -1.0000000  0.0000000  0.0000000 )
                  (  0.0000000  1.0000000  0.0000000 )
                  (  0.0000000  0.0000000  1.0000000 )


      isym =  9     inv. 120 deg rotation - cryst. axis [0,0,1]  

 cryst.   s( 9) = (     1         -1          0      )
                  (     1          0          0      )
                  (     1          0         -1      )

 cart.    s( 9) = (  0.5000000  0.8660254  0.0000000 )
                  ( -0.8660254  0.5000000  0.0000000 )
                  (  0.0000000  0.0000000 -1.0000000 )


      isym = 10     inv. 120 deg rotation - cryst. axis [0,0,-1] 

 cryst.   s(10) = (     0          1          0      )
                  (    -1          1          0      )
                  (     0          1         -1      )

 cart.    s(10) = (  0.5000000 -0.8660254 -0.0000000 )
                  (  0.8660254  0.5000000  0.0000000 )
                  (  0.0000000  0.0000000 -1.0000000 )


      isym = 11     inv. 180 deg rotation - cryst. axis [0,1,0]  

 cryst.   s(11) = (     0          1          0      )
                  (     1          0          0      )
                  (     0          0          1      )

 cart.    s(11) = (  0.5000000  0.8660254  0.0000000 )
                  (  0.8660254 -0.5000000 -0.0000000 )
                  (  0.0000000  0.0000000  1.0000000 )


      isym = 12     inv. 180 deg rotation - cryst. axis [1,1,0]  

 cryst.   s(12) = (     1         -1          0      )
                  (     0         -1          0      )
                  (     0         -1          1      )

 cart.    s(12) = (  0.5000000 -0.8660254 -0.0000000 )
                  ( -0.8660254 -0.5000000 -0.0000000 )
                  (  0.0000000  0.0000000  1.0000000 )


   Cartesian axes

     site n.     atom                  positions (alat units)
         1           Al  tau(   1) = (   1.0000000   0.5773503   0.4082483  )
         2           Cu  tau(   2) = (   0.0000000   0.0000000   0.0000000  )
         3           Rh  tau(   3) = (   0.5000000   0.2886751   0.2041241  )
         4           Rh  tau(   4) = (   1.5000000   0.8660254   0.6123724  )

   Crystallographic axes

     site n.     atom                  positions (cryst. coord.)
         1           Al  tau(   1) = (  0.5000000  0.5000000  0.5000000  )
         2           Cu  tau(   2) = (  0.0000000  0.0000000  0.0000000  )
         3           Rh  tau(   3) = (  0.2500000  0.2500000  0.2500000  )
         4           Rh  tau(   4) = (  0.7500000  0.7500000  0.7500000  )

     number of k points=     1  Methfessel-Paxton smearing, width (Ry)=  0.0010
                       cart. coord. in units 2pi/alat
        k(    1) = (   0.0000000   0.0000000   0.0000000), wk =   2.0000000

                       cryst. coord.
        k(    1) = (   0.0000000   0.0000000   0.0000000), wk =   2.0000000

     Dense  grid:    11330 G-vectors     FFT dimensions: (  40,  40,  40)

     Smooth grid:     3996 G-vectors     FFT dimensions: (  27,  27,  27)

     Dynamical RAM for                 wfc:       0.26 MB

     Dynamical RAM for     wfc (w. buffer):       0.26 MB

     Dynamical RAM for           str. fact:       0.52 MB

     Dynamical RAM for           local pot:       0.00 MB

     Dynamical RAM for          nlocal pot:       0.55 MB

     Dynamical RAM for                qrad:       3.73 MB

     Dynamical RAM for          rho,v,vnew:       1.98 MB

     Dynamical RAM for               rhoin:       0.66 MB

     Dynamical RAM for            rho*nmix:       2.77 MB

     Dynamical RAM for           G-vectors:       0.68 MB

     Dynamical RAM for          h,s,v(r/c):       0.11 MB

     Dynamical RAM for          <psi|beta>:       0.02 MB

     Dynamical RAM for                 psi:       0.52 MB

     Dynamical RAM for                hpsi:       0.52 MB

     Dynamical RAM for                spsi:       0.52 MB

     Dynamical RAM for      wfcinit/wfcrot:       0.60 MB

     Dynamical RAM for           addusdens:      32.33 MB

     Dynamical RAM for          addusforce:      32.42 MB

     Dynamical RAM for         addusstress:      34.75 MB

     Estimated static dynamical RAM per process >      11.52 MB

     Estimated max dynamical RAM per process >      49.03 MB

     Initial potential from superposition of free atoms

     starting charge      54.9968, renormalised to      56.0000
     Starting wfcs are   37 randomized atomic wfcs
     Checking if some PAW data can be deallocated... 

     total cpu time spent up to now is        4.1 secs

     Self-consistent Calculation

     iteration #  1     ecut=    30.00 Ry     beta= 0.70
     Davidson diagonalization with overlap

---- Real-time Memory Report at c_bands before calling an iterative solver
           322 MiB given to the printing process from OS
             0 MiB allocation reported by mallinfo(arena+hblkhd)
        171121 MiB available memory on the node where the printing process lives
------------------
     ethr =  1.00E-02,  avg # of iterations =  2.0

     Threshold (ethr) on eigenvalues was too large:
     Diagonalizing with lowered threshold

     Davidson diagonalization with overlap

---- Real-time Memory Report at c_bands before calling an iterative solver
           445 MiB given to the printing process from OS
             0 MiB allocation reported by mallinfo(arena+hblkhd)
        170999 MiB available memory on the node where the printing process lives
------------------
     ethr =  8.54E-04,  avg # of iterations =  2.0

     total cpu time spent up to now is        6.0 secs

     total energy              =    -876.69570772 Ry
     estimated scf accuracy    <       0.38351311 Ry

     iteration #  2     ecut=    30.00 Ry     beta= 0.70
     Davidson diagonalization with overlap

---- Real-time Memory Report at c_bands before calling an iterative solver
           451 MiB given to the printing process from OS
             0 MiB allocation reported by mallinfo(arena+hblkhd)
        170993 MiB available memory on the node where the printing process lives
------------------
     ethr =  6.85E-04,  avg # of iterations =  6.0

     total cpu time spent up to now is        7.4 secs

     total energy              =    -876.66515796 Ry
     estimated scf accuracy    <       0.63912632 Ry

     iteration #  3     ecut=    30.00 Ry     beta= 0.70
     Davidson diagonalization with overlap

---- Real-time Memory Report at c_bands before calling an iterative solver
           452 MiB given to the printing process from OS
             0 MiB allocation reported by mallinfo(arena+hblkhd)
        170993 MiB available memory on the node where the printing process lives
------------------
     ethr =  6.85E-04,  avg # of iterations =  6.0

     total cpu time spent up to now is        8.3 secs

     total energy              =    -876.79467468 Ry
     estimated scf accuracy    <       0.21186133 Ry

     iteration #  4     ecut=    30.00 Ry     beta= 0.70
     Davidson diagonalization with overlap

---- Real-time Memory Report at c_bands before calling an iterative solver
           452 MiB given to the printing process from OS
             0 MiB allocation reported by mallinfo(arena+hblkhd)
        170993 MiB available memory on the node where the printing process lives
------------------
     ethr =  3.78E-04,  avg # of iterations =  2.0

     total cpu time spent up to now is        9.2 secs

     total energy              =    -876.83058800 Ry
     estimated scf accuracy    <       0.00742580 Ry

     iteration #  5     ecut=    30.00 Ry     beta= 0.70
     Davidson diagonalization with overlap

---- Real-time Memory Report at c_bands before calling an iterative solver
           452 MiB given to the printing process from OS
             0 MiB allocation reported by mallinfo(arena+hblkhd)
        170993 MiB available memory on the node where the printing process lives
------------------
     ethr =  1.33E-05,  avg # of iterations =  2.0

     total cpu time spent up to now is       10.1 secs

     total energy              =    -876.83200999 Ry
     estimated scf accuracy    <       0.00014413 Ry

     iteration #  6     ecut=    30.00 Ry     beta= 0.70
     Davidson diagonalization with overlap

---- Real-time Memory Report at c_bands before calling an iterative solver
           452 MiB given to the printing process from OS
             0 MiB allocation reported by mallinfo(arena+hblkhd)
        170993 MiB available memory on the node where the printing process lives
------------------
     ethr =  2.57E-07,  avg # of iterations =  4.0

     total cpu time spent up to now is       11.1 secs

     total energy              =    -876.83204343 Ry
     estimated scf accuracy    <       0.00003338 Ry

     iteration #  7     ecut=    30.00 Ry     beta= 0.70
     Davidson diagonalization with overlap

---- Real-time Memory Report at c_bands before calling an iterative solver
           452 MiB given to the printing process from OS
             0 MiB allocation reported by mallinfo(arena+hblkhd)
        170993 MiB available memory on the node where the printing process lives
------------------
     ethr =  5.96E-08,  avg # of iterations =  3.0

     total cpu time spent up to now is       12.0 secs

     total energy              =    -876.83204653 Ry
     estimated scf accuracy    <       0.00004611 Ry

     iteration #  8     ecut=    30.00 Ry     beta= 0.70
     Davidson diagonalization with overlap

---- Real-time Memory Report at c_bands before calling an iterative solver
           452 MiB given to the printing process from OS
             0 MiB allocation reported by mallinfo(arena+hblkhd)
        170993 MiB available memory on the node where the printing process lives
------------------
     ethr =  5.96E-08,  avg # of iterations =  3.0

     total cpu time spent up to now is       12.8 secs

     End of self-consistent calculation

          k = 0.0000 0.0000 0.0000 (   483 PWs)   bands (ev):

   -95.2409 -57.8633 -57.8320 -52.6297 -52.6296 -52.6296 -25.9481 -25.9481
   -25.9480 -25.8282 -25.8282 -25.8281   8.3877  13.6087  13.6087  13.9236
    13.9236  13.9237  14.3480  14.3482  14.3482  16.5225  16.5225  18.7428
    18.7429  18.7430  20.0538  20.0538  21.1434  23.5606  23.5606  23.5606
    24.3321  24.3322

     occupation numbers 
     1.0000   1.0000   1.0000   1.0000   1.0000   1.0000   1.0000   1.0000
     1.0000   1.0000   1.0000   1.0000   1.0000   1.0000   1.0000   1.0000
     1.0000   1.0000   1.0000   1.0000   1.0000   1.0000   1.0000   1.0000
     1.0000   1.0000   1.0000   1.0000  -0.0000  -0.0000  -0.0000  -0.0000
    -0.0000  -0.0000

     the Fermi energy is    20.7231 ev

!    total energy              =    -876.83205407 Ry
     estimated scf accuracy    <       0.00000069 Ry
     smearing contrib. (-TS)   =       0.00000000 Ry
     internal energy E=F+TS    =    -876.83205407 Ry

     The total energy is F=E-TS. E is the sum of the following terms:
     one-electron contribution =    -468.27990521 Ry
     hartree contribution      =     269.64786719 Ry
     xc contribution           =     -86.32287240 Ry
     ewald contribution        =    -557.22923606 Ry
     one-center paw contrib.   =     -34.64790759 Ry
      -> PAW hartree energy AE =       1.37402118 Ry
      -> PAW hartree energy PS =      -1.37064054 Ry
      -> PAW xc energy AE      =     -36.54195688 Ry
      -> PAW xc energy PS      =       1.89066866 Ry
      -> total E_H with PAW    =     269.65124782 Ry
      -> total E_XC with PAW   =    -120.97416062 Ry

     convergence has been achieved in   8 iterations

     Forces acting on atoms (cartesian axes, Ry/au):

     atom    1 type  1   force =     0.00000000    0.00000000    0.00000000
     atom    2 type  2   force =     0.00000000   -0.00000000    0.00000000
     atom    3 type  3   force =     0.00000000   -0.00000000   -0.00007003
     atom    4 type  3   force =     0.00000000    0.00000000    0.00007003
     The non-local contrib.  to forces
     atom    1 type  1   force =    -0.00000000    0.00000000   -0.00000000
     atom    2 type  2   force =     0.00000000    0.00000000   -0.00000000
     atom    3 type  3   force =     0.00000000   -0.00000000   -0.00018469
     atom    4 type  3   force =     0.00000000    0.00000000    0.00018469
     The ionic contribution  to forces
     atom    1 type  1   force =     0.00000000    0.00000000   -0.00000000
     atom    2 type  2   force =    -0.00000000    0.00000000   -0.00000000
     atom    3 type  3   force =    -0.00000000   -0.00000000   -0.00000000
     atom    4 type  3   force =    -0.00000000   -0.00000000    0.00000000
     The local contribution  to forces
     atom    1 type  1   force =     0.00003435    0.00002506   -0.00002518
     atom    2 type  2   force =     0.00007268    0.00020040   -0.00008922
     atom    3 type  3   force =    -0.00241234   -0.00213193   -0.00101472
     atom    4 type  3   force =     0.00212843    0.00143288    0.00157779
     The core correction contribution to forces
     atom    1 type  1   force =     0.00000232    0.00000142   -0.00000146
     atom    2 type  2   force =    -0.00000013   -0.00000009    0.00000000
     atom    3 type  3   force =     0.00000000    0.00000000    0.00000000
     atom    4 type  3   force =     0.00000000    0.00000000    0.00000000
     The Hubbard contrib.    to forces
     atom    1 type  1   force =     0.00000000    0.00000000    0.00000000
     atom    2 type  2   force =     0.00000000    0.00000000    0.00000000
     atom    3 type  3   force =     0.00000000    0.00000000    0.00000000
     atom    4 type  3   force =     0.00000000    0.00000000    0.00000000
     The SCF correction term to forces
     atom    1 type  1   force =    -0.00000555   -0.00000725    0.00001109
     atom    2 type  2   force =     0.00005908   -0.00038269    0.00021673
     atom    3 type  3   force =     0.00258873    0.00229141    0.00109166
     atom    4 type  3   force =    -0.00233745   -0.00158302   -0.00173016

     Total force =     0.000099     Total SCF correction =     0.004930
     SCF correction compared to forces is large: reduce conv_thr to get better values


     Computing stress (Cartesian axis) and pressure

          total   stress  (Ry/bohr**3)                   (kbar)     P=     -212.99
  -0.00144772  -0.00000000  -0.00000000         -212.97       -0.00       -0.00
   0.00000000  -0.00144772  -0.00000000            0.00     -212.97       -0.00
   0.00000000  -0.00000000  -0.00144822            0.00       -0.00     -213.04

     kinetic stress (kbar)  50809.06     -0.00     -0.00
                               -0.00  50809.06      0.00
                               -0.00      0.00  50809.03

     local   stress (kbar) -14393.57     -0.68     -0.47
                               -0.68 -14392.50     -0.38
                               -0.47     -0.38 -14392.23

     nonloc. stress (kbar)  13437.42     -0.00      0.00
                               -0.00  13437.42      0.00
                                0.00      0.00  13437.38

     hartree stress (kbar)  36593.44      0.66      0.47
                                0.66  36592.37      0.37
                                0.47      0.37  36592.09

     exc-cor stress (kbar) -10500.96      0.00      0.00
                                0.00 -10500.97      0.00
                                0.00      0.00 -10500.97

     corecor stress (kbar)   -539.41      0.00      0.00
                                0.00   -539.41      0.00
                                0.00      0.00   -539.42

     ewald   stress (kbar) -75618.94      0.00     -0.00
                                0.00 -75618.94     -0.00
                               -0.00     -0.00 -75618.94

     hubbard stress (kbar)      0.00      0.00      0.00
                                0.00      0.00      0.00
                                0.00      0.00      0.00

     DFT-D   stress (kbar)      0.00      0.00      0.00
                                0.00      0.00      0.00
                                0.00      0.00      0.00

     XDM     stress (kbar)      0.00      0.00      0.00
                                0.00      0.00      0.00
                                0.00      0.00      0.00

     dft-nl  stress (kbar)      0.00      0.00      0.00
                                0.00      0.00      0.00
                                0.00      0.00      0.00

     TS-vdW  stress (kbar)      0.00      0.00      0.00
                                0.00      0.00      0.00
                                0.00      0.00      0.00


                                0.00      0.00      0.00
                                0.00      0.00      0.00


                                0.00      0.00      0.00


     Writing all to output data dir new_calculations/myprefix.save/
 
     init_run     :     97.82s CPU      3.84s WALL (       1 calls)
     electrons    :    262.57s CPU      8.80s WALL (       1 calls)
     forces       :      0.86s CPU      0.03s WALL (       1 calls)
     stress       :      2.37s CPU      0.07s WALL (       1 calls)

     Called by init_run:
     wfcinit      :     33.36s CPU      1.15s WALL (       1 calls)
     wfcinit:atom :      0.01s CPU      0.00s WALL (       1 calls)
     wfcinit:wfcr :     33.29s CPU      1.15s WALL (       1 calls)
     potinit      :     22.27s CPU      0.78s WALL (       1 calls)
     hinit0       :     38.52s CPU      1.76s WALL (       1 calls)

     Called by electrons:
     c_bands      :    176.10s CPU      5.89s WALL (       9 calls)
     sum_band     :     55.83s CPU      1.87s WALL (       9 calls)
     v_of_rho     :      2.16s CPU      0.07s WALL (       9 calls)
     v_h          :      0.19s CPU      0.01s WALL (       9 calls)
     v_xc         :      2.25s CPU      0.08s WALL (      11 calls)
     newd         :     13.35s CPU      0.45s WALL (       9 calls)
     PAW_pot      :     16.48s CPU      0.57s WALL (       9 calls)
     mix_rho      :      0.48s CPU      0.02s WALL (       9 calls)

     Called by c_bands:
     init_us_2    :      0.15s CPU      0.01s WALL (      19 calls)
     init_us_2:cp :      0.13s CPU      0.00s WALL (      19 calls)
     regterg      :    175.58s CPU      5.87s WALL (       9 calls)

     Called by sum_band:
     sum_band:wei :      0.01s CPU      0.00s WALL (       9 calls)
     sum_band:loo :     36.14s CPU      1.21s WALL (       9 calls)
     sum_band:buf :      0.01s CPU      0.00s WALL (       9 calls)
     sum_band:ini :      0.08s CPU      0.00s WALL (       9 calls)
     sum_band:cal :      0.07s CPU      0.00s WALL (       9 calls)
     sum_band:bec :      0.05s CPU      0.00s WALL (       9 calls)
     addusdens    :     19.11s CPU      0.64s WALL (       9 calls)
     addusd:skk   :      0.05s CPU      0.00s WALL (      18 calls)
     addusd:dgemm :      0.71s CPU      0.02s WALL (      18 calls)
     addusd:qvan2 :     18.14s CPU      0.61s WALL (      18 calls)

     Called by *egterg:
     rdiaghg      :      1.95s CPU      0.07s WALL (      38 calls)
     regterg:over :      1.13s CPU      0.04s WALL (      30 calls)
     regterg:upda :      0.17s CPU      0.01s WALL (      30 calls)
     regterg:last :      0.22s CPU      0.01s WALL (      19 calls)
     h_psi        :    204.58s CPU      6.87s WALL (      40 calls)
     s_psi        :      0.12s CPU      0.00s WALL (      40 calls)
     g_psi        :      0.08s CPU      0.00s WALL (      30 calls)

     Called by h_psi:
     h_psi:calbec :      0.73s CPU      0.03s WALL (      40 calls)
     vloc_psi     :    203.41s CPU      6.83s WALL (      40 calls)
     add_vuspsi   :      0.18s CPU      0.01s WALL (      40 calls)

     General routines
     calbec       :      0.73s CPU      0.03s WALL (      54 calls)
     fft          :     28.61s CPU      1.07s WALL (     118 calls)
     ffts         :     19.91s CPU      0.70s WALL (      18 calls)
     fftw         :    236.21s CPU      7.92s WALL (     967 calls)
     interpolate  :     20.02s CPU      0.70s WALL (       9 calls)
 
     Parallel routines

     PAW routines
     PAW_pot      :     16.48s CPU      0.57s WALL (       9 calls)
     PAW_symme    :      0.07s CPU      0.00s WALL (      18 calls)
 
     PWSCF        :   6m 5.73s CPU     13.03s WALL

 
   This run was terminated on:  22:32:33  20May2023            

=------------------------------------------------------------------------------=
   JOB DONE.
=------------------------------------------------------------------------------=
