
     Program PWSCF v.7.0 starts on 21May2023 at  6:39:56 

     This program is part of the open-source Quantum ESPRESSO suite
     for quantum simulation of materials; please cite
         "P. Giannozzi et al., J. Phys.:Condens. Matter 21 395502 (2009);
         "P. Giannozzi et al., J. Phys.:Condens. Matter 29 465901 (2017);
         "P. Giannozzi et al., J. Chem. Phys. 152 154105 (2020);
          URL http://www.quantum-espresso.org", 
     in publications or presentations arising from this work. More details at
     http://www.quantum-espresso.org/quote

     Parallel version (MPI & OpenMP), running on      32 processor cores
     Number of MPI processes:                 1
     Threads/MPI process:                    32

     MPI processes distributed on     1 nodes
     78578 MiB available memory on the printing compute node when the environment starts
 
     Reading input from espresso_21658.pwi
Warning: card &CELL ignored
Warning: card / ignored

     Current dimensions of program PWSCF are:
     Max number of different atomic species (ntypx) = 10
     Max number of k-points (npk) =  40000
     Max angular momentum in pseudopotentials (lmaxx) =  4

     gamma-point specific algorithms are used
     Message from routine setup:
     using ibrav=0 with symmetry is DISCOURAGED, use correct ibrav instead

     Subspace diagonalization in iterative solution of the eigenvalue problem:
     a serial algorithm will be used

 
     G-vector sticks info
     --------------------
     sticks:   dense  smooth     PW     G-vecs:    dense   smooth      PW
     Sum        1903     955    241                54769    19339    2421
 
     Using Slab Decomposition
 


     bravais-lattice index     =            0
     lattice parameter (alat)  =      10.7189  a.u.
     unit-cell volume          =     870.8252 (a.u.)^3
     number of atoms/cell      =            4
     number of atomic types    =            3
     number of electrons       =        54.00
     number of Kohn-Sham states=           32
     kinetic-energy cutoff     =      30.0000  Ry
     charge density cutoff     =     240.0000  Ry
     scf convergence threshold =      1.0E-06
     mixing beta               =       0.7000
     number of iterations used =            8  plain     mixing
     Exchange-correlation= PBE
                           (   1   4   3   4   0   0   0)

     celldm(1)=  10.718862  celldm(2)=   0.000000  celldm(3)=   0.000000
     celldm(4)=   0.000000  celldm(5)=   0.000000  celldm(6)=   0.000000

     crystal axes: (cart. coord. in units of alat)
               a(1) = (   1.000000   0.000000   0.000000 )  
               a(2) = (   0.500000   0.866025   0.000000 )  
               a(3) = (   0.500000   0.288675   0.816497 )  

     reciprocal axes: (cart. coord. in units 2 pi/alat)
               b(1) = (  1.000000 -0.577350 -0.408248 )  
               b(2) = (  0.000000  1.154701 -0.408248 )  
               b(3) = (  0.000000  0.000000  1.224745 )  


     PseudoPot. # 1 for Sr read from file:
     /home/pragov/projects/rrg-bengioy-ad/pragov/crystal_structure_design/SSSP/Sr_pbe_v1.uspp.F.UPF
     MD5 check sum: 6b418c05fbe9db5448babca5e47b7a5b
     Pseudo is Ultrasoft + core correction, Zval = 10.0
     Generated by new atomic code, or converted to UPF format
     Using radial grid of  883 points,  6 beta functions with: 
                l(1) =   0
                l(2) =   0
                l(3) =   1
                l(4) =   1
                l(5) =   2
                l(6) =   2
     Q(r) pseudized with  6 coefficients,  rinner =    1.400   1.400   1.400
                                                       1.400   1.400

     PseudoPot. # 2 for Bi read from file:
     /home/pragov/projects/rrg-bengioy-ad/pragov/crystal_structure_design/SSSP/Bi_pbe_v1.uspp.F.UPF
     MD5 check sum: cceb9f28ec65b6d7ff33140f5b0b1758
     Pseudo is Ultrasoft + core correction, Zval = 15.0
     Generated by new atomic code, or converted to UPF format
     Using radial grid of  899 points,  6 beta functions with: 
                l(1) =   0
                l(2) =   0
                l(3) =   1
                l(4) =   1
                l(5) =   2
                l(6) =   2
     Q(r) pseudized with  6 coefficients,  rinner =    1.000   1.000   1.000
                                                       1.000   1.000

     PseudoPot. # 3 for Au read from file:
     /home/pragov/projects/rrg-bengioy-ad/pragov/crystal_structure_design/SSSP/Au_ONCV_PBE-1.0.oncvpsp.upf
     MD5 check sum: d14007822ba0e19f0206237467fc06c2
     Pseudo is Norm-conserving, Zval = 19.0
     Generated using ONCVPSP code by D. R. Hamann
     Using radial grid of 1278 points,  8 beta functions with: 
                l(1) =   0
                l(2) =   0
                l(3) =   1
                l(4) =   1
                l(5) =   2
                l(6) =   2
                l(7) =   3
                l(8) =   3

     atomic species   valence    mass     pseudopotential
        Sr            10.00    87.62000     Sr( 1.00)
        Bi            15.00   208.98040     Bi( 1.00)
        Au            19.00   196.96657     Au( 1.00)

     12 Sym. Ops., with inversion, found


                                    s                        frac. trans.

      isym =  1     identity                                     

 cryst.   s( 1) = (     1          0          0      )
                  (     0          1          0      )
                  (     0          0          1      )

 cart.    s( 1) = (  1.0000000  0.0000000  0.0000000 )
                  (  0.0000000  1.0000000 -0.0000000 )
                  (  0.0000000  0.0000000  1.0000000 )


      isym =  2     180 deg rotation - cart. axis [1,0,0]        

 cryst.   s( 2) = (     1          0          0      )
                  (     1         -1          0      )
                  (     1          0         -1      )

 cart.    s( 2) = (  1.0000000  0.0000000 -0.0000000 )
                  (  0.0000000 -1.0000000  0.0000000 )
                  (  0.0000000  0.0000000 -1.0000000 )


      isym =  3     120 deg rotation - cryst. axis [0,0,1]       

 cryst.   s( 3) = (    -1          1          0      )
                  (    -1          0          0      )
                  (    -1          0          1      )

 cart.    s( 3) = ( -0.5000000 -0.8660254  0.0000000 )
                  (  0.8660254 -0.5000000  0.0000000 )
                  (  0.0000000  0.0000000  1.0000000 )


      isym =  4     120 deg rotation - cryst. axis [0,0,-1]      

 cryst.   s( 4) = (     0         -1          0      )
                  (     1         -1          0      )
                  (     0         -1          1      )

 cart.    s( 4) = ( -0.5000000  0.8660254 -0.0000000 )
                  ( -0.8660254 -0.5000000  0.0000000 )
                  (  0.0000000  0.0000000  1.0000000 )


      isym =  5     180 deg rotation - cryst. axis [0,1,0]       

 cryst.   s( 5) = (     0         -1          0      )
                  (    -1          0          0      )
                  (     0          0         -1      )

 cart.    s( 5) = ( -0.5000000 -0.8660254  0.0000000 )
                  ( -0.8660254  0.5000000 -0.0000000 )
                  (  0.0000000  0.0000000 -1.0000000 )


      isym =  6     180 deg rotation - cryst. axis [1,1,0]       

 cryst.   s( 6) = (    -1          1          0      )
                  (     0          1          0      )
                  (     0          1         -1      )

 cart.    s( 6) = ( -0.5000000  0.8660254 -0.0000000 )
                  (  0.8660254  0.5000000 -0.0000000 )
                  (  0.0000000  0.0000000 -1.0000000 )


      isym =  7     inversion                                    

 cryst.   s( 7) = (    -1          0          0      )
                  (     0         -1          0      )
                  (     0          0         -1      )

 cart.    s( 7) = ( -1.0000000  0.0000000  0.0000000 )
                  (  0.0000000 -1.0000000  0.0000000 )
                  (  0.0000000  0.0000000 -1.0000000 )


      isym =  8     inv. 180 deg rotation - cart. axis [1,0,0]   

 cryst.   s( 8) = (    -1          0          0      )
                  (    -1          1          0      )
                  (    -1          0          1      )

 cart.    s( 8) = ( -1.0000000  0.0000000  0.0000000 )
                  (  0.0000000  1.0000000 -0.0000000 )
                  (  0.0000000  0.0000000  1.0000000 )


      isym =  9     inv. 120 deg rotation - cryst. axis [0,0,1]  

 cryst.   s( 9) = (     1         -1          0      )
                  (     1          0          0      )
                  (     1          0         -1      )

 cart.    s( 9) = (  0.5000000  0.8660254 -0.0000000 )
                  ( -0.8660254  0.5000000 -0.0000000 )
                  (  0.0000000  0.0000000 -1.0000000 )


      isym = 10     inv. 120 deg rotation - cryst. axis [0,0,-1] 

 cryst.   s(10) = (     0          1          0      )
                  (    -1          1          0      )
                  (     0          1         -1      )

 cart.    s(10) = (  0.5000000 -0.8660254  0.0000000 )
                  (  0.8660254  0.5000000 -0.0000000 )
                  (  0.0000000  0.0000000 -1.0000000 )


      isym = 11     inv. 180 deg rotation - cryst. axis [0,1,0]  

 cryst.   s(11) = (     0          1          0      )
                  (     1          0          0      )
                  (     0          0          1      )

 cart.    s(11) = (  0.5000000  0.8660254 -0.0000000 )
                  (  0.8660254 -0.5000000  0.0000000 )
                  (  0.0000000  0.0000000  1.0000000 )


      isym = 12     inv. 180 deg rotation - cryst. axis [1,1,0]  

 cryst.   s(12) = (     1         -1          0      )
                  (     0         -1          0      )
                  (     0         -1          1      )

 cart.    s(12) = (  0.5000000 -0.8660254  0.0000000 )
                  ( -0.8660254 -0.5000000  0.0000000 )
                  (  0.0000000  0.0000000  1.0000000 )


   Cartesian axes

     site n.     atom                  positions (alat units)
         1           Sr  tau(   1) = (   0.5000000   0.2886751   0.2041241  )
         2           Sr  tau(   2) = (   1.5000000   0.8660254   0.6123724  )
         3           Bi  tau(   3) = (   0.0000000   0.0000000   0.0000000  )
         4           Au  tau(   4) = (   1.0000000   0.5773503   0.4082483  )

   Crystallographic axes

     site n.     atom                  positions (cryst. coord.)
         1           Sr  tau(   1) = (  0.2500000  0.2500000  0.2500000  )
         2           Sr  tau(   2) = (  0.7500000  0.7500000  0.7500000  )
         3           Bi  tau(   3) = (  0.0000000  0.0000000  0.0000000  )
         4           Au  tau(   4) = (  0.5000000  0.5000000  0.5000000  )

     number of k points=     1  Methfessel-Paxton smearing, width (Ry)=  0.0010
                       cart. coord. in units 2pi/alat
        k(    1) = (   0.0000000   0.0000000   0.0000000), wk =   2.0000000

                       cryst. coord.
        k(    1) = (   0.0000000   0.0000000   0.0000000), wk =   2.0000000

     Dense  grid:    27385 G-vectors     FFT dimensions: (  54,  54,  54)

     Smooth grid:     9670 G-vectors     FFT dimensions: (  40,  40,  40)

     Dynamical RAM for                 wfc:       0.59 MB

     Dynamical RAM for     wfc (w. buffer):       0.59 MB

     Dynamical RAM for           str. fact:       1.25 MB

     Dynamical RAM for           local pot:       0.00 MB

     Dynamical RAM for          nlocal pot:       1.59 MB

     Dynamical RAM for                qrad:       8.96 MB

     Dynamical RAM for          rho,v,vnew:       4.86 MB

     Dynamical RAM for               rhoin:       1.62 MB

     Dynamical RAM for            rho*nmix:       6.69 MB

     Dynamical RAM for           G-vectors:       1.64 MB

     Dynamical RAM for          h,s,v(r/c):       0.09 MB

     Dynamical RAM for          <psi|beta>:       0.02 MB

     Dynamical RAM for                 psi:       1.18 MB

     Dynamical RAM for                hpsi:       1.18 MB

     Dynamical RAM for                spsi:       1.18 MB

     Dynamical RAM for      wfcinit/wfcrot:       1.71 MB

     Dynamical RAM for           addusdens:      83.57 MB

     Dynamical RAM for          addusforce:      84.62 MB

     Dynamical RAM for         addusstress:      94.02 MB

     Estimated static dynamical RAM per process >      28.18 MB

     Estimated max dynamical RAM per process >     128.89 MB

     Check: negative core charge=   -0.000004

     Initial potential from superposition of free atoms

     starting charge      52.9326, renormalised to      54.0000

     negative rho (up, down):  1.678E-01 0.000E+00
     Starting wfcs are   45 randomized atomic wfcs

     total cpu time spent up to now is        6.8 secs

     Self-consistent Calculation

     iteration #  1     ecut=    30.00 Ry     beta= 0.70
     Davidson diagonalization with overlap

---- Real-time Memory Report at c_bands before calling an iterative solver
           345 MiB given to the printing process from OS
             0 MiB allocation reported by mallinfo(arena+hblkhd)
         78454 MiB available memory on the node where the printing process lives
------------------
     ethr =  1.00E-02,  avg # of iterations =  4.0

     negative rho (up, down):  1.665E-01 0.000E+00

     total cpu time spent up to now is        7.3 secs

     total energy              =    -599.99647129 Ry
     estimated scf accuracy    <       0.98896639 Ry

     iteration #  2     ecut=    30.00 Ry     beta= 0.70
     Davidson diagonalization with overlap

---- Real-time Memory Report at c_bands before calling an iterative solver
           395 MiB given to the printing process from OS
             0 MiB allocation reported by mallinfo(arena+hblkhd)
         78417 MiB available memory on the node where the printing process lives
------------------
     ethr =  1.83E-03,  avg # of iterations =  3.0

     negative rho (up, down):  1.660E-01 0.000E+00

     total cpu time spent up to now is        9.7 secs

     total energy              =    -600.18060860 Ry
     estimated scf accuracy    <       1.75372090 Ry

     iteration #  3     ecut=    30.00 Ry     beta= 0.70
     Davidson diagonalization with overlap

---- Real-time Memory Report at c_bands before calling an iterative solver
           403 MiB given to the printing process from OS
             0 MiB allocation reported by mallinfo(arena+hblkhd)
         78408 MiB available memory on the node where the printing process lives
------------------
     ethr =  1.83E-03,  avg # of iterations =  2.0

     negative rho (up, down):  1.685E-01 0.000E+00

     total cpu time spent up to now is       10.1 secs

     total energy              =    -600.50138852 Ry
     estimated scf accuracy    <       0.01621568 Ry

     iteration #  4     ecut=    30.00 Ry     beta= 0.70
     Davidson diagonalization with overlap

---- Real-time Memory Report at c_bands before calling an iterative solver
           404 MiB given to the printing process from OS
             0 MiB allocation reported by mallinfo(arena+hblkhd)
         78407 MiB available memory on the node where the printing process lives
------------------
     ethr =  3.00E-05,  avg # of iterations =  4.0

     negative rho (up, down):  1.688E-01 0.000E+00

     total cpu time spent up to now is       10.6 secs

     total energy              =    -600.50851648 Ry
     estimated scf accuracy    <       0.00784107 Ry

     iteration #  5     ecut=    30.00 Ry     beta= 0.70
     Davidson diagonalization with overlap

---- Real-time Memory Report at c_bands before calling an iterative solver
           404 MiB given to the printing process from OS
             0 MiB allocation reported by mallinfo(arena+hblkhd)
         78409 MiB available memory on the node where the printing process lives
------------------
     ethr =  1.45E-05,  avg # of iterations =  2.0

     negative rho (up, down):  1.691E-01 0.000E+00

     total cpu time spent up to now is       10.9 secs

     total energy              =    -600.50999966 Ry
     estimated scf accuracy    <       0.00026489 Ry

     iteration #  6     ecut=    30.00 Ry     beta= 0.70
     Davidson diagonalization with overlap

---- Real-time Memory Report at c_bands before calling an iterative solver
           404 MiB given to the printing process from OS
             0 MiB allocation reported by mallinfo(arena+hblkhd)
         78409 MiB available memory on the node where the printing process lives
------------------
     ethr =  4.91E-07,  avg # of iterations =  4.0

     negative rho (up, down):  1.690E-01 0.000E+00

     total cpu time spent up to now is       11.3 secs

     total energy              =    -600.51006985 Ry
     estimated scf accuracy    <       0.00013295 Ry

     iteration #  7     ecut=    30.00 Ry     beta= 0.70
     Davidson diagonalization with overlap

---- Real-time Memory Report at c_bands before calling an iterative solver
           404 MiB given to the printing process from OS
             0 MiB allocation reported by mallinfo(arena+hblkhd)
         78408 MiB available memory on the node where the printing process lives
------------------
     ethr =  2.46E-07,  avg # of iterations =  2.0

     negative rho (up, down):  1.690E-01 0.000E+00

     total cpu time spent up to now is       11.7 secs

     total energy              =    -600.51010269 Ry
     estimated scf accuracy    <       0.00000377 Ry

     iteration #  8     ecut=    30.00 Ry     beta= 0.70
     Davidson diagonalization with overlap

---- Real-time Memory Report at c_bands before calling an iterative solver
           404 MiB given to the printing process from OS
             0 MiB allocation reported by mallinfo(arena+hblkhd)
         78408 MiB available memory on the node where the printing process lives
------------------
     ethr =  6.98E-09,  avg # of iterations =  3.0

     negative rho (up, down):  1.690E-01 0.000E+00

     total cpu time spent up to now is       12.1 secs

     End of self-consistent calculation

          k = 0.0000 0.0000 0.0000 (  1211 PWs)   bands (ev):

   -96.5632 -47.5468 -47.5468 -47.5468 -25.9091 -25.8758 -11.9976 -11.9976
   -11.9975 -11.9546 -11.9545  -7.9768  -7.9768  -7.9767  -7.8377  -7.8377
    -7.8377  -0.4343   5.9079   5.9079   5.9160   5.9160   5.9160   6.3110
     7.9709   7.9709   7.9710  11.6235  11.6235  12.9639  12.9639  12.9639

     occupation numbers 
     1.0000   1.0000   1.0000   1.0000   1.0000   1.0000   1.0000   1.0000
     1.0000   1.0000   1.0000   1.0000   1.0000   1.0000   1.0000   1.0000
     1.0000   1.0000   1.0000   1.0000   1.0000   1.0000   1.0000   1.0000
     1.0000   1.0000   1.0000  -0.0000  -0.0000  -0.0000  -0.0000  -0.0000

     the Fermi energy is     9.6687 ev

!    total energy              =    -600.51010287 Ry
     estimated scf accuracy    <       0.00000094 Ry
     smearing contrib. (-TS)   =       0.00000000 Ry
     internal energy E=F+TS    =    -600.51010287 Ry

     The total energy is F=E-TS. E is the sum of the following terms:
     one-electron contribution =    -251.65103879 Ry
     hartree contribution      =     142.59171370 Ry
     xc contribution           =    -126.41900293 Ry
     ewald contribution        =    -365.03177485 Ry

     convergence has been achieved in   8 iterations

     negative rho (up, down):  1.690E-01 0.000E+00

     Forces acting on atoms (cartesian axes, Ry/au):

     atom    1 type  1   force =     0.00000000    0.00000000   -0.00000097
     atom    2 type  1   force =     0.00000000    0.00000000    0.00000097
     atom    3 type  2   force =     0.00000000    0.00000000   -0.00000000
     atom    4 type  3   force =     0.00000000    0.00000000    0.00000000
     The non-local contrib.  to forces
     atom    1 type  1   force =     0.00000000   -0.00000000    0.00000928
     atom    2 type  1   force =     0.00000000    0.00000000   -0.00000928
     atom    3 type  2   force =     0.00000000    0.00000000   -0.00000000
     atom    4 type  3   force =     0.00000000    0.00000000   -0.00000000
     The ionic contribution  to forces
     atom    1 type  1   force =     0.00000000    0.00000000   -0.00000000
     atom    2 type  1   force =     0.00000000   -0.00000000   -0.00000000
     atom    3 type  2   force =    -0.00000000    0.00000000    0.00000000
     atom    4 type  3   force =     0.00000000   -0.00000000    0.00000000
     The local contribution  to forces
     atom    1 type  1   force =    -0.00005146    0.00003705   -0.00000384
     atom    2 type  1   force =    -0.00005150    0.00005419    0.00009347
     atom    3 type  2   force =    -0.00014551    0.00018114   -0.00001858
     atom    4 type  3   force =     0.00054227   -0.00086313   -0.00024110
     The core correction contribution to forces
     atom    1 type  1   force =     0.00000121   -0.00000306   -0.00000173
     atom    2 type  1   force =    -0.00000283    0.00000471    0.00000231
     atom    3 type  2   force =     0.00000002    0.00000119   -0.00000067
     atom    4 type  3   force =     0.00000000    0.00000000    0.00000000
     The Hubbard contrib.    to forces
     atom    1 type  1   force =     0.00000000    0.00000000    0.00000000
     atom    2 type  1   force =     0.00000000    0.00000000    0.00000000
     atom    3 type  2   force =     0.00000000    0.00000000    0.00000000
     atom    4 type  3   force =     0.00000000    0.00000000    0.00000000
     The SCF correction term to forces
     atom    1 type  1   force =     0.00003241   -0.00002140    0.00000140
     atom    2 type  1   force =     0.00003582   -0.00004699   -0.00007944
     atom    3 type  2   force =     0.00019686   -0.00019180    0.00005231
     atom    4 type  3   force =    -0.00060491    0.00097123    0.00028921

     Total force =     0.000001     Total SCF correction =     0.001218
     SCF correction compared to forces is large: reduce conv_thr to get better values


     Computing stress (Cartesian axis) and pressure


     negative rho (up, down):  1.690E-01 0.000E+00
          total   stress  (Ry/bohr**3)                   (kbar)     P=     -218.30
  -0.00148404  -0.00000000   0.00000000         -218.31       -0.00        0.00
   0.00000000  -0.00148404   0.00000000            0.00     -218.31        0.00
   0.00000000   0.00000000  -0.00148387            0.00        0.00     -218.28

     kinetic stress (kbar)  15566.80     -0.00     -0.00
                                0.00  15566.80     -0.00
                                0.00     -0.00  15566.78

     local   stress (kbar)  -8391.51      0.01     -0.00
                                0.01  -8391.50     -0.00
                               -0.00     -0.00  -8391.50

     nonloc. stress (kbar)   9518.43      0.00      0.00
                                0.00   9518.43     -0.00
                                0.00     -0.00   9518.46

     hartree stress (kbar)   8029.15     -0.00     -0.00
                               -0.00   8029.15      0.00
                               -0.00      0.00   8029.15

     exc-cor stress (kbar)   7061.61     -0.00     -0.00
                               -0.00   7061.61     -0.00
                               -0.00     -0.00   7061.61

     corecor stress (kbar) -11448.33      0.00      0.00
                                0.00 -11448.33      0.00
                                0.00      0.00 -11448.33

     ewald   stress (kbar) -20554.46     -0.00     -0.00
                               -0.00 -20554.46     -0.00
                               -0.00     -0.00 -20554.46

     hubbard stress (kbar)      0.00      0.00      0.00
                                0.00      0.00      0.00
                                0.00      0.00      0.00

     DFT-D   stress (kbar)      0.00      0.00      0.00
                                0.00      0.00      0.00
                                0.00      0.00      0.00

     XDM     stress (kbar)      0.00      0.00      0.00
                                0.00      0.00      0.00
                                0.00      0.00      0.00

     dft-nl  stress (kbar)      0.00      0.00      0.00
                                0.00      0.00      0.00
                                0.00      0.00      0.00

     TS-vdW  stress (kbar)      0.00      0.00      0.00
                                0.00      0.00      0.00
                                0.00      0.00      0.00


                                0.00      0.00      0.00
                                0.00      0.00      0.00


                                0.00      0.00      0.00


     Writing all to output data dir new_calculations/myprefix.save/
 
     init_run     :    180.26s CPU      6.57s WALL (       1 calls)
     electrons    :    154.13s CPU      5.36s WALL (       1 calls)
     forces       :      2.38s CPU      0.08s WALL (       1 calls)
     stress       :      7.44s CPU      0.25s WALL (       1 calls)

     Called by init_run:
     wfcinit      :     69.24s CPU      2.33s WALL (       1 calls)
     wfcinit:atom :      0.00s CPU      0.00s WALL (       1 calls)
     wfcinit:wfcr :     69.13s CPU      2.32s WALL (       1 calls)
     potinit      :     43.30s CPU      1.47s WALL (       1 calls)
     hinit0       :     65.26s CPU      2.68s WALL (       1 calls)

     Called by electrons:
     c_bands      :     97.58s CPU      3.30s WALL (       8 calls)
     sum_band     :     36.06s CPU      1.35s WALL (       8 calls)
     v_of_rho     :      4.94s CPU      0.17s WALL (       9 calls)
     v_h          :      0.33s CPU      0.01s WALL (       9 calls)
     v_xc         :      5.30s CPU      0.18s WALL (      11 calls)
     newd         :     15.66s CPU      0.55s WALL (       9 calls)
     mix_rho      :      0.94s CPU      0.03s WALL (       8 calls)

     Called by c_bands:
     init_us_2    :      0.20s CPU      0.01s WALL (      17 calls)
     init_us_2:cp :      0.18s CPU      0.01s WALL (      17 calls)
     regterg      :     96.76s CPU      3.27s WALL (       8 calls)

     Called by sum_band:
     sum_band:wei :      0.01s CPU      0.00s WALL (       8 calls)
     sum_band:loo :     19.43s CPU      0.65s WALL (       8 calls)
     sum_band:buf :      0.01s CPU      0.00s WALL (       8 calls)
     sum_band:ini :      0.09s CPU      0.00s WALL (       8 calls)
     sum_band:cal :      0.05s CPU      0.00s WALL (       8 calls)
     sum_band:bec :      0.02s CPU      0.00s WALL (       8 calls)
     addusdens    :     15.94s CPU      0.67s WALL (       8 calls)
     addusd:skk   :      0.07s CPU      0.00s WALL (      16 calls)
     addusd:dgemm :      1.92s CPU      0.18s WALL (      16 calls)
     addusd:qvan2 :     13.18s CPU      0.44s WALL (      16 calls)

     Called by *egterg:
     rdiaghg      :      1.27s CPU      0.04s WALL (      32 calls)
     regterg:over :      2.12s CPU      0.08s WALL (      24 calls)
     regterg:upda :      0.16s CPU      0.01s WALL (      24 calls)
     regterg:last :      0.34s CPU      0.01s WALL (      17 calls)
     h_psi        :    160.01s CPU      5.39s WALL (      33 calls)
     s_psi        :      0.06s CPU      0.00s WALL (      33 calls)
     g_psi        :      0.03s CPU      0.00s WALL (      24 calls)

     Called by h_psi:
     h_psi:calbec :      1.57s CPU      0.06s WALL (      33 calls)
     vloc_psi     :    158.13s CPU      5.32s WALL (      33 calls)
     add_vuspsi   :      0.12s CPU      0.00s WALL (      33 calls)

     General routines
     calbec       :      1.58s CPU      0.06s WALL (      46 calls)
     fft          :     55.63s CPU      1.94s WALL (     117 calls)
     ffts         :     42.47s CPU      1.44s WALL (      17 calls)
     fftw         :    171.87s CPU      5.78s WALL (     832 calls)
     interpolate  :     42.79s CPU      1.45s WALL (       9 calls)
 
     Parallel routines
 
     PWSCF        :   5m51.94s CPU     12.90s WALL

 
   This run was terminated on:   6:40: 9  21May2023            

=------------------------------------------------------------------------------=
   JOB DONE.
=------------------------------------------------------------------------------=
