
     Program PWSCF v.7.0 starts on 21May2023 at  3:56:32 

     This program is part of the open-source Quantum ESPRESSO suite
     for quantum simulation of materials; please cite
         "P. Giannozzi et al., J. Phys.:Condens. Matter 21 395502 (2009);
         "P. Giannozzi et al., J. Phys.:Condens. Matter 29 465901 (2017);
         "P. Giannozzi et al., J. Chem. Phys. 152 154105 (2020);
          URL http://www.quantum-espresso.org", 
     in publications or presentations arising from this work. More details at
     http://www.quantum-espresso.org/quote

     Parallel version (MPI & OpenMP), running on      32 processor cores
     Number of MPI processes:                 1
     Threads/MPI process:                    32

     MPI processes distributed on     1 nodes
     174449 MiB available memory on the printing compute node when the environment starts
 
     Reading input from espresso_8039.pwi
Warning: card &CELL ignored
Warning: card / ignored

     Current dimensions of program PWSCF are:
     Max number of different atomic species (ntypx) = 10
     Max number of k-points (npk) =  40000
     Max angular momentum in pseudopotentials (lmaxx) =  4

     gamma-point specific algorithms are used
     Message from routine setup:
     using ibrav=0 with symmetry is DISCOURAGED, use correct ibrav instead

     Subspace diagonalization in iterative solution of the eigenvalue problem:
     a serial algorithm will be used

 
     G-vector sticks info
     --------------------
     sticks:   dense  smooth     PW     G-vecs:    dense   smooth      PW
     Sum        1111     559    139                24309     8609    1067
 
     Using Slab Decomposition
 


     bravais-lattice index     =            0
     lattice parameter (alat)  =       8.1777  a.u.
     unit-cell volume          =     386.7031 (a.u.)^3
     number of atoms/cell      =            4
     number of atomic types    =            3
     number of electrons       =        48.00
     number of Kohn-Sham states=           29
     kinetic-energy cutoff     =      30.0000  Ry
     charge density cutoff     =     240.0000  Ry
     scf convergence threshold =      1.0E-06
     mixing beta               =       0.7000
     number of iterations used =            8  plain     mixing
     Exchange-correlation= SLA  PW   PBE  PBE
                           (   1   4   3   4   0   0   0)

     celldm(1)=   8.177695  celldm(2)=   0.000000  celldm(3)=   0.000000
     celldm(4)=   0.000000  celldm(5)=   0.000000  celldm(6)=   0.000000

     crystal axes: (cart. coord. in units of alat)
               a(1) = (   1.000000   0.000000   0.000000 )  
               a(2) = (   0.500000   0.866025   0.000000 )  
               a(3) = (   0.500000   0.288675   0.816497 )  

     reciprocal axes: (cart. coord. in units 2 pi/alat)
               b(1) = (  1.000000 -0.577350 -0.408248 )  
               b(2) = (  0.000000  1.154701 -0.408248 )  
               b(3) = (  0.000000  0.000000  1.224745 )  


     PseudoPot. # 1 for Si read from file:
     /home/pragov/projects/rrg-bengioy-ad/pragov/crystal_structure_design/SSSP/Si.pbe-n-rrkjus_psl.1.0.0.UPF
     MD5 check sum: 0b0bb1205258b0d07b9f9672cf965d36
     Pseudo is Ultrasoft + core correction, Zval =  4.0
     Generated using "atomic" code by A. Dal Corso  v.5.1
     Using radial grid of 1141 points,  6 beta functions with: 
                l(1) =   0
                l(2) =   0
                l(3) =   1
                l(4) =   1
                l(5) =   2
                l(6) =   2
     Q(r) pseudized with 0 coefficients 


     PseudoPot. # 2 for Tc read from file:
     /home/pragov/projects/rrg-bengioy-ad/pragov/crystal_structure_design/SSSP/Tc_ONCV_PBE-1.0.oncvpsp.upf
     MD5 check sum: 1c2b1e6c8b361b656073c0c20ed4f60a
     Pseudo is Norm-conserving, Zval = 15.0
     Generated using ONCVPSP code by D. R. Hamann
     Using radial grid of 1492 points,  6 beta functions with: 
                l(1) =   0
                l(2) =   0
                l(3) =   1
                l(4) =   1
                l(5) =   2
                l(6) =   2

     PseudoPot. # 3 for W  read from file:
     /home/pragov/projects/rrg-bengioy-ad/pragov/crystal_structure_design/SSSP/W_pbe_v1.2.uspp.F.UPF
     MD5 check sum: 9c083fa34c2a2ea0f02f1f893e16e1c8
     Pseudo is Ultrasoft + core correction, Zval = 14.0
     Generated by new atomic code, or converted to UPF format
     Using radial grid of  923 points,  8 beta functions with: 
                l(1) =   0
                l(2) =   0
                l(3) =   0
                l(4) =   1
                l(5) =   1
                l(6) =   2
                l(7) =   2
                l(8) =   3
     Q(r) pseudized with  6 coefficients,  rinner =    1.350   1.350   1.350
                                                       1.350   1.350   1.350
                                                       1.350

     atomic species   valence    mass     pseudopotential
        Si             4.00    28.08500     Si( 1.00)
        Tc            15.00    97.90721     Tc( 1.00)
        W             14.00   183.84000     W ( 1.00)

     12 Sym. Ops., with inversion, found


                                    s                        frac. trans.

      isym =  1     identity                                     

 cryst.   s( 1) = (     1          0          0      )
                  (     0          1          0      )
                  (     0          0          1      )

 cart.    s( 1) = (  1.0000000  0.0000000  0.0000000 )
                  (  0.0000000  1.0000000  0.0000000 )
                  (  0.0000000  0.0000000  1.0000000 )


      isym =  2     180 deg rotation - cart. axis [1,0,0]        

 cryst.   s( 2) = (     1          0          0      )
                  (     1         -1          0      )
                  (     1          0         -1      )

 cart.    s( 2) = (  1.0000000  0.0000000  0.0000000 )
                  (  0.0000000 -1.0000000 -0.0000000 )
                  (  0.0000000  0.0000000 -1.0000000 )


      isym =  3     120 deg rotation - cryst. axis [0,0,1]       

 cryst.   s( 3) = (    -1          1          0      )
                  (    -1          0          0      )
                  (    -1          0          1      )

 cart.    s( 3) = ( -0.5000000 -0.8660254  0.0000000 )
                  (  0.8660254 -0.5000000  0.0000000 )
                  (  0.0000000  0.0000000  1.0000000 )


      isym =  4     120 deg rotation - cryst. axis [0,0,-1]      

 cryst.   s( 4) = (     0         -1          0      )
                  (     1         -1          0      )
                  (     0         -1          1      )

 cart.    s( 4) = ( -0.5000000  0.8660254 -0.0000000 )
                  ( -0.8660254 -0.5000000  0.0000000 )
                  (  0.0000000  0.0000000  1.0000000 )


      isym =  5     180 deg rotation - cryst. axis [0,1,0]       

 cryst.   s( 5) = (     0         -1          0      )
                  (    -1          0          0      )
                  (     0          0         -1      )

 cart.    s( 5) = ( -0.5000000 -0.8660254  0.0000000 )
                  ( -0.8660254  0.5000000 -0.0000000 )
                  (  0.0000000  0.0000000 -1.0000000 )


      isym =  6     180 deg rotation - cryst. axis [1,1,0]       

 cryst.   s( 6) = (    -1          1          0      )
                  (     0          1          0      )
                  (     0          1         -1      )

 cart.    s( 6) = ( -0.5000000  0.8660254 -0.0000000 )
                  (  0.8660254  0.5000000 -0.0000000 )
                  (  0.0000000  0.0000000 -1.0000000 )


      isym =  7     inversion                                    

 cryst.   s( 7) = (    -1          0          0      )
                  (     0         -1          0      )
                  (     0          0         -1      )

 cart.    s( 7) = ( -1.0000000  0.0000000  0.0000000 )
                  (  0.0000000 -1.0000000 -0.0000000 )
                  (  0.0000000  0.0000000 -1.0000000 )


      isym =  8     inv. 180 deg rotation - cart. axis [1,0,0]   

 cryst.   s( 8) = (    -1          0          0      )
                  (    -1          1          0      )
                  (    -1          0          1      )

 cart.    s( 8) = ( -1.0000000  0.0000000  0.0000000 )
                  (  0.0000000  1.0000000  0.0000000 )
                  (  0.0000000  0.0000000  1.0000000 )


      isym =  9     inv. 120 deg rotation - cryst. axis [0,0,1]  

 cryst.   s( 9) = (     1         -1          0      )
                  (     1          0          0      )
                  (     1          0         -1      )

 cart.    s( 9) = (  0.5000000  0.8660254 -0.0000000 )
                  ( -0.8660254  0.5000000 -0.0000000 )
                  (  0.0000000  0.0000000 -1.0000000 )


      isym = 10     inv. 120 deg rotation - cryst. axis [0,0,-1] 

 cryst.   s(10) = (     0          1          0      )
                  (    -1          1          0      )
                  (     0          1         -1      )

 cart.    s(10) = (  0.5000000 -0.8660254  0.0000000 )
                  (  0.8660254  0.5000000 -0.0000000 )
                  (  0.0000000  0.0000000 -1.0000000 )


      isym = 11     inv. 180 deg rotation - cryst. axis [0,1,0]  

 cryst.   s(11) = (     0          1          0      )
                  (     1          0          0      )
                  (     0          0          1      )

 cart.    s(11) = (  0.5000000  0.8660254 -0.0000000 )
                  (  0.8660254 -0.5000000  0.0000000 )
                  (  0.0000000  0.0000000  1.0000000 )


      isym = 12     inv. 180 deg rotation - cryst. axis [1,1,0]  

 cryst.   s(12) = (     1         -1          0      )
                  (     0         -1          0      )
                  (     0         -1          1      )

 cart.    s(12) = (  0.5000000 -0.8660254  0.0000000 )
                  ( -0.8660254 -0.5000000  0.0000000 )
                  (  0.0000000  0.0000000  1.0000000 )


   Cartesian axes

     site n.     atom                  positions (alat units)
         1           Si  tau(   1) = (   1.0000000   0.5773503   0.4082483  )
         2           Tc  tau(   2) = (   0.5000000   0.2886751   0.2041241  )
         3           Tc  tau(   3) = (   1.5000000   0.8660254   0.6123724  )
         4           W   tau(   4) = (   0.0000000   0.0000000   0.0000000  )

   Crystallographic axes

     site n.     atom                  positions (cryst. coord.)
         1           Si  tau(   1) = (  0.5000000  0.5000000  0.5000000  )
         2           Tc  tau(   2) = (  0.2500000  0.2500000  0.2500000  )
         3           Tc  tau(   3) = (  0.7500000  0.7500000  0.7500000  )
         4           W   tau(   4) = (  0.0000000  0.0000000  0.0000000  )

     number of k points=     1  Methfessel-Paxton smearing, width (Ry)=  0.0010
                       cart. coord. in units 2pi/alat
        k(    1) = (   0.0000000   0.0000000   0.0000000), wk =   2.0000000

                       cryst. coord.
        k(    1) = (   0.0000000   0.0000000   0.0000000), wk =   2.0000000

     Dense  grid:    12155 G-vectors     FFT dimensions: (  45,  45,  45)

     Smooth grid:     4305 G-vectors     FFT dimensions: (  30,  30,  30)

     Dynamical RAM for                 wfc:       0.24 MB

     Dynamical RAM for     wfc (w. buffer):       0.24 MB

     Dynamical RAM for           str. fact:       0.56 MB

     Dynamical RAM for           local pot:       0.00 MB

     Dynamical RAM for          nlocal pot:       0.66 MB

     Dynamical RAM for                qrad:       8.96 MB

     Dynamical RAM for          rho,v,vnew:       2.64 MB

     Dynamical RAM for               rhoin:       0.88 MB

     Dynamical RAM for            rho*nmix:       2.97 MB

     Dynamical RAM for           G-vectors:       0.73 MB

     Dynamical RAM for          h,s,v(r/c):       0.08 MB

     Dynamical RAM for          <psi|beta>:       0.02 MB

     Dynamical RAM for                 psi:       0.48 MB

     Dynamical RAM for                hpsi:       0.48 MB

     Dynamical RAM for                spsi:       0.48 MB

     Dynamical RAM for      wfcinit/wfcrot:       0.64 MB

     Dynamical RAM for           addusdens:      70.29 MB

     Dynamical RAM for          addusforce:      70.39 MB

     Dynamical RAM for         addusstress:      75.12 MB

     Estimated static dynamical RAM per process >      18.88 MB

     Estimated max dynamical RAM per process >      96.96 MB

     Check: negative core charge=   -0.000002

     Initial potential from superposition of free atoms

     starting charge      47.8977, renormalised to      48.0000

     negative rho (up, down):  6.349E-02 0.000E+00
     Starting wfcs are   37 randomized atomic wfcs

     total cpu time spent up to now is        3.5 secs

     Self-consistent Calculation

     iteration #  1     ecut=    30.00 Ry     beta= 0.70
     Davidson diagonalization with overlap

---- Real-time Memory Report at c_bands before calling an iterative solver
           316 MiB given to the printing process from OS
             0 MiB allocation reported by mallinfo(arena+hblkhd)
        174362 MiB available memory on the node where the printing process lives
------------------
     ethr =  1.00E-02,  avg # of iterations =  2.0

     Threshold (ethr) on eigenvalues was too large:
     Diagonalizing with lowered threshold

     Davidson diagonalization with overlap

---- Real-time Memory Report at c_bands before calling an iterative solver
           350 MiB given to the printing process from OS
             0 MiB allocation reported by mallinfo(arena+hblkhd)
        174346 MiB available memory on the node where the printing process lives
------------------
     ethr =  4.82E-04,  avg # of iterations =  2.0

     negative rho (up, down):  6.478E-02 0.000E+00

     total cpu time spent up to now is        3.9 secs

     total energy              =    -492.65095426 Ry
     estimated scf accuracy    <       0.21602212 Ry

     iteration #  2     ecut=    30.00 Ry     beta= 0.70
     Davidson diagonalization with overlap

---- Real-time Memory Report at c_bands before calling an iterative solver
           359 MiB given to the printing process from OS
             0 MiB allocation reported by mallinfo(arena+hblkhd)
        174333 MiB available memory on the node where the printing process lives
------------------
     ethr =  4.50E-04,  avg # of iterations =  3.0

     negative rho (up, down):  6.380E-02 0.000E+00

     total cpu time spent up to now is        4.1 secs

     total energy              =    -492.54044150 Ry
     estimated scf accuracy    <       0.76993865 Ry

     iteration #  3     ecut=    30.00 Ry     beta= 0.70
     Davidson diagonalization with overlap

---- Real-time Memory Report at c_bands before calling an iterative solver
           360 MiB given to the printing process from OS
             0 MiB allocation reported by mallinfo(arena+hblkhd)
        174332 MiB available memory on the node where the printing process lives
------------------
     ethr =  4.50E-04,  avg # of iterations =  3.0

     negative rho (up, down):  6.376E-02 0.000E+00

     total cpu time spent up to now is        4.4 secs

     total energy              =    -492.69417402 Ry
     estimated scf accuracy    <       0.09301464 Ry

     iteration #  4     ecut=    30.00 Ry     beta= 0.70
     Davidson diagonalization with overlap

---- Real-time Memory Report at c_bands before calling an iterative solver
           360 MiB given to the printing process from OS
             0 MiB allocation reported by mallinfo(arena+hblkhd)
        174332 MiB available memory on the node where the printing process lives
------------------
     ethr =  1.94E-04,  avg # of iterations =  2.0

     negative rho (up, down):  6.426E-02 0.000E+00

     total cpu time spent up to now is        4.6 secs

     total energy              =    -492.69546417 Ry
     estimated scf accuracy    <       0.03621746 Ry

     iteration #  5     ecut=    30.00 Ry     beta= 0.70
     Davidson diagonalization with overlap

---- Real-time Memory Report at c_bands before calling an iterative solver
           361 MiB given to the printing process from OS
             0 MiB allocation reported by mallinfo(arena+hblkhd)
        174331 MiB available memory on the node where the printing process lives
------------------
     ethr =  7.55E-05,  avg # of iterations =  2.0

     negative rho (up, down):  6.470E-02 0.000E+00

     total cpu time spent up to now is        4.8 secs

     total energy              =    -492.69457685 Ry
     estimated scf accuracy    <       0.01439025 Ry

     iteration #  6     ecut=    30.00 Ry     beta= 0.70
     Davidson diagonalization with overlap

---- Real-time Memory Report at c_bands before calling an iterative solver
           363 MiB given to the printing process from OS
             0 MiB allocation reported by mallinfo(arena+hblkhd)
        174331 MiB available memory on the node where the printing process lives
------------------
     ethr =  3.00E-05,  avg # of iterations =  2.0

     negative rho (up, down):  6.513E-02 0.000E+00

     total cpu time spent up to now is        5.0 secs

     total energy              =    -492.69476683 Ry
     estimated scf accuracy    <       0.00287407 Ry

     iteration #  7     ecut=    30.00 Ry     beta= 0.70
     Davidson diagonalization with overlap

---- Real-time Memory Report at c_bands before calling an iterative solver
           363 MiB given to the printing process from OS
             0 MiB allocation reported by mallinfo(arena+hblkhd)
        174333 MiB available memory on the node where the printing process lives
------------------
     ethr =  5.99E-06,  avg # of iterations =  2.0

     negative rho (up, down):  6.529E-02 0.000E+00

     total cpu time spent up to now is        5.2 secs

     total energy              =    -492.69507117 Ry
     estimated scf accuracy    <       0.00046697 Ry

     iteration #  8     ecut=    30.00 Ry     beta= 0.70
     Davidson diagonalization with overlap

---- Real-time Memory Report at c_bands before calling an iterative solver
           365 MiB given to the printing process from OS
             0 MiB allocation reported by mallinfo(arena+hblkhd)
        174329 MiB available memory on the node where the printing process lives
------------------
     ethr =  9.73E-07,  avg # of iterations =  4.0

     negative rho (up, down):  6.533E-02 0.000E+00

     total cpu time spent up to now is        5.5 secs

     total energy              =    -492.69516337 Ry
     estimated scf accuracy    <       0.00023960 Ry

     iteration #  9     ecut=    30.00 Ry     beta= 0.70
     Davidson diagonalization with overlap

---- Real-time Memory Report at c_bands before calling an iterative solver
           365 MiB given to the printing process from OS
             0 MiB allocation reported by mallinfo(arena+hblkhd)
        174336 MiB available memory on the node where the printing process lives
------------------
     ethr =  4.99E-07,  avg # of iterations =  2.0

     negative rho (up, down):  6.528E-02 0.000E+00

     total cpu time spent up to now is        5.7 secs

     total energy              =    -492.69516735 Ry
     estimated scf accuracy    <       0.00008973 Ry

     iteration # 10     ecut=    30.00 Ry     beta= 0.70
     Davidson diagonalization with overlap

---- Real-time Memory Report at c_bands before calling an iterative solver
           365 MiB given to the printing process from OS
             0 MiB allocation reported by mallinfo(arena+hblkhd)
        174334 MiB available memory on the node where the printing process lives
------------------
     ethr =  1.87E-07,  avg # of iterations =  2.0

     negative rho (up, down):  6.523E-02 0.000E+00

     total cpu time spent up to now is        5.9 secs

     total energy              =    -492.69516129 Ry
     estimated scf accuracy    <       0.00003046 Ry

     iteration # 11     ecut=    30.00 Ry     beta= 0.70
     Davidson diagonalization with overlap

---- Real-time Memory Report at c_bands before calling an iterative solver
           365 MiB given to the printing process from OS
             0 MiB allocation reported by mallinfo(arena+hblkhd)
        174334 MiB available memory on the node where the printing process lives
------------------
     ethr =  6.35E-08,  avg # of iterations =  2.0

     negative rho (up, down):  6.521E-02 0.000E+00

     total cpu time spent up to now is        6.1 secs

     total energy              =    -492.69516391 Ry
     estimated scf accuracy    <       0.00000200 Ry

     iteration # 12     ecut=    30.00 Ry     beta= 0.70
     Davidson diagonalization with overlap

---- Real-time Memory Report at c_bands before calling an iterative solver
           365 MiB given to the printing process from OS
             0 MiB allocation reported by mallinfo(arena+hblkhd)
        174331 MiB available memory on the node where the printing process lives
------------------
     ethr =  4.17E-09,  avg # of iterations =  3.0

     negative rho (up, down):  6.521E-02 0.000E+00

     total cpu time spent up to now is        6.4 secs

     End of self-consistent calculation

          k = 0.0000 0.0000 0.0000 (   534 PWs)   bands (ev):

   -52.5244 -45.9340 -45.8805 -18.1608 -18.1608 -18.1607 -18.0737 -18.0737
   -18.0736 -16.7559 -16.7559 -16.7559   9.4946  15.5312  15.5313  15.6562
    15.6562  15.6562  18.6264  18.6264  18.6264  21.2719  21.2720  21.2720
    21.4385  22.3530  22.3530  23.3550  23.3550

     occupation numbers 
     1.0000   1.0000   1.0000   1.0000   1.0000   1.0000   1.0000   1.0000
     1.0000   1.0000   1.0000   1.0000   1.0000   1.0000   1.0000   1.0000
     1.0000   1.0000   1.0000   1.0000   1.0000   1.0000   1.0000   1.0000
    -0.0000  -0.0000  -0.0000  -0.0000  -0.0000

     the Fermi energy is    21.3716 ev

!    total energy              =    -492.69516446 Ry
     estimated scf accuracy    <       0.00000005 Ry
     smearing contrib. (-TS)   =       0.00000000 Ry
     internal energy E=F+TS    =    -492.69516446 Ry

     The total energy is F=E-TS. E is the sum of the following terms:
     one-electron contribution =     -97.40346816 Ry
     hartree contribution      =      78.13259756 Ry
     xc contribution           =     -83.13490348 Ry
     ewald contribution        =    -390.28939038 Ry

     convergence has been achieved in  12 iterations

     negative rho (up, down):  6.521E-02 0.000E+00

     Forces acting on atoms (cartesian axes, Ry/au):

     atom    1 type  1   force =     0.00000000    0.00000000    0.00000000
     atom    2 type  2   force =     0.00000000    0.00000000    0.00000676
     atom    3 type  2   force =     0.00000000    0.00000000   -0.00000676
     atom    4 type  3   force =     0.00000000    0.00000000    0.00000000
     The non-local contrib.  to forces
     atom    1 type  1   force =     0.00000000    0.00000000    0.00000000
     atom    2 type  2   force =     0.00000000   -0.00000000    0.00000916
     atom    3 type  2   force =    -0.00000000    0.00000000   -0.00000916
     atom    4 type  3   force =    -0.00000000   -0.00000000    0.00000000
     The ionic contribution  to forces
     atom    1 type  1   force =    -0.00000000    0.00000000   -0.00000000
     atom    2 type  2   force =    -0.00000000   -0.00000000   -0.00000000
     atom    3 type  2   force =     0.00000000   -0.00000000    0.00000000
     atom    4 type  3   force =     0.00000000    0.00000000   -0.00000000
     The local contribution  to forces
     atom    1 type  1   force =    -0.00001701   -0.00002431   -0.00001188
     atom    2 type  2   force =     0.00011662    0.00016753    0.00005536
     atom    3 type  2   force =     0.00003231    0.00004392    0.00009346
     atom    4 type  3   force =     0.00001682    0.00007058    0.00007106
     The core correction contribution to forces
     atom    1 type  1   force =     0.00000111   -0.00000010    0.00000054
     atom    2 type  2   force =     0.00000000    0.00000000    0.00000000
     atom    3 type  2   force =     0.00000000    0.00000000    0.00000000
     atom    4 type  3   force =     0.00000003    0.00000227    0.00000257
     The Hubbard contrib.    to forces
     atom    1 type  1   force =     0.00000000    0.00000000    0.00000000
     atom    2 type  2   force =     0.00000000    0.00000000    0.00000000
     atom    3 type  2   force =     0.00000000    0.00000000    0.00000000
     atom    4 type  3   force =     0.00000000    0.00000000    0.00000000
     The SCF correction term to forces
     atom    1 type  1   force =     0.00001258    0.00001740    0.00001062
     atom    2 type  2   force =    -0.00010998   -0.00015354   -0.00003713
     atom    3 type  2   force =    -0.00004406   -0.00002915   -0.00007045
     atom    4 type  3   force =    -0.00002774   -0.00009433   -0.00008942

     Total force =     0.000010     Total SCF correction =     0.000251
     SCF correction compared to forces is large: reduce conv_thr to get better values


     Computing stress (Cartesian axis) and pressure


     negative rho (up, down):  6.521E-02 0.000E+00
          total   stress  (Ry/bohr**3)                   (kbar)     P=      -45.27
  -0.00030784  -0.00000000   0.00000000          -45.28       -0.00        0.00
   0.00000000  -0.00030784   0.00000000            0.00      -45.28        0.00
   0.00000000   0.00000000  -0.00030765            0.00        0.00      -45.26

     kinetic stress (kbar)  38844.68     -0.00      0.00
                                0.00  38844.68     -0.00
                                0.00     -0.00  38844.70

     local   stress (kbar)   7252.26      0.04      0.02
                                0.04   7252.23      0.05
                                0.02      0.05   7252.27

     nonloc. stress (kbar)   1184.32     -0.00     -0.00
                               -0.00   1184.32     -0.00
                               -0.00     -0.00   1184.32

     hartree stress (kbar)   9907.42     -0.01     -0.01
                               -0.01   9907.44     -0.02
                               -0.01     -0.02   9907.42

     exc-cor stress (kbar)   3573.20     -0.00      0.00
                               -0.00   3573.20     -0.00
                                0.00     -0.00   3573.20

     corecor stress (kbar) -11317.39     -0.00     -0.00
                               -0.00 -11317.39      0.00
                               -0.00      0.00 -11317.39

     ewald   stress (kbar) -49489.77     -0.00     -0.00
                               -0.00 -49489.77     -0.00
                               -0.00     -0.00 -49489.77

     hubbard stress (kbar)      0.00      0.00      0.00
                                0.00      0.00      0.00
                                0.00      0.00      0.00

     DFT-D   stress (kbar)      0.00      0.00      0.00
                                0.00      0.00      0.00
                                0.00      0.00      0.00

     XDM     stress (kbar)      0.00      0.00      0.00
                                0.00      0.00      0.00
                                0.00      0.00      0.00

     dft-nl  stress (kbar)      0.00      0.00      0.00
                                0.00      0.00      0.00
                                0.00      0.00      0.00

     TS-vdW  stress (kbar)      0.00      0.00      0.00
                                0.00      0.00      0.00
                                0.00      0.00      0.00


                                0.00      0.00      0.00
                                0.00      0.00      0.00


                                0.00      0.00      0.00


     Writing all to output data dir new_calculations/myprefix.save/

 %%%%%%%%%%%%%%%%%%%%%%%%%%%%%%%%%%%%%%%%%%%%%%%%%%%%%%%%%%%%%%%%%%%%%%%%%%%%%%
     Error in routine write_rhog (1):
     error opening file new_calculations/myprefix.save/charge-density
 %%%%%%%%%%%%%%%%%%%%%%%%%%%%%%%%%%%%%%%%%%%%%%%%%%%%%%%%%%%%%%%%%%%%%%%%%%%%%%

     stopping ...
