
     Program PWSCF v.7.0 starts on 20May2023 at  7:41:53 

     This program is part of the open-source Quantum ESPRESSO suite
     for quantum simulation of materials; please cite
         "P. Giannozzi et al., J. Phys.:Condens. Matter 21 395502 (2009);
         "P. Giannozzi et al., J. Phys.:Condens. Matter 29 465901 (2017);
         "P. Giannozzi et al., J. Chem. Phys. 152 154105 (2020);
          URL http://www.quantum-espresso.org", 
     in publications or presentations arising from this work. More details at
     http://www.quantum-espresso.org/quote

     Parallel version (MPI & OpenMP), running on      32 processor cores
     Number of MPI processes:                 1
     Threads/MPI process:                    32

     MPI processes distributed on     1 nodes
     129019 MiB available memory on the printing compute node when the environment starts
 
     Reading input from espresso_18125.pwi
Warning: card &CELL ignored
Warning: card / ignored

     Current dimensions of program PWSCF are:
     Max number of different atomic species (ntypx) = 10
     Max number of k-points (npk) =  40000
     Max angular momentum in pseudopotentials (lmaxx) =  4

     gamma-point specific algorithms are used
     Message from routine setup:
     using ibrav=0 with symmetry is DISCOURAGED, use correct ibrav instead

     Subspace diagonalization in iterative solution of the eigenvalue problem:
     a serial algorithm will be used

 
     G-vector sticks info
     --------------------
     sticks:   dense  smooth     PW     G-vecs:    dense   smooth      PW
     Sum        1531     757    199                74839    26427    3355
 
     Using Slab Decomposition
 


     bravais-lattice index     =            0
     lattice parameter (alat)  =       9.6156  a.u.
     unit-cell volume          =    1191.9214 (a.u.)^3
     number of atoms/cell      =           13
     number of atomic types    =            3
     number of electrons       =       206.00
     number of Kohn-Sham states=          124
     kinetic-energy cutoff     =      30.0000  Ry
     charge density cutoff     =     240.0000  Ry
     scf convergence threshold =      1.0E-06
     mixing beta               =       0.7000
     number of iterations used =            8  plain     mixing
     Exchange-correlation=  SLA  PW   PBX  PBC
                           (   1   4   3   4   0   0   0)

     celldm(1)=   9.615616  celldm(2)=   0.000000  celldm(3)=   0.000000
     celldm(4)=   0.000000  celldm(5)=   0.000000  celldm(6)=   0.000000

     crystal axes: (cart. coord. in units of alat)
               a(1) = (   1.000000   0.000000   0.000000 )  
               a(2) = (  -0.500000   0.866026   0.000000 )  
               a(3) = (   0.000000   0.000000   1.548052 )  

     reciprocal axes: (cart. coord. in units 2 pi/alat)
               b(1) = (  1.000000  0.577350  0.000000 )  
               b(2) = (  0.000000  1.154700  0.000000 )  
               b(3) = (  0.000000  0.000000  0.645973 )  


     PseudoPot. # 1 for Dy read from file:
     /home/pragov/projects/rrg-bengioy-ad/pragov/crystal_structure_design/SSSP/Dy.GGA-PBE-paw-v1.0.UPF
     MD5 check sum: 733414aae3e3693a823ce0c917a68f08
     Pseudo is Projector augmented-wave + core cor, Zval = 20.0
     Generated using ATOMPAW code
     Shape of augmentation charge: BESSEL
     Using radial grid of 1112 points,  8 beta functions with: 
                l(1) =   0
                l(2) =   0
                l(3) =   1
                l(4) =   1
                l(5) =   2
                l(6) =   2
                l(7) =   3
                l(8) =   3
     Q(r) pseudized with 0 coefficients 


     PseudoPot. # 2 for Co read from file:
     /home/pragov/projects/rrg-bengioy-ad/pragov/crystal_structure_design/SSSP/Co_pbe_v1.2.uspp.F.UPF
     MD5 check sum: 5f91765df6ddd3222702df6e7b74a16d
     Pseudo is Ultrasoft + core correction, Zval = 17.0
     Generated by new atomic code, or converted to UPF format
     Using radial grid of  863 points,  6 beta functions with: 
                l(1) =   0
                l(2) =   0
                l(3) =   1
                l(4) =   1
                l(5) =   2
                l(6) =   2
     Q(r) pseudized with  8 coefficients,  rinner =    1.200   1.200   1.200
                                                       1.200   1.200

     PseudoPot. # 3 for Ge read from file:
     /home/pragov/projects/rrg-bengioy-ad/pragov/crystal_structure_design/SSSP/ge_pbe_v1.4.uspp.F.UPF
     MD5 check sum: 9c9eaa91e581c3f09632fb3098b2c6b2
     Pseudo is Ultrasoft + core correction, Zval = 14.0
     Generated by new atomic code, or converted to UPF format
     Using radial grid of  873 points,  6 beta functions with: 
                l(1) =   0
                l(2) =   0
                l(3) =   1
                l(4) =   1
                l(5) =   2
                l(6) =   2
     Q(r) pseudized with  8 coefficients,  rinner =    1.400   1.400   1.400
                                                       1.400   1.400

     atomic species   valence    mass     pseudopotential
        Dy            20.00   162.50000     Dy( 1.00)
        Co            17.00    58.93319     Co( 1.00)
        Ge            14.00    72.63000     Ge( 1.00)

     24 Sym. Ops., with inversion, found


                                    s                        frac. trans.

      isym =  1     identity                                     

 cryst.   s( 1) = (     1          0          0      )
                  (     0          1          0      )
                  (     0          0          1      )

 cart.    s( 1) = (  1.0000000  0.0000000  0.0000000 )
                  (  0.0000000  1.0000000  0.0000000 )
                  (  0.0000000  0.0000000  1.0000000 )


      isym =  2     180 deg rotation - cart. axis [0,0,1]        

 cryst.   s( 2) = (    -1          0          0      )
                  (     0         -1          0      )
                  (     0          0          1      )

 cart.    s( 2) = ( -1.0000000 -0.0000000  0.0000000 )
                  (  0.0000000 -1.0000000  0.0000000 )
                  (  0.0000000  0.0000000  1.0000000 )


      isym =  3     180 deg rotation - cart. axis [0,1,0]        

 cryst.   s( 3) = (    -1          0          0      )
                  (     1          1          0      )
                  (     0          0         -1      )

 cart.    s( 3) = ( -1.0000000 -0.0000002  0.0000000 )
                  (  0.0000000  1.0000000  0.0000000 )
                  (  0.0000000  0.0000000 -1.0000000 )


      isym =  4     180 deg rotation - cart. axis [1,0,0]        

 cryst.   s( 4) = (     1          0          0      )
                  (    -1         -1          0      )
                  (     0          0         -1      )

 cart.    s( 4) = (  1.0000000  0.0000002  0.0000000 )
                  (  0.0000000 -1.0000000  0.0000000 )
                  (  0.0000000  0.0000000 -1.0000000 )


      isym =  5      60 deg rotation - cryst. axis [0,0,1]       

 cryst.   s( 5) = (     1          1          0      )
                  (    -1          0          0      )
                  (     0          0          1      )

 cart.    s( 5) = (  0.4999999 -0.8660253  0.0000000 )
                  (  0.8660255  0.5000001  0.0000000 )
                  (  0.0000000  0.0000000  1.0000000 )


      isym =  6      60 deg rotation - cryst. axis [0,0,-1]      

 cryst.   s( 6) = (     0         -1          0      )
                  (     1          1          0      )
                  (     0          0          1      )

 cart.    s( 6) = (  0.5000001  0.8660253  0.0000000 )
                  ( -0.8660255  0.4999999  0.0000000 )
                  (  0.0000000  0.0000000  1.0000000 )


      isym =  7     120 deg rotation - cryst. axis [0,0,1]       

 cryst.   s( 7) = (     0          1          0      )
                  (    -1         -1          0      )
                  (     0          0          1      )

 cart.    s( 7) = ( -0.5000001 -0.8660253  0.0000000 )
                  (  0.8660255 -0.4999999  0.0000000 )
                  (  0.0000000  0.0000000  1.0000000 )


      isym =  8     120 deg rotation - cryst. axis [0,0,-1]      

 cryst.   s( 8) = (    -1         -1          0      )
                  (     1          0          0      )
                  (     0          0          1      )

 cart.    s( 8) = ( -0.4999999  0.8660253  0.0000000 )
                  ( -0.8660255 -0.5000001  0.0000000 )
                  (  0.0000000  0.0000000  1.0000000 )


      isym =  9     180 deg rotation - cryst. axis [1,-1,0]      

 cryst.   s( 9) = (     0         -1          0      )
                  (    -1          0          0      )
                  (     0          0         -1      )

 cart.    s( 9) = (  0.5000001 -0.8660252  0.0000000 )
                  ( -0.8660255 -0.5000001  0.0000000 )
                  (  0.0000000  0.0000000 -1.0000000 )


      isym = 10     180 deg rotation - cryst. axis [2,1,0]       

 cryst.   s(10) = (     1          1          0      )
                  (     0         -1          0      )
                  (     0          0         -1      )

 cart.    s(10) = (  0.4999999  0.8660254  0.0000000 )
                  (  0.8660255 -0.4999999  0.0000000 )
                  (  0.0000000  0.0000000 -1.0000000 )


      isym = 11     180 deg rotation - cryst. axis [0,1,0]       

 cryst.   s(11) = (    -1         -1          0      )
                  (     0          1          0      )
                  (     0          0         -1      )

 cart.    s(11) = ( -0.4999999 -0.8660254  0.0000000 )
                  ( -0.8660255  0.4999999  0.0000000 )
                  (  0.0000000  0.0000000 -1.0000000 )


      isym = 12     180 deg rotation - cryst. axis [1,1,0]       

 cryst.   s(12) = (     0          1          0      )
                  (     1          0          0      )
                  (     0          0         -1      )

 cart.    s(12) = ( -0.5000001  0.8660252  0.0000000 )
                  (  0.8660255  0.5000001  0.0000000 )
                  (  0.0000000  0.0000000 -1.0000000 )


      isym = 13     inversion                                    

 cryst.   s(13) = (    -1          0          0      )
                  (     0         -1          0      )
                  (     0          0         -1      )

 cart.    s(13) = ( -1.0000000 -0.0000000  0.0000000 )
                  (  0.0000000 -1.0000000  0.0000000 )
                  (  0.0000000  0.0000000 -1.0000000 )


      isym = 14     inv. 180 deg rotation - cart. axis [0,0,1]   

 cryst.   s(14) = (     1          0          0      )
                  (     0          1          0      )
                  (     0          0         -1      )

 cart.    s(14) = (  1.0000000  0.0000000  0.0000000 )
                  (  0.0000000  1.0000000  0.0000000 )
                  (  0.0000000  0.0000000 -1.0000000 )


      isym = 15     inv. 180 deg rotation - cart. axis [0,1,0]   

 cryst.   s(15) = (     1          0          0      )
                  (    -1         -1          0      )
                  (     0          0          1      )

 cart.    s(15) = (  1.0000000  0.0000002  0.0000000 )
                  (  0.0000000 -1.0000000  0.0000000 )
                  (  0.0000000  0.0000000  1.0000000 )


      isym = 16     inv. 180 deg rotation - cart. axis [1,0,0]   

 cryst.   s(16) = (    -1          0          0      )
                  (     1          1          0      )
                  (     0          0          1      )

 cart.    s(16) = ( -1.0000000 -0.0000002  0.0000000 )
                  (  0.0000000  1.0000000  0.0000000 )
                  (  0.0000000  0.0000000  1.0000000 )


      isym = 17     inv.  60 deg rotation - cryst. axis [0,0,1]  

 cryst.   s(17) = (    -1         -1          0      )
                  (     1          0          0      )
                  (     0          0         -1      )

 cart.    s(17) = ( -0.4999999  0.8660253  0.0000000 )
                  ( -0.8660255 -0.5000001  0.0000000 )
                  (  0.0000000  0.0000000 -1.0000000 )


      isym = 18     inv.  60 deg rotation - cryst. axis [0,0,-1] 

 cryst.   s(18) = (     0          1          0      )
                  (    -1         -1          0      )
                  (     0          0         -1      )

 cart.    s(18) = ( -0.5000001 -0.8660253  0.0000000 )
                  (  0.8660255 -0.4999999  0.0000000 )
                  (  0.0000000  0.0000000 -1.0000000 )


      isym = 19     inv. 120 deg rotation - cryst. axis [0,0,1]  

 cryst.   s(19) = (     0         -1          0      )
                  (     1          1          0      )
                  (     0          0         -1      )

 cart.    s(19) = (  0.5000001  0.8660253  0.0000000 )
                  ( -0.8660255  0.4999999  0.0000000 )
                  (  0.0000000  0.0000000 -1.0000000 )


      isym = 20     inv. 120 deg rotation - cryst. axis [0,0,-1] 

 cryst.   s(20) = (     1          1          0      )
                  (    -1          0          0      )
                  (     0          0         -1      )

 cart.    s(20) = (  0.4999999 -0.8660253  0.0000000 )
                  (  0.8660255  0.5000001  0.0000000 )
                  (  0.0000000  0.0000000 -1.0000000 )


      isym = 21     inv. 180 deg rotation - cryst. axis [1,-1,0] 

 cryst.   s(21) = (     0          1          0      )
                  (     1          0          0      )
                  (     0          0          1      )

 cart.    s(21) = ( -0.5000001  0.8660252  0.0000000 )
                  (  0.8660255  0.5000001  0.0000000 )
                  (  0.0000000  0.0000000  1.0000000 )


      isym = 22     inv. 180 deg rotation - cryst. axis [2,1,0]  

 cryst.   s(22) = (    -1         -1          0      )
                  (     0          1          0      )
                  (     0          0          1      )

 cart.    s(22) = ( -0.4999999 -0.8660254  0.0000000 )
                  ( -0.8660255  0.4999999  0.0000000 )
                  (  0.0000000  0.0000000  1.0000000 )


      isym = 23     inv. 180 deg rotation - cryst. axis [0,1,0]  

 cryst.   s(23) = (     1          1          0      )
                  (     0         -1          0      )
                  (     0          0          1      )

 cart.    s(23) = (  0.4999999  0.8660254  0.0000000 )
                  (  0.8660255 -0.4999999  0.0000000 )
                  (  0.0000000  0.0000000  1.0000000 )


      isym = 24     inv. 180 deg rotation - cryst. axis [1,1,0]  

 cryst.   s(24) = (     0         -1          0      )
                  (    -1          0          0      )
                  (     0          0          1      )

 cart.    s(24) = (  0.5000001 -0.8660252  0.0000000 )
                  ( -0.8660255 -0.5000001  0.0000000 )
                  (  0.0000000  0.0000000  1.0000000 )


   Cartesian axes

     site n.     atom                  positions (alat units)
         1           Dy  tau(   1) = (   0.0000000   0.0000000   0.0000000  )
         2           Co  tau(   2) = (   0.2500000   0.4330128   1.1601195  )
         3           Co  tau(   3) = (   0.5000000   0.0000000   1.1601195  )
         4           Co  tau(   4) = (  -0.2500000   0.4330128   1.1601195  )
         5           Co  tau(   5) = (   0.2500000   0.4330128   0.3879326  )
         6           Co  tau(   6) = (   0.5000000   0.0000000   0.3879326  )
         7           Co  tau(   7) = (  -0.2500000   0.4330128   0.3879326  )
         8           Ge  tau(   8) = (   0.5000005   0.2886749   0.0000000  )
         9           Ge  tau(   9) = (  -0.0000006   0.5773506   0.0000000  )
        10           Ge  tau(  10) = (   0.5000005   0.2886749   0.7740260  )
        11           Ge  tau(  11) = (  -0.0000006   0.5773506   0.7740260  )
        12           Ge  tau(  12) = (   0.0000000   0.0000000   1.0142326  )
        13           Ge  tau(  13) = (   0.0000000   0.0000000   0.5338194  )

   Crystallographic axes

     site n.     atom                  positions (cryst. coord.)
         1           Dy  tau(   1) = (  0.0000000  0.0000000  0.0000000  )
         2           Co  tau(   2) = (  0.5000000  0.5000000  0.7494060  )
         3           Co  tau(   3) = (  0.5000000  0.0000000  0.7494060  )
         4           Co  tau(   4) = ( -0.0000000  0.5000000  0.7494060  )
         5           Co  tau(   5) = (  0.5000000  0.5000000  0.2505940  )
         6           Co  tau(   6) = (  0.5000000  0.0000000  0.2505940  )
         7           Co  tau(   7) = ( -0.0000000  0.5000000  0.2505940  )
         8           Ge  tau(   8) = (  0.6666670  0.3333330  0.0000000  )
         9           Ge  tau(   9) = (  0.3333330  0.6666670  0.0000000  )
        10           Ge  tau(  10) = (  0.6666670  0.3333330  0.5000000  )
        11           Ge  tau(  11) = (  0.3333330  0.6666670  0.5000000  )
        12           Ge  tau(  12) = (  0.0000000  0.0000000  0.6551670  )
        13           Ge  tau(  13) = (  0.0000000  0.0000000  0.3448330  )

     number of k points=     1  Methfessel-Paxton smearing, width (Ry)=  0.0010
                       cart. coord. in units 2pi/alat
        k(    1) = (   0.0000000   0.0000000   0.0000000), wk =   2.0000000

                       cryst. coord.
        k(    1) = (   0.0000000   0.0000000   0.0000000), wk =   2.0000000

     Dense  grid:    37420 G-vectors     FFT dimensions: (  48,  48,  75)

     Smooth grid:    13214 G-vectors     FFT dimensions: (  36,  36,  54)

     Dynamical RAM for                 wfc:       3.13 MB

     Dynamical RAM for     wfc (w. buffer):       3.13 MB

     Dynamical RAM for           str. fact:       1.71 MB

     Dynamical RAM for           local pot:       0.00 MB

     Dynamical RAM for          nlocal pot:       6.26 MB

     Dynamical RAM for                qrad:       8.96 MB

     Dynamical RAM for          rho,v,vnew:       5.67 MB

     Dynamical RAM for               rhoin:       1.89 MB

     Dynamical RAM for            rho*nmix:       9.14 MB

     Dynamical RAM for           G-vectors:       2.24 MB

     Dynamical RAM for          h,s,v(r/c):       1.41 MB

     Dynamical RAM for          <psi|beta>:       0.23 MB

     Dynamical RAM for                 psi:       6.26 MB

     Dynamical RAM for                hpsi:       6.26 MB

     Dynamical RAM for                spsi:       6.26 MB

     Dynamical RAM for      wfcinit/wfcrot:       8.89 MB

     Dynamical RAM for           addusdens:     320.32 MB

     Dynamical RAM for          addusforce:     326.39 MB

     Dynamical RAM for         addusstress:     332.31 MB

     Estimated static dynamical RAM per process >      38.73 MB

     Estimated max dynamical RAM per process >     380.18 MB

     Check: negative core charge=   -0.000015

     Initial potential from superposition of free atoms

     starting charge     199.9909, renormalised to     206.0000
     Starting wfcs are  164 randomized atomic wfcs
     Checking if some PAW data can be deallocated... 

     total cpu time spent up to now is        8.6 secs

     Self-consistent Calculation

     iteration #  1     ecut=    30.00 Ry     beta= 0.70
     Davidson diagonalization with overlap

---- Real-time Memory Report at c_bands before calling an iterative solver
           590 MiB given to the printing process from OS
             0 MiB allocation reported by mallinfo(arena+hblkhd)
        128891 MiB available memory on the node where the printing process lives
------------------
     ethr =  1.00E-02,  avg # of iterations =  2.0

     total cpu time spent up to now is       10.4 secs

     total energy              =   -3814.76524829 Ry
     estimated scf accuracy    <      37.22443862 Ry

     iteration #  2     ecut=    30.00 Ry     beta= 0.70
     Davidson diagonalization with overlap

---- Real-time Memory Report at c_bands before calling an iterative solver
           639 MiB given to the printing process from OS
             0 MiB allocation reported by mallinfo(arena+hblkhd)
        128868 MiB available memory on the node where the printing process lives
------------------
     ethr =  1.00E-02,  avg # of iterations =  4.0

     total cpu time spent up to now is       12.5 secs

     total energy              =   -3834.57077996 Ry
     estimated scf accuracy    <     361.46962444 Ry

     iteration #  3     ecut=    30.00 Ry     beta= 0.70
     Davidson diagonalization with overlap

---- Real-time Memory Report at c_bands before calling an iterative solver
           674 MiB given to the printing process from OS
             0 MiB allocation reported by mallinfo(arena+hblkhd)
        128832 MiB available memory on the node where the printing process lives
------------------
     ethr =  1.00E-02,  avg # of iterations =  5.0

     total cpu time spent up to now is       14.6 secs

     total energy              =   -3848.51008000 Ry
     estimated scf accuracy    <      55.03980021 Ry

     iteration #  4     ecut=    30.00 Ry     beta= 0.70
     Davidson diagonalization with overlap

---- Real-time Memory Report at c_bands before calling an iterative solver
           674 MiB given to the printing process from OS
             0 MiB allocation reported by mallinfo(arena+hblkhd)
        128835 MiB available memory on the node where the printing process lives
------------------
     ethr =  1.00E-02,  avg # of iterations =  3.0

     total cpu time spent up to now is       16.4 secs

     total energy              =   -3853.45436974 Ry
     estimated scf accuracy    <      48.33817804 Ry

     iteration #  5     ecut=    30.00 Ry     beta= 0.70
     Davidson diagonalization with overlap

---- Real-time Memory Report at c_bands before calling an iterative solver
           674 MiB given to the printing process from OS
             0 MiB allocation reported by mallinfo(arena+hblkhd)
        128835 MiB available memory on the node where the printing process lives
------------------
     ethr =  1.00E-02,  avg # of iterations =  1.0

     total cpu time spent up to now is       18.1 secs

     total energy              =   -3852.93167549 Ry
     estimated scf accuracy    <      44.71967246 Ry

     iteration #  6     ecut=    30.00 Ry     beta= 0.70
     Davidson diagonalization with overlap

---- Real-time Memory Report at c_bands before calling an iterative solver
           674 MiB given to the printing process from OS
             0 MiB allocation reported by mallinfo(arena+hblkhd)
        128846 MiB available memory on the node where the printing process lives
------------------
     ethr =  1.00E-02,  avg # of iterations =  1.0
     Minimization algorithm failed to find Fermi energy: reverting to bisection
     Possible cause: smearing is larger than the electronic band-gap.

     total cpu time spent up to now is       20.3 secs

     total energy              =   -3852.39680570 Ry
     estimated scf accuracy    <      38.92971910 Ry

     iteration #  7     ecut=    30.00 Ry     beta= 0.70
     Davidson diagonalization with overlap

---- Real-time Memory Report at c_bands before calling an iterative solver
           674 MiB given to the printing process from OS
             0 MiB allocation reported by mallinfo(arena+hblkhd)
        128835 MiB available memory on the node where the printing process lives
------------------
     ethr =  1.00E-02,  avg # of iterations =  1.0

     total cpu time spent up to now is       21.9 secs

     total energy              =   -3849.84901246 Ry
     estimated scf accuracy    <      36.85425808 Ry

     iteration #  8     ecut=    30.00 Ry     beta= 0.70
     Davidson diagonalization with overlap

---- Real-time Memory Report at c_bands before calling an iterative solver
           674 MiB given to the printing process from OS
             0 MiB allocation reported by mallinfo(arena+hblkhd)
        128847 MiB available memory on the node where the printing process lives
------------------
     ethr =  1.00E-02,  avg # of iterations =  1.0

     total cpu time spent up to now is       23.6 secs

     total energy              =   -3846.68833854 Ry
     estimated scf accuracy    <      46.42673269 Ry

     iteration #  9     ecut=    30.00 Ry     beta= 0.70
     Davidson diagonalization with overlap

---- Real-time Memory Report at c_bands before calling an iterative solver
           674 MiB given to the printing process from OS
             0 MiB allocation reported by mallinfo(arena+hblkhd)
        128839 MiB available memory on the node where the printing process lives
------------------
     ethr =  1.00E-02,  avg # of iterations =  1.0

     total cpu time spent up to now is       25.2 secs

     total energy              =   -3851.26682951 Ry
     estimated scf accuracy    <      78.49292843 Ry

     iteration # 10     ecut=    30.00 Ry     beta= 0.70
     Davidson diagonalization with overlap

---- Real-time Memory Report at c_bands before calling an iterative solver
           674 MiB given to the printing process from OS
             0 MiB allocation reported by mallinfo(arena+hblkhd)
        128841 MiB available memory on the node where the printing process lives
------------------
     ethr =  1.00E-02,  avg # of iterations =  1.0

     total cpu time spent up to now is       26.9 secs

     total energy              =   -3846.36383305 Ry
     estimated scf accuracy    <      71.08526532 Ry

     iteration # 11     ecut=    30.00 Ry     beta= 0.70
     Davidson diagonalization with overlap

---- Real-time Memory Report at c_bands before calling an iterative solver
           674 MiB given to the printing process from OS
             0 MiB allocation reported by mallinfo(arena+hblkhd)
        128847 MiB available memory on the node where the printing process lives
------------------
     ethr =  1.00E-02,  avg # of iterations =  2.0

     total cpu time spent up to now is       28.6 secs

     total energy              =   -3849.99376289 Ry
     estimated scf accuracy    <      39.30952743 Ry

     iteration # 12     ecut=    30.00 Ry     beta= 0.70
     Davidson diagonalization with overlap

---- Real-time Memory Report at c_bands before calling an iterative solver
           674 MiB given to the printing process from OS
             0 MiB allocation reported by mallinfo(arena+hblkhd)
        128838 MiB available memory on the node where the printing process lives
------------------
     ethr =  1.00E-02,  avg # of iterations =  1.0

     total cpu time spent up to now is       30.3 secs

     total energy              =   -3849.06370900 Ry
     estimated scf accuracy    <      27.05409907 Ry

     iteration # 13     ecut=    30.00 Ry     beta= 0.70
     Davidson diagonalization with overlap

---- Real-time Memory Report at c_bands before calling an iterative solver
           674 MiB given to the printing process from OS
             0 MiB allocation reported by mallinfo(arena+hblkhd)
        128837 MiB available memory on the node where the printing process lives
------------------
     ethr =  1.00E-02,  avg # of iterations =  1.0

     total cpu time spent up to now is       32.0 secs

     total energy              =   -3848.72081351 Ry
     estimated scf accuracy    <      27.21515172 Ry

     iteration # 14     ecut=    30.00 Ry     beta= 0.70
     Davidson diagonalization with overlap

---- Real-time Memory Report at c_bands before calling an iterative solver
           674 MiB given to the printing process from OS
             0 MiB allocation reported by mallinfo(arena+hblkhd)
        128846 MiB available memory on the node where the printing process lives
------------------
     ethr =  1.00E-02,  avg # of iterations =  1.0

     total cpu time spent up to now is       33.7 secs

     total energy              =   -3849.98337920 Ry
     estimated scf accuracy    <      22.34139035 Ry

     iteration # 15     ecut=    30.00 Ry     beta= 0.70
     Davidson diagonalization with overlap

---- Real-time Memory Report at c_bands before calling an iterative solver
           674 MiB given to the printing process from OS
             0 MiB allocation reported by mallinfo(arena+hblkhd)
        128843 MiB available memory on the node where the printing process lives
------------------
     ethr =  1.00E-02,  avg # of iterations =  1.0

     total cpu time spent up to now is       35.4 secs

     total energy              =   -3849.43829567 Ry
     estimated scf accuracy    <      25.14576002 Ry

     iteration # 16     ecut=    30.00 Ry     beta= 0.70
     Davidson diagonalization with overlap

---- Real-time Memory Report at c_bands before calling an iterative solver
           675 MiB given to the printing process from OS
             0 MiB allocation reported by mallinfo(arena+hblkhd)
        128838 MiB available memory on the node where the printing process lives
------------------
     ethr =  1.00E-02,  avg # of iterations =  1.0

     total cpu time spent up to now is       37.5 secs

     total energy              =   -3849.37520100 Ry
     estimated scf accuracy    <      28.79942190 Ry

     iteration # 17     ecut=    30.00 Ry     beta= 0.70
     Davidson diagonalization with overlap

---- Real-time Memory Report at c_bands before calling an iterative solver
           677 MiB given to the printing process from OS
             0 MiB allocation reported by mallinfo(arena+hblkhd)
        128837 MiB available memory on the node where the printing process lives
------------------
     ethr =  1.00E-02,  avg # of iterations =  1.0

     total cpu time spent up to now is       39.4 secs

     total energy              =   -3849.55475304 Ry
     estimated scf accuracy    <       7.47833674 Ry

     iteration # 18     ecut=    30.00 Ry     beta= 0.70
     Davidson diagonalization with overlap

---- Real-time Memory Report at c_bands before calling an iterative solver
           677 MiB given to the printing process from OS
             0 MiB allocation reported by mallinfo(arena+hblkhd)
        128836 MiB available memory on the node where the printing process lives
------------------
     ethr =  3.63E-03,  avg # of iterations =  1.0

     total cpu time spent up to now is       41.2 secs

     total energy              =   -3849.47314686 Ry
     estimated scf accuracy    <       3.14642535 Ry

     iteration # 19     ecut=    30.00 Ry     beta= 0.70
     Davidson diagonalization with overlap

---- Real-time Memory Report at c_bands before calling an iterative solver
           677 MiB given to the printing process from OS
             0 MiB allocation reported by mallinfo(arena+hblkhd)
        128843 MiB available memory on the node where the printing process lives
------------------
     ethr =  1.53E-03,  avg # of iterations =  1.0

     total cpu time spent up to now is       43.0 secs

     total energy              =   -3849.33121187 Ry
     estimated scf accuracy    <       0.53744614 Ry

     iteration # 20     ecut=    30.00 Ry     beta= 0.70
     Davidson diagonalization with overlap

---- Real-time Memory Report at c_bands before calling an iterative solver
           677 MiB given to the printing process from OS
             0 MiB allocation reported by mallinfo(arena+hblkhd)
        128845 MiB available memory on the node where the printing process lives
------------------
     ethr =  2.61E-04,  avg # of iterations =  3.0

     total cpu time spent up to now is       44.8 secs

     total energy              =   -3849.19926141 Ry
     estimated scf accuracy    <      15.57382272 Ry

     iteration # 21     ecut=    30.00 Ry     beta= 0.70
     Davidson diagonalization with overlap

---- Real-time Memory Report at c_bands before calling an iterative solver
           677 MiB given to the printing process from OS
             0 MiB allocation reported by mallinfo(arena+hblkhd)
        128846 MiB available memory on the node where the printing process lives
------------------
     ethr =  2.61E-04,  avg # of iterations =  2.0

     total cpu time spent up to now is       47.4 secs

     total energy              =   -3849.63045996 Ry
     estimated scf accuracy    <       9.71079608 Ry

     iteration # 22     ecut=    30.00 Ry     beta= 0.70
     Davidson diagonalization with overlap

---- Real-time Memory Report at c_bands before calling an iterative solver
           677 MiB given to the printing process from OS
             0 MiB allocation reported by mallinfo(arena+hblkhd)
        128827 MiB available memory on the node where the printing process lives
------------------
     ethr =  2.61E-04,  avg # of iterations =  1.0

     total cpu time spent up to now is       49.5 secs

     total energy              =   -3849.67678310 Ry
     estimated scf accuracy    <       7.05476195 Ry

     iteration # 23     ecut=    30.00 Ry     beta= 0.70
     Davidson diagonalization with overlap

---- Real-time Memory Report at c_bands before calling an iterative solver
           677 MiB given to the printing process from OS
             0 MiB allocation reported by mallinfo(arena+hblkhd)
        128829 MiB available memory on the node where the printing process lives
------------------
     ethr =  2.61E-04,  avg # of iterations =  2.0

     total cpu time spent up to now is       51.3 secs

     total energy              =   -3849.48616878 Ry
     estimated scf accuracy    <       7.50523270 Ry

     iteration # 24     ecut=    30.00 Ry     beta= 0.70
     Davidson diagonalization with overlap

---- Real-time Memory Report at c_bands before calling an iterative solver
           677 MiB given to the printing process from OS
             0 MiB allocation reported by mallinfo(arena+hblkhd)
        128832 MiB available memory on the node where the printing process lives
------------------
     ethr =  2.61E-04,  avg # of iterations =  2.0

     total cpu time spent up to now is       53.0 secs

     total energy              =   -3849.53743334 Ry
     estimated scf accuracy    <       3.94600021 Ry

     iteration # 25     ecut=    30.00 Ry     beta= 0.70
     Davidson diagonalization with overlap

---- Real-time Memory Report at c_bands before calling an iterative solver
           677 MiB given to the printing process from OS
             0 MiB allocation reported by mallinfo(arena+hblkhd)
        128838 MiB available memory on the node where the printing process lives
------------------
     ethr =  2.61E-04,  avg # of iterations =  2.0

     total cpu time spent up to now is       54.8 secs

     total energy              =   -3849.27543630 Ry
     estimated scf accuracy    <      23.64253144 Ry

     iteration # 26     ecut=    30.00 Ry     beta= 0.70
     Davidson diagonalization with overlap

---- Real-time Memory Report at c_bands before calling an iterative solver
           677 MiB given to the printing process from OS
             0 MiB allocation reported by mallinfo(arena+hblkhd)
        128842 MiB available memory on the node where the printing process lives
------------------
     ethr =  2.61E-04,  avg # of iterations =  2.0

     total cpu time spent up to now is       56.6 secs

     total energy              =   -3849.61157865 Ry
     estimated scf accuracy    <       4.03336485 Ry

     iteration # 27     ecut=    30.00 Ry     beta= 0.70
     Davidson diagonalization with overlap

---- Real-time Memory Report at c_bands before calling an iterative solver
           677 MiB given to the printing process from OS
             0 MiB allocation reported by mallinfo(arena+hblkhd)
        128834 MiB available memory on the node where the printing process lives
------------------
     ethr =  2.61E-04,  avg # of iterations =  1.0

     total cpu time spent up to now is       58.4 secs

     total energy              =   -3849.64546939 Ry
     estimated scf accuracy    <       0.16563138 Ry

     iteration # 28     ecut=    30.00 Ry     beta= 0.70
     Davidson diagonalization with overlap

---- Real-time Memory Report at c_bands before calling an iterative solver
           677 MiB given to the printing process from OS
             0 MiB allocation reported by mallinfo(arena+hblkhd)
        128835 MiB available memory on the node where the printing process lives
------------------
     ethr =  8.04E-05,  avg # of iterations =  2.0

     total cpu time spent up to now is       60.2 secs

     total energy              =   -3849.27945524 Ry
     estimated scf accuracy    <       4.09815510 Ry

     iteration # 29     ecut=    30.00 Ry     beta= 0.70
     Davidson diagonalization with overlap

---- Real-time Memory Report at c_bands before calling an iterative solver
           677 MiB given to the printing process from OS
             0 MiB allocation reported by mallinfo(arena+hblkhd)
        128843 MiB available memory on the node where the printing process lives
------------------
     ethr =  8.04E-05,  avg # of iterations =  3.0

     total cpu time spent up to now is       62.0 secs

     total energy              =   -3849.63792200 Ry
     estimated scf accuracy    <       2.29997927 Ry

     iteration # 30     ecut=    30.00 Ry     beta= 0.70
     Davidson diagonalization with overlap

---- Real-time Memory Report at c_bands before calling an iterative solver
           677 MiB given to the printing process from OS
             0 MiB allocation reported by mallinfo(arena+hblkhd)
        128845 MiB available memory on the node where the printing process lives
------------------
     ethr =  8.04E-05,  avg # of iterations =  2.0

     total cpu time spent up to now is       63.7 secs

     total energy              =   -3849.63364690 Ry
     estimated scf accuracy    <       0.47261393 Ry

     iteration # 31     ecut=    30.00 Ry     beta= 0.70
     Davidson diagonalization with overlap

---- Real-time Memory Report at c_bands before calling an iterative solver
           677 MiB given to the printing process from OS
             0 MiB allocation reported by mallinfo(arena+hblkhd)
        128843 MiB available memory on the node where the printing process lives
------------------
     ethr =  8.04E-05,  avg # of iterations =  3.0

     total cpu time spent up to now is       65.6 secs

     total energy              =   -3849.54381314 Ry
     estimated scf accuracy    <       3.01840920 Ry

     iteration # 32     ecut=    30.00 Ry     beta= 0.70
     Davidson diagonalization with overlap

---- Real-time Memory Report at c_bands before calling an iterative solver
           677 MiB given to the printing process from OS
             0 MiB allocation reported by mallinfo(arena+hblkhd)
        128839 MiB available memory on the node where the printing process lives
------------------
     ethr =  8.04E-05,  avg # of iterations =  3.0

     total cpu time spent up to now is       67.4 secs

     total energy              =   -3849.59908229 Ry
     estimated scf accuracy    <       0.36548480 Ry

     iteration # 33     ecut=    30.00 Ry     beta= 0.70
     Davidson diagonalization with overlap

---- Real-time Memory Report at c_bands before calling an iterative solver
           677 MiB given to the printing process from OS
             0 MiB allocation reported by mallinfo(arena+hblkhd)
        128840 MiB available memory on the node where the printing process lives
------------------
     ethr =  8.04E-05,  avg # of iterations =  2.0

     total cpu time spent up to now is       69.1 secs

     total energy              =   -3849.54788609 Ry
     estimated scf accuracy    <      10.09687930 Ry

     iteration # 34     ecut=    30.00 Ry     beta= 0.70
     Davidson diagonalization with overlap

---- Real-time Memory Report at c_bands before calling an iterative solver
           677 MiB given to the printing process from OS
             0 MiB allocation reported by mallinfo(arena+hblkhd)
        128847 MiB available memory on the node where the printing process lives
