
     Program PWSCF v.7.0 starts on 20May2023 at 14: 5:57 

     This program is part of the open-source Quantum ESPRESSO suite
     for quantum simulation of materials; please cite
         "P. Giannozzi et al., J. Phys.:Condens. Matter 21 395502 (2009);
         "P. Giannozzi et al., J. Phys.:Condens. Matter 29 465901 (2017);
         "P. Giannozzi et al., J. Chem. Phys. 152 154105 (2020);
          URL http://www.quantum-espresso.org", 
     in publications or presentations arising from this work. More details at
     http://www.quantum-espresso.org/quote

     Parallel version (MPI & OpenMP), running on      32 processor cores
     Number of MPI processes:                 1
     Threads/MPI process:                    32

     MPI processes distributed on     1 nodes
     171003 MiB available memory on the printing compute node when the environment starts
 
     Reading input from espresso_8520.pwi
Warning: card &CELL ignored
Warning: card / ignored

     Current dimensions of program PWSCF are:
     Max number of different atomic species (ntypx) = 10
     Max number of k-points (npk) =  40000
     Max angular momentum in pseudopotentials (lmaxx) =  4

     gamma-point specific algorithms are used
     Message from routine setup:
     using ibrav=0 with symmetry is DISCOURAGED, use correct ibrav instead

     Subspace diagonalization in iterative solution of the eigenvalue problem:
     a serial algorithm will be used

 
     G-vector sticks info
     --------------------
     sticks:   dense  smooth     PW     G-vecs:    dense   smooth      PW
     Sum        1573     793    199                79779    28241    3549
 
     Using Slab Decomposition
 


     bravais-lattice index     =            0
     lattice parameter (alat)  =       9.7741  a.u.
     unit-cell volume          =    1272.4939 (a.u.)^3
     number of atoms/cell      =           13
     number of atomic types    =            3
     number of electrons       =       196.00
     number of Kohn-Sham states=          118
     kinetic-energy cutoff     =      30.0000  Ry
     charge density cutoff     =     240.0000  Ry
     scf convergence threshold =      1.0E-06
     mixing beta               =       0.7000
     number of iterations used =            8  plain     mixing
     Exchange-correlation=  SLA  PW   PBX  PBC
                           (   1   4   3   4   0   0   0)

     celldm(1)=   9.774111  celldm(2)=   0.000000  celldm(3)=   0.000000
     celldm(4)=   0.000000  celldm(5)=   0.000000  celldm(6)=   0.000000

     crystal axes: (cart. coord. in units of alat)
               a(1) = (   1.000000   0.000000   0.000000 )  
               a(2) = (  -0.500000   0.866025   0.000000 )  
               a(3) = (   0.000000   0.000000   1.573596 )  

     reciprocal axes: (cart. coord. in units 2 pi/alat)
               b(1) = (  1.000000  0.577350  0.000000 )  
               b(2) = (  0.000000  1.154701  0.000000 )  
               b(3) = (  0.000000  0.000000  0.635487 )  


     PseudoPot. # 1 for Er read from file:
     /home/pragov/projects/rrg-bengioy-ad/pragov/crystal_structure_design/SSSP/Er.GGA-PBE-paw-v1.0.UPF
     MD5 check sum: 5952a841f12bc97f67d25f9d1b2e7e35
     Pseudo is Projector augmented-wave + core cor, Zval = 22.0
     Generated using ATOMPAW code
     Shape of augmentation charge: BESSEL
     Using radial grid of 1114 points,  8 beta functions with: 
                l(1) =   0
                l(2) =   0
                l(3) =   1
                l(4) =   1
                l(5) =   2
                l(6) =   2
                l(7) =   3
                l(8) =   3
     Q(r) pseudized with 0 coefficients 


     PseudoPot. # 2 for Mn read from file:
     /home/pragov/projects/rrg-bengioy-ad/pragov/crystal_structure_design/SSSP/mn_pbe_v1.5.uspp.F.UPF
     MD5 check sum: 82ef2b46521d7a7d9e736dc3972e4928
     Pseudo is Ultrasoft + core correction, Zval = 15.0
     Generated by new atomic code, or converted to UPF format
     Using radial grid of  859 points,  6 beta functions with: 
                l(1) =   0
                l(2) =   0
                l(3) =   1
                l(4) =   1
                l(5) =   2
                l(6) =   2
     Q(r) pseudized with  8 coefficients,  rinner =    0.950   0.950   0.950
                                                       0.950   0.950

     PseudoPot. # 3 for Ge read from file:
     /home/pragov/projects/rrg-bengioy-ad/pragov/crystal_structure_design/SSSP/ge_pbe_v1.4.uspp.F.UPF
     MD5 check sum: 9c9eaa91e581c3f09632fb3098b2c6b2
     Pseudo is Ultrasoft + core correction, Zval = 14.0
     Generated by new atomic code, or converted to UPF format
     Using radial grid of  873 points,  6 beta functions with: 
                l(1) =   0
                l(2) =   0
                l(3) =   1
                l(4) =   1
                l(5) =   2
                l(6) =   2
     Q(r) pseudized with  8 coefficients,  rinner =    1.400   1.400   1.400
                                                       1.400   1.400

     atomic species   valence    mass     pseudopotential
        Er            22.00   167.25900     Er( 1.00)
        Mn            15.00    54.93804     Mn( 1.00)
        Ge            14.00    72.63000     Ge( 1.00)

     24 Sym. Ops., with inversion, found


                                    s                        frac. trans.

      isym =  1     identity                                     

 cryst.   s( 1) = (     1          0          0      )
                  (     0          1          0      )
                  (     0          0          1      )

 cart.    s( 1) = (  1.0000000  0.0000000  0.0000000 )
                  (  0.0000000  1.0000000  0.0000000 )
                  (  0.0000000  0.0000000  1.0000000 )


      isym =  2     180 deg rotation - cart. axis [0,0,1]        

 cryst.   s( 2) = (    -1          0          0      )
                  (     0         -1          0      )
                  (     0          0          1      )

 cart.    s( 2) = ( -1.0000000 -0.0000000  0.0000000 )
                  (  0.0000000 -1.0000000  0.0000000 )
                  (  0.0000000  0.0000000  1.0000000 )


      isym =  3     180 deg rotation - cart. axis [0,1,0]        

 cryst.   s( 3) = (    -1          0          0      )
                  (     1          1          0      )
                  (     0          0         -1      )

 cart.    s( 3) = ( -1.0000000  0.0000002  0.0000000 )
                  (  0.0000000  1.0000000  0.0000000 )
                  (  0.0000000  0.0000000 -1.0000000 )


      isym =  4     180 deg rotation - cart. axis [1,0,0]        

 cryst.   s( 4) = (     1          0          0      )
                  (    -1         -1          0      )
                  (     0          0         -1      )

 cart.    s( 4) = (  1.0000000 -0.0000002  0.0000000 )
                  (  0.0000000 -1.0000000  0.0000000 )
                  (  0.0000000  0.0000000 -1.0000000 )


      isym =  5      60 deg rotation - cryst. axis [0,0,1]       

 cryst.   s( 5) = (     1          1          0      )
                  (    -1          0          0      )
                  (     0          0          1      )

 cart.    s( 5) = (  0.5000001 -0.8660255  0.0000000 )
                  (  0.8660253  0.4999999  0.0000000 )
                  (  0.0000000  0.0000000  1.0000000 )


      isym =  6      60 deg rotation - cryst. axis [0,0,-1]      

 cryst.   s( 6) = (     0         -1          0      )
                  (     1          1          0      )
                  (     0          0          1      )

 cart.    s( 6) = (  0.4999999  0.8660255  0.0000000 )
                  ( -0.8660253  0.5000001  0.0000000 )
                  (  0.0000000  0.0000000  1.0000000 )


      isym =  7     120 deg rotation - cryst. axis [0,0,1]       

 cryst.   s( 7) = (     0          1          0      )
                  (    -1         -1          0      )
                  (     0          0          1      )

 cart.    s( 7) = ( -0.4999999 -0.8660255  0.0000000 )
                  (  0.8660253 -0.5000001  0.0000000 )
                  (  0.0000000  0.0000000  1.0000000 )


      isym =  8     120 deg rotation - cryst. axis [0,0,-1]      

 cryst.   s( 8) = (    -1         -1          0      )
                  (     1          0          0      )
                  (     0          0          1      )

 cart.    s( 8) = ( -0.5000001  0.8660255  0.0000000 )
                  ( -0.8660253 -0.4999999  0.0000000 )
                  (  0.0000000  0.0000000  1.0000000 )


      isym =  9     180 deg rotation - cryst. axis [1,-1,0]      

 cryst.   s( 9) = (     0         -1          0      )
                  (    -1          0          0      )
                  (     0          0         -1      )

 cart.    s( 9) = (  0.4999999 -0.8660256  0.0000000 )
                  ( -0.8660253 -0.4999999  0.0000000 )
                  (  0.0000000  0.0000000 -1.0000000 )


      isym = 10     180 deg rotation - cryst. axis [2,1,0]       

 cryst.   s(10) = (     1          1          0      )
                  (     0         -1          0      )
                  (     0          0         -1      )

 cart.    s(10) = (  0.5000001  0.8660254  0.0000000 )
                  (  0.8660253 -0.5000001  0.0000000 )
                  (  0.0000000  0.0000000 -1.0000000 )


      isym = 11     180 deg rotation - cryst. axis [0,1,0]       

 cryst.   s(11) = (    -1         -1          0      )
                  (     0          1          0      )
                  (     0          0         -1      )

 cart.    s(11) = ( -0.5000001 -0.8660254  0.0000000 )
                  ( -0.8660253  0.5000001  0.0000000 )
                  (  0.0000000  0.0000000 -1.0000000 )


      isym = 12     180 deg rotation - cryst. axis [1,1,0]       

 cryst.   s(12) = (     0          1          0      )
                  (     1          0          0      )
                  (     0          0         -1      )

 cart.    s(12) = ( -0.4999999  0.8660256  0.0000000 )
                  (  0.8660253  0.4999999  0.0000000 )
                  (  0.0000000  0.0000000 -1.0000000 )


      isym = 13     inversion                                    

 cryst.   s(13) = (    -1          0          0      )
                  (     0         -1          0      )
                  (     0          0         -1      )

 cart.    s(13) = ( -1.0000000 -0.0000000  0.0000000 )
                  (  0.0000000 -1.0000000  0.0000000 )
                  (  0.0000000  0.0000000 -1.0000000 )


      isym = 14     inv. 180 deg rotation - cart. axis [0,0,1]   

 cryst.   s(14) = (     1          0          0      )
                  (     0          1          0      )
                  (     0          0         -1      )

 cart.    s(14) = (  1.0000000  0.0000000  0.0000000 )
                  (  0.0000000  1.0000000  0.0000000 )
                  (  0.0000000  0.0000000 -1.0000000 )


      isym = 15     inv. 180 deg rotation - cart. axis [0,1,0]   

 cryst.   s(15) = (     1          0          0      )
                  (    -1         -1          0      )
                  (     0          0          1      )

 cart.    s(15) = (  1.0000000 -0.0000002  0.0000000 )
                  (  0.0000000 -1.0000000  0.0000000 )
                  (  0.0000000  0.0000000  1.0000000 )


      isym = 16     inv. 180 deg rotation - cart. axis [1,0,0]   

 cryst.   s(16) = (    -1          0          0      )
                  (     1          1          0      )
                  (     0          0          1      )

 cart.    s(16) = ( -1.0000000  0.0000002  0.0000000 )
                  (  0.0000000  1.0000000  0.0000000 )
                  (  0.0000000  0.0000000  1.0000000 )


      isym = 17     inv.  60 deg rotation - cryst. axis [0,0,1]  

 cryst.   s(17) = (    -1         -1          0      )
                  (     1          0          0      )
                  (     0          0         -1      )

 cart.    s(17) = ( -0.5000001  0.8660255  0.0000000 )
                  ( -0.8660253 -0.4999999  0.0000000 )
                  (  0.0000000  0.0000000 -1.0000000 )


      isym = 18     inv.  60 deg rotation - cryst. axis [0,0,-1] 

 cryst.   s(18) = (     0          1          0      )
                  (    -1         -1          0      )
                  (     0          0         -1      )

 cart.    s(18) = ( -0.4999999 -0.8660255  0.0000000 )
                  (  0.8660253 -0.5000001  0.0000000 )
                  (  0.0000000  0.0000000 -1.0000000 )


      isym = 19     inv. 120 deg rotation - cryst. axis [0,0,1]  

 cryst.   s(19) = (     0         -1          0      )
                  (     1          1          0      )
                  (     0          0         -1      )

 cart.    s(19) = (  0.4999999  0.8660255  0.0000000 )
                  ( -0.8660253  0.5000001  0.0000000 )
                  (  0.0000000  0.0000000 -1.0000000 )


      isym = 20     inv. 120 deg rotation - cryst. axis [0,0,-1] 

 cryst.   s(20) = (     1          1          0      )
                  (    -1          0          0      )
                  (     0          0         -1      )

 cart.    s(20) = (  0.5000001 -0.8660255  0.0000000 )
                  (  0.8660253  0.4999999  0.0000000 )
                  (  0.0000000  0.0000000 -1.0000000 )


      isym = 21     inv. 180 deg rotation - cryst. axis [1,-1,0] 

 cryst.   s(21) = (     0          1          0      )
                  (     1          0          0      )
                  (     0          0          1      )

 cart.    s(21) = ( -0.4999999  0.8660256  0.0000000 )
                  (  0.8660253  0.4999999  0.0000000 )
                  (  0.0000000  0.0000000  1.0000000 )


      isym = 22     inv. 180 deg rotation - cryst. axis [2,1,0]  

 cryst.   s(22) = (    -1         -1          0      )
                  (     0          1          0      )
                  (     0          0          1      )

 cart.    s(22) = ( -0.5000001 -0.8660254  0.0000000 )
                  ( -0.8660253  0.5000001  0.0000000 )
                  (  0.0000000  0.0000000  1.0000000 )


      isym = 23     inv. 180 deg rotation - cryst. axis [0,1,0]  

 cryst.   s(23) = (     1          1          0      )
                  (     0         -1          0      )
                  (     0          0          1      )

 cart.    s(23) = (  0.5000001  0.8660254  0.0000000 )
                  (  0.8660253 -0.5000001  0.0000000 )
                  (  0.0000000  0.0000000  1.0000000 )


      isym = 24     inv. 180 deg rotation - cryst. axis [1,1,0]  

 cryst.   s(24) = (     0         -1          0      )
                  (    -1          0          0      )
                  (     0          0          1      )

 cart.    s(24) = (  0.4999999 -0.8660256  0.0000000 )
                  ( -0.8660253 -0.4999999  0.0000000 )
                  (  0.0000000  0.0000000  1.0000000 )


   Cartesian axes

     site n.     atom                  positions (alat units)
         1           Er  tau(   1) = (   0.0000000   0.0000000   0.0000000  )
         2           Mn  tau(   2) = (   0.5000000   0.0000000   0.3942315  )
         3           Mn  tau(   3) = (   0.2500000   0.4330126   0.3942315  )
         4           Mn  tau(   4) = (  -0.2500000   0.4330126   0.3942315  )
         5           Mn  tau(   5) = (   0.5000000   0.0000000   1.1793646  )
         6           Mn  tau(   6) = (   0.2500000   0.4330126   1.1793646  )
         7           Mn  tau(   7) = (  -0.2500000   0.4330126   1.1793646  )
         8           Ge  tau(   8) = (   0.0000000   0.0000000   1.0328015  )
         9           Ge  tau(   9) = (  -0.0000004   0.5773505   0.0000000  )
        10           Ge  tau(  10) = (   0.5000005   0.2886748   0.0000000  )
        11           Ge  tau(  11) = (  -0.0000004   0.5773505   0.7867981  )
        12           Ge  tau(  12) = (   0.5000005   0.2886748   0.7867981  )
        13           Ge  tau(  13) = (   0.0000000   0.0000000   0.5407946  )

   Crystallographic axes

     site n.     atom                  positions (cryst. coord.)
         1           Er  tau(   1) = (  0.0000000  0.0000000  0.0000000  )
         2           Mn  tau(   2) = (  0.5000000  0.0000000  0.2505290  )
         3           Mn  tau(   3) = (  0.5000000  0.5000000  0.2505290  )
         4           Mn  tau(   4) = ( -0.0000000  0.5000000  0.2505290  )
         5           Mn  tau(   5) = (  0.5000000  0.0000000  0.7494710  )
         6           Mn  tau(   6) = (  0.5000000  0.5000000  0.7494710  )
         7           Mn  tau(   7) = ( -0.0000000  0.5000000  0.7494710  )
         8           Ge  tau(   8) = (  0.0000000  0.0000000  0.6563320  )
         9           Ge  tau(   9) = (  0.3333330  0.6666670  0.0000000  )
        10           Ge  tau(  10) = (  0.6666670  0.3333330  0.0000000  )
        11           Ge  tau(  11) = (  0.3333330  0.6666670  0.5000000  )
        12           Ge  tau(  12) = (  0.6666670  0.3333330  0.5000000  )
        13           Ge  tau(  13) = (  0.0000000  0.0000000  0.3436680  )

     number of k points=     1  Methfessel-Paxton smearing, width (Ry)=  0.0010
                       cart. coord. in units 2pi/alat
        k(    1) = (   0.0000000   0.0000000   0.0000000), wk =   2.0000000

                       cryst. coord.
        k(    1) = (   0.0000000   0.0000000   0.0000000), wk =   2.0000000

     Dense  grid:    39890 G-vectors     FFT dimensions: (  50,  50,  75)

     Smooth grid:    14121 G-vectors     FFT dimensions: (  36,  36,  54)

     Dynamical RAM for                 wfc:       3.18 MB

     Dynamical RAM for     wfc (w. buffer):       3.18 MB

     Dynamical RAM for           str. fact:       1.83 MB

     Dynamical RAM for           local pot:       0.00 MB

     Dynamical RAM for          nlocal pot:       6.68 MB

     Dynamical RAM for                qrad:       8.96 MB

     Dynamical RAM for          rho,v,vnew:       6.12 MB

     Dynamical RAM for               rhoin:       2.04 MB

     Dynamical RAM for            rho*nmix:       9.74 MB

     Dynamical RAM for           G-vectors:       2.39 MB

     Dynamical RAM for          h,s,v(r/c):       1.27 MB

     Dynamical RAM for          <psi|beta>:       0.22 MB

     Dynamical RAM for                 psi:       6.36 MB

     Dynamical RAM for                hpsi:       6.36 MB

     Dynamical RAM for                spsi:       6.36 MB

     Dynamical RAM for      wfcinit/wfcrot:       9.45 MB

     Dynamical RAM for           addusdens:     341.47 MB

     Dynamical RAM for          addusforce:     347.93 MB

     Dynamical RAM for         addusstress:     354.25 MB

     Estimated static dynamical RAM per process >      40.77 MB

     Estimated max dynamical RAM per process >     404.76 MB

     Check: negative core charge=   -0.000022

     Initial potential from superposition of free atoms

     starting charge     192.9900, renormalised to     196.0000
     Starting wfcs are  164 randomized atomic wfcs
     Checking if some PAW data can be deallocated... 

     total cpu time spent up to now is        6.7 secs

     Self-consistent Calculation

     iteration #  1     ecut=    30.00 Ry     beta= 0.70
     Davidson diagonalization with overlap

---- Real-time Memory Report at c_bands before calling an iterative solver
           654 MiB given to the printing process from OS
             0 MiB allocation reported by mallinfo(arena+hblkhd)
        170719 MiB available memory on the node where the printing process lives
------------------
     ethr =  1.00E-02,  avg # of iterations =  2.0

     total cpu time spent up to now is        8.0 secs

     total energy              =   -3341.00085689 Ry
     estimated scf accuracy    <      78.74516687 Ry

     iteration #  2     ecut=    30.00 Ry     beta= 0.70
     Davidson diagonalization with overlap

---- Real-time Memory Report at c_bands before calling an iterative solver
           823 MiB given to the printing process from OS
             0 MiB allocation reported by mallinfo(arena+hblkhd)
        170691 MiB available memory on the node where the printing process lives
------------------
     ethr =  1.00E-02,  avg # of iterations = 10.0

     total cpu time spent up to now is       10.6 secs

     total energy              =   -3382.47103203 Ry
     estimated scf accuracy    <    1253.56486263 Ry

     iteration #  3     ecut=    30.00 Ry     beta= 0.70
     Davidson diagonalization with overlap

---- Real-time Memory Report at c_bands before calling an iterative solver
           854 MiB given to the printing process from OS
             0 MiB allocation reported by mallinfo(arena+hblkhd)
        170660 MiB available memory on the node where the printing process lives
------------------
     ethr =  1.00E-02,  avg # of iterations =  7.0

     total cpu time spent up to now is       12.4 secs

     total energy              =   -3447.62681156 Ry
     estimated scf accuracy    <     134.54859844 Ry

     iteration #  4     ecut=    30.00 Ry     beta= 0.70
     Davidson diagonalization with overlap

---- Real-time Memory Report at c_bands before calling an iterative solver
           854 MiB given to the printing process from OS
             0 MiB allocation reported by mallinfo(arena+hblkhd)
        170654 MiB available memory on the node where the printing process lives
------------------
     ethr =  1.00E-02,  avg # of iterations =  5.0

     total cpu time spent up to now is       13.9 secs

     total energy              =   -3448.63122440 Ry
     estimated scf accuracy    <     163.22511936 Ry

     iteration #  5     ecut=    30.00 Ry     beta= 0.70
     Davidson diagonalization with overlap

---- Real-time Memory Report at c_bands before calling an iterative solver
           856 MiB given to the printing process from OS
             0 MiB allocation reported by mallinfo(arena+hblkhd)
        170658 MiB available memory on the node where the printing process lives
------------------
     ethr =  1.00E-02,  avg # of iterations =  2.0

     total cpu time spent up to now is       15.2 secs

     total energy              =   -3446.26284999 Ry
     estimated scf accuracy    <     113.21335259 Ry

     iteration #  6     ecut=    30.00 Ry     beta= 0.70
     Davidson diagonalization with overlap

---- Real-time Memory Report at c_bands before calling an iterative solver
           856 MiB given to the printing process from OS
             0 MiB allocation reported by mallinfo(arena+hblkhd)
        170657 MiB available memory on the node where the printing process lives
------------------
     ethr =  1.00E-02,  avg # of iterations =  2.0

     total cpu time spent up to now is       16.5 secs

     total energy              =   -3441.56058514 Ry
     estimated scf accuracy    <      53.75646963 Ry

     iteration #  7     ecut=    30.00 Ry     beta= 0.70
     Davidson diagonalization with overlap

---- Real-time Memory Report at c_bands before calling an iterative solver
           856 MiB given to the printing process from OS
             0 MiB allocation reported by mallinfo(arena+hblkhd)
        170659 MiB available memory on the node where the printing process lives
------------------
     ethr =  1.00E-02,  avg # of iterations =  1.0

     total cpu time spent up to now is       17.8 secs

     total energy              =   -3441.93073835 Ry
     estimated scf accuracy    <      28.78932210 Ry

     iteration #  8     ecut=    30.00 Ry     beta= 0.70
     Davidson diagonalization with overlap

---- Real-time Memory Report at c_bands before calling an iterative solver
           856 MiB given to the printing process from OS
             0 MiB allocation reported by mallinfo(arena+hblkhd)
        170657 MiB available memory on the node where the printing process lives
------------------
     ethr =  1.00E-02,  avg # of iterations =  1.0

     total cpu time spent up to now is       19.1 secs

     total energy              =   -3441.68747825 Ry
     estimated scf accuracy    <      20.40861105 Ry

     iteration #  9     ecut=    30.00 Ry     beta= 0.70
     Davidson diagonalization with overlap

---- Real-time Memory Report at c_bands before calling an iterative solver
           858 MiB given to the printing process from OS
             0 MiB allocation reported by mallinfo(arena+hblkhd)
        170657 MiB available memory on the node where the printing process lives
------------------
     ethr =  1.00E-02,  avg # of iterations =  1.0

     total cpu time spent up to now is       20.3 secs

     total energy              =   -3441.49704381 Ry
     estimated scf accuracy    <      20.46308690 Ry

     iteration # 10     ecut=    30.00 Ry     beta= 0.70
     Davidson diagonalization with overlap

---- Real-time Memory Report at c_bands before calling an iterative solver
           859 MiB given to the printing process from OS
             0 MiB allocation reported by mallinfo(arena+hblkhd)
        170654 MiB available memory on the node where the printing process lives
------------------
     ethr =  1.00E-02,  avg # of iterations =  1.0

     total cpu time spent up to now is       21.6 secs

     total energy              =   -3425.30303420 Ry
     estimated scf accuracy    <      20.32603525 Ry

     iteration # 11     ecut=    30.00 Ry     beta= 0.70
     Davidson diagonalization with overlap

---- Real-time Memory Report at c_bands before calling an iterative solver
           860 MiB given to the printing process from OS
             0 MiB allocation reported by mallinfo(arena+hblkhd)
        170654 MiB available memory on the node where the printing process lives
------------------
     ethr =  1.00E-02,  avg # of iterations =  4.0

     total cpu time spent up to now is       23.0 secs

     total energy              =   -3437.16664829 Ry
     estimated scf accuracy    <     157.62288222 Ry

     iteration # 12     ecut=    30.00 Ry     beta= 0.70
     Davidson diagonalization with overlap

---- Real-time Memory Report at c_bands before calling an iterative solver
           860 MiB given to the printing process from OS
             0 MiB allocation reported by mallinfo(arena+hblkhd)
        170656 MiB available memory on the node where the printing process lives
------------------
     ethr =  1.00E-02,  avg # of iterations =  2.0

     total cpu time spent up to now is       24.3 secs

     total energy              =   -3428.44110417 Ry
     estimated scf accuracy    <     129.24850030 Ry

     iteration # 13     ecut=    30.00 Ry     beta= 0.70
     Davidson diagonalization with overlap

---- Real-time Memory Report at c_bands before calling an iterative solver
           860 MiB given to the printing process from OS
             0 MiB allocation reported by mallinfo(arena+hblkhd)
        170655 MiB available memory on the node where the printing process lives
------------------
     ethr =  1.00E-02,  avg # of iterations =  3.0

     total cpu time spent up to now is       25.7 secs

     total energy              =   -3435.28262512 Ry
     estimated scf accuracy    <      18.38356021 Ry

     iteration # 14     ecut=    30.00 Ry     beta= 0.70
     Davidson diagonalization with overlap

---- Real-time Memory Report at c_bands before calling an iterative solver
           860 MiB given to the printing process from OS
             0 MiB allocation reported by mallinfo(arena+hblkhd)
        170655 MiB available memory on the node where the printing process lives
------------------
     ethr =  9.38E-03,  avg # of iterations =  1.0

     total cpu time spent up to now is       27.1 secs

     total energy              =   -3435.45732702 Ry
     estimated scf accuracy    <      13.74093203 Ry

     iteration # 15     ecut=    30.00 Ry     beta= 0.70
     Davidson diagonalization with overlap

---- Real-time Memory Report at c_bands before calling an iterative solver
           860 MiB given to the printing process from OS
             0 MiB allocation reported by mallinfo(arena+hblkhd)
        170657 MiB available memory on the node where the printing process lives
------------------
     ethr =  7.01E-03,  avg # of iterations =  1.0

     total cpu time spent up to now is       28.4 secs

     total energy              =   -3435.59740918 Ry
     estimated scf accuracy    <      13.95933737 Ry

     iteration # 16     ecut=    30.00 Ry     beta= 0.70
     Davidson diagonalization with overlap

---- Real-time Memory Report at c_bands before calling an iterative solver
           860 MiB given to the printing process from OS
             0 MiB allocation reported by mallinfo(arena+hblkhd)
        170659 MiB available memory on the node where the printing process lives
------------------
     ethr =  7.01E-03,  avg # of iterations =  1.0

     total cpu time spent up to now is       29.7 secs

     total energy              =   -3434.95291910 Ry
     estimated scf accuracy    <      11.46984192 Ry

     iteration # 17     ecut=    30.00 Ry     beta= 0.70
     Davidson diagonalization with overlap

---- Real-time Memory Report at c_bands before calling an iterative solver
           860 MiB given to the printing process from OS
             0 MiB allocation reported by mallinfo(arena+hblkhd)
        170658 MiB available memory on the node where the printing process lives
------------------
     ethr =  5.85E-03,  avg # of iterations =  1.0

     total cpu time spent up to now is       31.0 secs

     total energy              =   -3434.32100663 Ry
     estimated scf accuracy    <      53.96984587 Ry

     iteration # 18     ecut=    30.00 Ry     beta= 0.70
     Davidson diagonalization with overlap

---- Real-time Memory Report at c_bands before calling an iterative solver
           860 MiB given to the printing process from OS
             0 MiB allocation reported by mallinfo(arena+hblkhd)
        170659 MiB available memory on the node where the printing process lives
------------------
     ethr =  5.85E-03,  avg # of iterations =  1.0

     total cpu time spent up to now is       32.2 secs

     total energy              =   -3435.43110891 Ry
     estimated scf accuracy    <      19.35587382 Ry

     iteration # 19     ecut=    30.00 Ry     beta= 0.70
     Davidson diagonalization with overlap

---- Real-time Memory Report at c_bands before calling an iterative solver
           860 MiB given to the printing process from OS
             0 MiB allocation reported by mallinfo(arena+hblkhd)
        170660 MiB available memory on the node where the printing process lives
------------------
     ethr =  5.85E-03,  avg # of iterations =  1.0

     total cpu time spent up to now is       33.5 secs

     total energy              =   -3434.54684863 Ry
     estimated scf accuracy    <      25.05127342 Ry

     iteration # 20     ecut=    30.00 Ry     beta= 0.70
     Davidson diagonalization with overlap

---- Real-time Memory Report at c_bands before calling an iterative solver
           860 MiB given to the printing process from OS
             0 MiB allocation reported by mallinfo(arena+hblkhd)
        170660 MiB available memory on the node where the printing process lives
------------------
     ethr =  5.85E-03,  avg # of iterations =  1.0

     total cpu time spent up to now is       34.9 secs

     total energy              =   -3435.23766703 Ry
     estimated scf accuracy    <      10.27362306 Ry

     iteration # 21     ecut=    30.00 Ry     beta= 0.70
     Davidson diagonalization with overlap

---- Real-time Memory Report at c_bands before calling an iterative solver
           860 MiB given to the printing process from OS
             0 MiB allocation reported by mallinfo(arena+hblkhd)
        170661 MiB available memory on the node where the printing process lives
------------------
     ethr =  5.24E-03,  avg # of iterations =  1.0

     total cpu time spent up to now is       36.1 secs

     total energy              =   -3427.76713957 Ry
     estimated scf accuracy    <      16.91334942 Ry

     iteration # 22     ecut=    30.00 Ry     beta= 0.70
     Davidson diagonalization with overlap

---- Real-time Memory Report at c_bands before calling an iterative solver
           861 MiB given to the printing process from OS
             0 MiB allocation reported by mallinfo(arena+hblkhd)
        170669 MiB available memory on the node where the printing process lives
------------------
     ethr =  5.24E-03,  avg # of iterations =  4.0

     total cpu time spent up to now is       37.8 secs

     total energy              =   -3435.17387485 Ry
     estimated scf accuracy    <     248.88376313 Ry

     iteration # 23     ecut=    30.00 Ry     beta= 0.70
     Davidson diagonalization with overlap

---- Real-time Memory Report at c_bands before calling an iterative solver
           861 MiB given to the printing process from OS
             0 MiB allocation reported by mallinfo(arena+hblkhd)
        170666 MiB available memory on the node where the printing process lives
------------------
     ethr =  5.24E-03,  avg # of iterations =  3.0

     total cpu time spent up to now is       39.2 secs

     total energy              =   -3434.13599501 Ry
     estimated scf accuracy    <     111.41667135 Ry

     iteration # 24     ecut=    30.00 Ry     beta= 0.70
     Davidson diagonalization with overlap

---- Real-time Memory Report at c_bands before calling an iterative solver
           861 MiB given to the printing process from OS
             0 MiB allocation reported by mallinfo(arena+hblkhd)
        170666 MiB available memory on the node where the printing process lives
------------------
     ethr =  5.24E-03,  avg # of iterations =  4.0

     total cpu time spent up to now is       40.6 secs

     total energy              =   -3434.48812394 Ry
     estimated scf accuracy    <       6.21925102 Ry

     iteration # 25     ecut=    30.00 Ry     beta= 0.70
     Davidson diagonalization with overlap

---- Real-time Memory Report at c_bands before calling an iterative solver
           861 MiB given to the printing process from OS
             0 MiB allocation reported by mallinfo(arena+hblkhd)
        170664 MiB available memory on the node where the printing process lives
------------------
     ethr =  3.17E-03,  avg # of iterations =  1.0

     total cpu time spent up to now is       41.9 secs

     total energy              =   -3427.28675788 Ry
     estimated scf accuracy    <     100.64903030 Ry

     iteration # 26     ecut=    30.00 Ry     beta= 0.70
     Davidson diagonalization with overlap

---- Real-time Memory Report at c_bands before calling an iterative solver
           861 MiB given to the printing process from OS
             0 MiB allocation reported by mallinfo(arena+hblkhd)
        170666 MiB available memory on the node where the printing process lives
------------------
     ethr =  3.17E-03,  avg # of iterations =  2.0

     total cpu time spent up to now is       43.3 secs

     total energy              =   -3434.59689870 Ry
     estimated scf accuracy    <      41.30461555 Ry

     iteration # 27     ecut=    30.00 Ry     beta= 0.70
     Davidson diagonalization with overlap

---- Real-time Memory Report at c_bands before calling an iterative solver
           861 MiB given to the printing process from OS
             0 MiB allocation reported by mallinfo(arena+hblkhd)
        170666 MiB available memory on the node where the printing process lives
------------------
     ethr =  3.17E-03,  avg # of iterations =  2.0

     total cpu time spent up to now is       44.6 secs

     total energy              =   -3433.36008280 Ry
     estimated scf accuracy    <       9.78385787 Ry

     iteration # 28     ecut=    30.00 Ry     beta= 0.70
     Davidson diagonalization with overlap

---- Real-time Memory Report at c_bands before calling an iterative solver
           861 MiB given to the printing process from OS
             0 MiB allocation reported by mallinfo(arena+hblkhd)
        170665 MiB available memory on the node where the printing process lives
------------------
     ethr =  3.17E-03,  avg # of iterations =  2.0

     total cpu time spent up to now is       45.9 secs

     total energy              =   -3434.65460540 Ry
     estimated scf accuracy    <     113.96705496 Ry

     iteration # 29     ecut=    30.00 Ry     beta= 0.70
     Davidson diagonalization with overlap

---- Real-time Memory Report at c_bands before calling an iterative solver
           861 MiB given to the printing process from OS
             0 MiB allocation reported by mallinfo(arena+hblkhd)
        170668 MiB available memory on the node where the printing process lives
------------------
     ethr =  3.17E-03,  avg # of iterations =  1.0

     total cpu time spent up to now is       47.2 secs

     total energy              =   -3432.02500026 Ry
     estimated scf accuracy    <      70.43137748 Ry

     iteration # 30     ecut=    30.00 Ry     beta= 0.70
     Davidson diagonalization with overlap

---- Real-time Memory Report at c_bands before calling an iterative solver
           861 MiB given to the printing process from OS
             0 MiB allocation reported by mallinfo(arena+hblkhd)
        170668 MiB available memory on the node where the printing process lives
------------------
     ethr =  3.17E-03,  avg # of iterations =  2.0

     total cpu time spent up to now is       48.6 secs

     total energy              =   -3436.52720471 Ry
     estimated scf accuracy    <      13.82088249 Ry

     iteration # 31     ecut=    30.00 Ry     beta= 0.70
     Davidson diagonalization with overlap

---- Real-time Memory Report at c_bands before calling an iterative solver
           861 MiB given to the printing process from OS
             0 MiB allocation reported by mallinfo(arena+hblkhd)
        170667 MiB available memory on the node where the printing process lives
------------------
     ethr =  3.17E-03,  avg # of iterations =  2.0

     total cpu time spent up to now is       49.9 secs

     total energy              =   -3434.46868048 Ry
     estimated scf accuracy    <      38.68976770 Ry

     iteration # 32     ecut=    30.00 Ry     beta= 0.70
     Davidson diagonalization with overlap

---- Real-time Memory Report at c_bands before calling an iterative solver
           861 MiB given to the printing process from OS
             0 MiB allocation reported by mallinfo(arena+hblkhd)
        170669 MiB available memory on the node where the printing process lives
------------------
     ethr =  3.17E-03,  avg # of iterations =  2.0

     total cpu time spent up to now is       51.2 secs

     total energy              =   -3435.10223809 Ry
     estimated scf accuracy    <       9.59021598 Ry

     iteration # 33     ecut=    30.00 Ry     beta= 0.70
     Davidson diagonalization with overlap

---- Real-time Memory Report at c_bands before calling an iterative solver
           861 MiB given to the printing process from OS
             0 MiB allocation reported by mallinfo(arena+hblkhd)
        170669 MiB available memory on the node where the printing process lives
------------------
     ethr =  3.17E-03,  avg # of iterations =  1.0

     total cpu time spent up to now is       52.5 secs

     total energy              =   -3435.12741261 Ry
     estimated scf accuracy    <       8.92707095 Ry

     iteration # 34     ecut=    30.00 Ry     beta= 0.70
     Davidson diagonalization with overlap

---- Real-time Memory Report at c_bands before calling an iterative solver
           861 MiB given to the printing process from OS
             0 MiB allocation reported by mallinfo(arena+hblkhd)
        170668 MiB available memory on the node where the printing process lives
------------------
     ethr =  3.17E-03,  avg # of iterations =  1.0

     total cpu time spent up to now is       53.8 secs

