
     Program PWSCF v.7.0 starts on 21May2023 at 18: 6:10 

     This program is part of the open-source Quantum ESPRESSO suite
     for quantum simulation of materials; please cite
         "P. Giannozzi et al., J. Phys.:Condens. Matter 21 395502 (2009);
         "P. Giannozzi et al., J. Phys.:Condens. Matter 29 465901 (2017);
         "P. Giannozzi et al., J. Chem. Phys. 152 154105 (2020);
          URL http://www.quantum-espresso.org", 
     in publications or presentations arising from this work. More details at
     http://www.quantum-espresso.org/quote

     Parallel version (MPI & OpenMP), running on      32 processor cores
     Number of MPI processes:                 1
     Threads/MPI process:                    32

     MPI processes distributed on     1 nodes
     144231 MiB available memory on the printing compute node when the environment starts
 
     Reading input from espresso_6924.pwi
Warning: card &CELL ignored
Warning: card / ignored

     Current dimensions of program PWSCF are:
     Max number of different atomic species (ntypx) = 10
     Max number of k-points (npk) =  40000
     Max angular momentum in pseudopotentials (lmaxx) =  4

     gamma-point specific algorithms are used
     Message from routine setup:
     using ibrav=0 with symmetry is DISCOURAGED, use correct ibrav instead

     Subspace diagonalization in iterative solution of the eigenvalue problem:
     a serial algorithm will be used

 
     G-vector sticks info
     --------------------
     sticks:   dense  smooth     PW     G-vecs:    dense   smooth      PW
     Sum        1519     757    199                39237    13851    1807
 
     Using Slab Decomposition
 


     bravais-lattice index     =            0
     lattice parameter (alat)  =       9.5986  a.u.
     unit-cell volume          =     625.3265 (a.u.)^3
     number of atoms/cell      =            4
     number of atomic types    =            3
     number of electrons       =        34.00
     number of Kohn-Sham states=           21
     kinetic-energy cutoff     =      30.0000  Ry
     charge density cutoff     =     240.0000  Ry
     scf convergence threshold =      1.0E-06
     mixing beta               =       0.7000
     number of iterations used =            8  plain     mixing
     Exchange-correlation= SLA  PW   PBE  PBE
                           (   1   4   3   4   0   0   0)

     celldm(1)=   9.598586  celldm(2)=   0.000000  celldm(3)=   0.000000
     celldm(4)=   0.000000  celldm(5)=   0.000000  celldm(6)=   0.000000

     crystal axes: (cart. coord. in units of alat)
               a(1) = (   1.000000   0.000000   0.000000 )  
               a(2) = (   0.500000   0.866025   0.000000 )  
               a(3) = (   0.500000   0.288675   0.816497 )  

     reciprocal axes: (cart. coord. in units 2 pi/alat)
               b(1) = (  1.000000 -0.577350 -0.408248 )  
               b(2) = (  0.000000  1.154701 -0.408248 )  
               b(3) = (  0.000000  0.000000  1.224745 )  


     PseudoPot. # 1 for Li read from file:
     /home/pragov/projects/rrg-bengioy-ad/pragov/crystal_structure_design/SSSP/li_pbe_v1.4.uspp.F.UPF
     MD5 check sum: e912e257baa3777c20ea3d68f190483c
     Pseudo is Ultrasoft, Zval =  3.0
     Generated by new atomic code, or converted to UPF format
     Using radial grid of  751 points,  5 beta functions with: 
                l(1) =   0
                l(2) =   0
                l(3) =   0
                l(4) =   1
                l(5) =   1
     Q(r) pseudized with 10 coefficients,  rinner =    1.150   1.150   1.150


     PseudoPot. # 2 for Tl read from file:
     /home/pragov/projects/rrg-bengioy-ad/pragov/crystal_structure_design/SSSP/Tl_pbe_v1.2.uspp.F.UPF
     MD5 check sum: b76cf1f7e72655a2b2c53cf6385d7059
     Pseudo is Ultrasoft + core correction, Zval = 13.0
     Generated by new atomic code, or converted to UPF format
     Using radial grid of  899 points,  6 beta functions with: 
                l(1) =   0
                l(2) =   0
                l(3) =   1
                l(4) =   1
                l(5) =   2
                l(6) =   2
     Q(r) pseudized with  6 coefficients,  rinner =    1.100   1.100   1.100
                                                       1.100   1.100

     PseudoPot. # 3 for Bi read from file:
     /home/pragov/projects/rrg-bengioy-ad/pragov/crystal_structure_design/SSSP/Bi_pbe_v1.uspp.F.UPF
     MD5 check sum: cceb9f28ec65b6d7ff33140f5b0b1758
     Pseudo is Ultrasoft + core correction, Zval = 15.0
     Generated by new atomic code, or converted to UPF format
     Using radial grid of  899 points,  6 beta functions with: 
                l(1) =   0
                l(2) =   0
                l(3) =   1
                l(4) =   1
                l(5) =   2
                l(6) =   2
     Q(r) pseudized with  6 coefficients,  rinner =    1.000   1.000   1.000
                                                       1.000   1.000

     atomic species   valence    mass     pseudopotential
        Li             3.00     6.94000     Li( 1.00)
        Tl            13.00   204.38000     Tl( 1.00)
        Bi            15.00   208.98040     Bi( 1.00)

     12 Sym. Ops., with inversion, found


                                    s                        frac. trans.

      isym =  1     identity                                     

 cryst.   s( 1) = (     1          0          0      )
                  (     0          1          0      )
                  (     0          0          1      )

 cart.    s( 1) = (  1.0000000  0.0000000  0.0000000 )
                  (  0.0000000  1.0000000 -0.0000000 )
                  (  0.0000000  0.0000000  1.0000000 )


      isym =  2     180 deg rotation - cart. axis [1,0,0]        

 cryst.   s( 2) = (     1          0          0      )
                  (     1         -1          0      )
                  (     1          0         -1      )

 cart.    s( 2) = (  1.0000000  0.0000000  0.0000000 )
                  (  0.0000000 -1.0000000  0.0000000 )
                  (  0.0000000  0.0000000 -1.0000000 )


      isym =  3     120 deg rotation - cryst. axis [0,0,1]       

 cryst.   s( 3) = (    -1          1          0      )
                  (    -1          0          0      )
                  (    -1          0          1      )

 cart.    s( 3) = ( -0.5000000 -0.8660254  0.0000000 )
                  (  0.8660254 -0.5000000  0.0000000 )
                  (  0.0000000  0.0000000  1.0000000 )


      isym =  4     120 deg rotation - cryst. axis [0,0,-1]      

 cryst.   s( 4) = (     0         -1          0      )
                  (     1         -1          0      )
                  (     0         -1          1      )

 cart.    s( 4) = ( -0.5000000  0.8660254 -0.0000000 )
                  ( -0.8660254 -0.5000000  0.0000000 )
                  (  0.0000000  0.0000000  1.0000000 )


      isym =  5     180 deg rotation - cryst. axis [0,1,0]       

 cryst.   s( 5) = (     0         -1          0      )
                  (    -1          0          0      )
                  (     0          0         -1      )

 cart.    s( 5) = ( -0.5000000 -0.8660254  0.0000000 )
                  ( -0.8660254  0.5000000 -0.0000000 )
                  (  0.0000000  0.0000000 -1.0000000 )


      isym =  6     180 deg rotation - cryst. axis [1,1,0]       

 cryst.   s( 6) = (    -1          1          0      )
                  (     0          1          0      )
                  (     0          1         -1      )

 cart.    s( 6) = ( -0.5000000  0.8660254 -0.0000000 )
                  (  0.8660254  0.5000000 -0.0000000 )
                  (  0.0000000  0.0000000 -1.0000000 )


      isym =  7     inversion                                    

 cryst.   s( 7) = (    -1          0          0      )
                  (     0         -1          0      )
                  (     0          0         -1      )

 cart.    s( 7) = ( -1.0000000  0.0000000  0.0000000 )
                  (  0.0000000 -1.0000000  0.0000000 )
                  (  0.0000000  0.0000000 -1.0000000 )


      isym =  8     inv. 180 deg rotation - cart. axis [1,0,0]   

 cryst.   s( 8) = (    -1          0          0      )
                  (    -1          1          0      )
                  (    -1          0          1      )

 cart.    s( 8) = ( -1.0000000  0.0000000  0.0000000 )
                  (  0.0000000  1.0000000 -0.0000000 )
                  (  0.0000000  0.0000000  1.0000000 )


      isym =  9     inv. 120 deg rotation - cryst. axis [0,0,1]  

 cryst.   s( 9) = (     1         -1          0      )
                  (     1          0          0      )
                  (     1          0         -1      )

 cart.    s( 9) = (  0.5000000  0.8660254 -0.0000000 )
                  ( -0.8660254  0.5000000 -0.0000000 )
                  (  0.0000000  0.0000000 -1.0000000 )


      isym = 10     inv. 120 deg rotation - cryst. axis [0,0,-1] 

 cryst.   s(10) = (     0          1          0      )
                  (    -1          1          0      )
                  (     0          1         -1      )

 cart.    s(10) = (  0.5000000 -0.8660254  0.0000000 )
                  (  0.8660254  0.5000000 -0.0000000 )
                  (  0.0000000  0.0000000 -1.0000000 )


      isym = 11     inv. 180 deg rotation - cryst. axis [0,1,0]  

 cryst.   s(11) = (     0          1          0      )
                  (     1          0          0      )
                  (     0          0          1      )

 cart.    s(11) = (  0.5000000  0.8660254 -0.0000000 )
                  (  0.8660254 -0.5000000  0.0000000 )
                  (  0.0000000  0.0000000  1.0000000 )


      isym = 12     inv. 180 deg rotation - cryst. axis [1,1,0]  

 cryst.   s(12) = (     1         -1          0      )
                  (     0         -1          0      )
                  (     0         -1          1      )

 cart.    s(12) = (  0.5000000 -0.8660254  0.0000000 )
                  ( -0.8660254 -0.5000000  0.0000000 )
                  (  0.0000000  0.0000000  1.0000000 )


   Cartesian axes

     site n.     atom                  positions (alat units)
         1           Li  tau(   1) = (   0.5000000   0.2886751   0.2041241  )
         2           Li  tau(   2) = (   1.5000000   0.8660254   0.6123724  )
         3           Tl  tau(   3) = (   0.0000000   0.0000000   0.0000000  )
         4           Bi  tau(   4) = (   1.0000000   0.5773503   0.4082483  )

   Crystallographic axes

     site n.     atom                  positions (cryst. coord.)
         1           Li  tau(   1) = (  0.2500000  0.2500000  0.2500000  )
         2           Li  tau(   2) = (  0.7500000  0.7500000  0.7500000  )
         3           Tl  tau(   3) = (  0.0000000  0.0000000  0.0000000  )
         4           Bi  tau(   4) = (  0.5000000  0.5000000  0.5000000  )

     number of k points=     1  Methfessel-Paxton smearing, width (Ry)=  0.0010
                       cart. coord. in units 2pi/alat
        k(    1) = (   0.0000000   0.0000000   0.0000000), wk =   2.0000000

                       cryst. coord.
        k(    1) = (   0.0000000   0.0000000   0.0000000), wk =   2.0000000

     Dense  grid:    19619 G-vectors     FFT dimensions: (  48,  48,  48)

     Smooth grid:     6926 G-vectors     FFT dimensions: (  36,  36,  36)

     Dynamical RAM for                 wfc:       0.28 MB

     Dynamical RAM for     wfc (w. buffer):       0.28 MB

     Dynamical RAM for           str. fact:       0.90 MB

     Dynamical RAM for           local pot:       0.00 MB

     Dynamical RAM for          nlocal pot:       0.72 MB

     Dynamical RAM for                qrad:       3.73 MB

     Dynamical RAM for          rho,v,vnew:       3.43 MB

     Dynamical RAM for               rhoin:       1.14 MB

     Dynamical RAM for            rho*nmix:       4.79 MB

     Dynamical RAM for           G-vectors:       1.18 MB

     Dynamical RAM for          h,s,v(r/c):       0.04 MB

     Dynamical RAM for          <psi|beta>:       0.01 MB

     Dynamical RAM for                 psi:       0.56 MB

     Dynamical RAM for                hpsi:       0.56 MB

     Dynamical RAM for                spsi:       0.56 MB

     Dynamical RAM for      wfcinit/wfcrot:       0.76 MB

     Dynamical RAM for           addusdens:      56.28 MB

     Dynamical RAM for          addusforce:      57.04 MB

     Dynamical RAM for         addusstress:      60.17 MB

     Estimated static dynamical RAM per process >      16.79 MB

     Estimated max dynamical RAM per process >      81.75 MB

     Check: negative core charge=   -0.000006

     Initial potential from superposition of free atoms

     starting charge      32.0936, renormalised to      34.0000

     negative rho (up, down):  9.537E-02 0.000E+00
     Starting wfcs are   28 randomized atomic wfcs

     total cpu time spent up to now is        8.6 secs

     Self-consistent Calculation

     iteration #  1     ecut=    30.00 Ry     beta= 0.70
     Davidson diagonalization with overlap

---- Real-time Memory Report at c_bands before calling an iterative solver
           293 MiB given to the printing process from OS
             0 MiB allocation reported by mallinfo(arena+hblkhd)
        144155 MiB available memory on the node where the printing process lives
------------------
     ethr =  1.00E-02,  avg # of iterations =  2.0

     negative rho (up, down):  9.006E-02 0.000E+00

     total cpu time spent up to now is        9.8 secs

     total energy              =    -358.21592942 Ry
     estimated scf accuracy    <       1.32048168 Ry

     iteration #  2     ecut=    30.00 Ry     beta= 0.70
     Davidson diagonalization with overlap

---- Real-time Memory Report at c_bands before calling an iterative solver
           326 MiB given to the printing process from OS
             0 MiB allocation reported by mallinfo(arena+hblkhd)
        144073 MiB available memory on the node where the printing process lives
------------------
     ethr =  3.88E-03,  avg # of iterations =  5.0

     negative rho (up, down):  9.155E-02 0.000E+00

     total cpu time spent up to now is       11.1 secs

     total energy              =    -358.42727148 Ry
     estimated scf accuracy    <       1.04314695 Ry

     iteration #  3     ecut=    30.00 Ry     beta= 0.70
     Davidson diagonalization with overlap

---- Real-time Memory Report at c_bands before calling an iterative solver
           330 MiB given to the printing process from OS
             0 MiB allocation reported by mallinfo(arena+hblkhd)
        144068 MiB available memory on the node where the printing process lives
------------------
     ethr =  3.07E-03,  avg # of iterations =  3.0

     negative rho (up, down):  9.406E-02 0.000E+00

     total cpu time spent up to now is       12.3 secs

     total energy              =    -358.70719115 Ry
     estimated scf accuracy    <       0.10571226 Ry

     iteration #  4     ecut=    30.00 Ry     beta= 0.70
     Davidson diagonalization with overlap

---- Real-time Memory Report at c_bands before calling an iterative solver
           330 MiB given to the printing process from OS
             0 MiB allocation reported by mallinfo(arena+hblkhd)
        144069 MiB available memory on the node where the printing process lives
------------------
     ethr =  3.11E-04,  avg # of iterations =  3.0

     negative rho (up, down):  9.430E-02 0.000E+00

     total cpu time spent up to now is       13.7 secs

     total energy              =    -358.72387030 Ry
     estimated scf accuracy    <       0.01201287 Ry

     iteration #  5     ecut=    30.00 Ry     beta= 0.70
     Davidson diagonalization with overlap

---- Real-time Memory Report at c_bands before calling an iterative solver
           330 MiB given to the printing process from OS
             0 MiB allocation reported by mallinfo(arena+hblkhd)
        144068 MiB available memory on the node where the printing process lives
------------------
     ethr =  3.53E-05,  avg # of iterations =  4.0

     negative rho (up, down):  9.414E-02 0.000E+00

     total cpu time spent up to now is       14.4 secs

     total energy              =    -358.72806684 Ry
     estimated scf accuracy    <       0.00051633 Ry

     iteration #  6     ecut=    30.00 Ry     beta= 0.70
     Davidson diagonalization with overlap

---- Real-time Memory Report at c_bands before calling an iterative solver
           332 MiB given to the printing process from OS
             0 MiB allocation reported by mallinfo(arena+hblkhd)
        144065 MiB available memory on the node where the printing process lives
------------------
     ethr =  1.52E-06,  avg # of iterations = 14.0

     negative rho (up, down):  9.409E-02 0.000E+00

     total cpu time spent up to now is       14.7 secs

     total energy              =    -358.72840376 Ry
     estimated scf accuracy    <       0.00008335 Ry

     iteration #  7     ecut=    30.00 Ry     beta= 0.70
     Davidson diagonalization with overlap

---- Real-time Memory Report at c_bands before calling an iterative solver
           332 MiB given to the printing process from OS
             0 MiB allocation reported by mallinfo(arena+hblkhd)
        144065 MiB available memory on the node where the printing process lives
------------------
     ethr =  2.45E-07,  avg # of iterations =  2.0

     negative rho (up, down):  9.402E-02 0.000E+00

     total cpu time spent up to now is       14.9 secs

     total energy              =    -358.72842600 Ry
     estimated scf accuracy    <       0.00001064 Ry

     iteration #  8     ecut=    30.00 Ry     beta= 0.70
     Davidson diagonalization with overlap

---- Real-time Memory Report at c_bands before calling an iterative solver
           332 MiB given to the printing process from OS
             0 MiB allocation reported by mallinfo(arena+hblkhd)
        144067 MiB available memory on the node where the printing process lives
------------------
     ethr =  3.13E-08,  avg # of iterations =  5.0

     negative rho (up, down):  9.400E-02 0.000E+00

     total cpu time spent up to now is       15.2 secs

     total energy              =    -358.72843275 Ry
     estimated scf accuracy    <       0.00000242 Ry

     iteration #  9     ecut=    30.00 Ry     beta= 0.70
     Davidson diagonalization with overlap

---- Real-time Memory Report at c_bands before calling an iterative solver
           332 MiB given to the printing process from OS
             0 MiB allocation reported by mallinfo(arena+hblkhd)
        144067 MiB available memory on the node where the printing process lives
------------------
     ethr =  7.11E-09,  avg # of iterations =  4.0

     negative rho (up, down):  9.398E-02 0.000E+00

     total cpu time spent up to now is       15.5 secs

     End of self-consistent calculation

          k = 0.0000 0.0000 0.0000 (   904 PWs)   bands (ev):

   -40.9673 -40.9659 -12.2448 -12.2447 -12.2446 -12.1869 -12.1867  -3.4735
    -3.4734  -3.4733  -3.3594  -3.3593  -2.1033   3.1384   7.7236   7.7237
     7.7238  10.6329  10.6330  10.7518  10.7540

     occupation numbers 
     1.0000   1.0000   1.0000   1.0000   1.0000   1.0000   1.0000   1.0000
     1.0000   1.0000   1.0000   1.0000   1.0000   1.0000   1.0000   1.0000
     1.0000  -0.0000  -0.0000  -0.0000  -0.0000

     the Fermi energy is     9.2653 ev

!    total energy              =    -358.72843306 Ry
     estimated scf accuracy    <       0.00000041 Ry
     smearing contrib. (-TS)   =       0.00000000 Ry
     internal energy E=F+TS    =    -358.72843306 Ry

     The total energy is F=E-TS. E is the sum of the following terms:
     one-electron contribution =    -103.23560381 Ry
     hartree contribution      =      70.04687734 Ry
     xc contribution           =    -133.78059080 Ry
     ewald contribution        =    -191.75911580 Ry

     convergence has been achieved in   9 iterations

     negative rho (up, down):  9.398E-02 0.000E+00

     Forces acting on atoms (cartesian axes, Ry/au):

     atom    1 type  1   force =     0.00000000    0.00000000   -0.00004070
     atom    2 type  1   force =     0.00000000    0.00000000    0.00004070
     atom    3 type  2   force =     0.00000000    0.00000000   -0.00000000
     atom    4 type  3   force =     0.00000000    0.00000000    0.00000000
     The non-local contrib.  to forces
     atom    1 type  1   force =     0.00000000    0.00000000    0.00000849
     atom    2 type  1   force =     0.00000000    0.00000000   -0.00000849
     atom    3 type  2   force =     0.00000000    0.00000000    0.00000000
     atom    4 type  3   force =     0.00000000    0.00000000    0.00000000
     The ionic contribution  to forces
     atom    1 type  1   force =     0.00000000    0.00000000    0.00000000
     atom    2 type  1   force =    -0.00000000    0.00000000    0.00000000
     atom    3 type  2   force =     0.00000000    0.00000000   -0.00000000
     atom    4 type  3   force =    -0.00000000   -0.00000000   -0.00000000
     The local contribution  to forces
     atom    1 type  1   force =    -0.00007138    0.00000759   -0.00005646
     atom    2 type  1   force =     0.00004765   -0.00000769   -0.00001848
     atom    3 type  2   force =    -0.00000545    0.00008691   -0.00018703
     atom    4 type  3   force =    -0.00008867    0.00009834    0.00032901
     The core correction contribution to forces
     atom    1 type  1   force =     0.00000000    0.00000000    0.00000000
     atom    2 type  1   force =     0.00000000    0.00000000    0.00000000
     atom    3 type  2   force =     0.00001023   -0.00000066   -0.00000617
     atom    4 type  3   force =     0.00000291    0.00000432    0.00001258
     The Hubbard contrib.    to forces
     atom    1 type  1   force =     0.00000000    0.00000000    0.00000000
     atom    2 type  1   force =     0.00000000    0.00000000    0.00000000
     atom    3 type  2   force =     0.00000000    0.00000000    0.00000000
     atom    4 type  3   force =     0.00000000    0.00000000    0.00000000
     The SCF correction term to forces
     atom    1 type  1   force =     0.00002904   -0.00000507   -0.00005538
     atom    2 type  1   force =    -0.00010376    0.00002087    0.00000501
     atom    3 type  2   force =     0.00000320   -0.00010799    0.00053169
     atom    4 type  3   force =     0.00013224    0.00007127   -0.00058816

     Total force =     0.000058     Total SCF correction =     0.000823
     SCF correction compared to forces is large: reduce conv_thr to get better values


     Computing stress (Cartesian axis) and pressure


     negative rho (up, down):  9.398E-02 0.000E+00
          total   stress  (Ry/bohr**3)                   (kbar)     P=      135.21
   0.00091908   0.00000000   0.00000000          135.20        0.00        0.00
   0.00000000   0.00091908  -0.00000000            0.00      135.20       -0.00
   0.00000000  -0.00000000   0.00091926            0.00       -0.00      135.23

     kinetic stress (kbar)   5372.37      0.00     -0.00
                                0.00   5372.37     -0.00
                               -0.00     -0.00   5372.40

     local   stress (kbar)     12.11      0.00      0.08
                                0.00     12.10     -0.02
                                0.08     -0.02     12.07

     nonloc. stress (kbar)   9120.10     -0.00     -0.00
                                0.00   9120.10     -0.00
                               -0.00     -0.00   9120.11

     hartree stress (kbar)   5492.72      0.00     -0.04
                                0.00   5492.73      0.01
                               -0.04      0.01   5492.74

     exc-cor stress (kbar)  17787.87      0.00     -0.00
                                0.00  17787.87      0.00
                               -0.00      0.00  17787.87

     corecor stress (kbar) -22613.16     -0.00      0.00
                               -0.00 -22613.16     -0.00
                                0.00     -0.00 -22613.16

     ewald   stress (kbar) -15036.81     -0.00      0.00
                               -0.00 -15036.81     -0.00
                                0.00     -0.00 -15036.81

     hubbard stress (kbar)      0.00      0.00      0.00
                                0.00      0.00      0.00
                                0.00      0.00      0.00

     DFT-D   stress (kbar)      0.00      0.00      0.00
                                0.00      0.00      0.00
                                0.00      0.00      0.00

     XDM     stress (kbar)      0.00      0.00      0.00
                                0.00      0.00      0.00
                                0.00      0.00      0.00

     dft-nl  stress (kbar)      0.00      0.00      0.00
                                0.00      0.00      0.00
                                0.00      0.00      0.00

     TS-vdW  stress (kbar)      0.00      0.00      0.00
                                0.00      0.00      0.00
                                0.00      0.00      0.00


                                0.00      0.00      0.00
                                0.00      0.00      0.00


                                0.00      0.00      0.00


     Writing all to output data dir new_calculations/myprefix.save/
 
     init_run     :    172.52s CPU      8.42s WALL (       1 calls)
     electrons    :    194.34s CPU      6.87s WALL (       1 calls)
     forces       :      3.20s CPU      0.11s WALL (       1 calls)
     stress       :      9.25s CPU      0.31s WALL (       1 calls)

     Called by init_run:
     wfcinit      :     71.32s CPU      3.11s WALL (       1 calls)
     wfcinit:atom :      0.01s CPU      0.00s WALL (       1 calls)
     wfcinit:wfcr :     71.24s CPU      3.11s WALL (       1 calls)
     potinit      :     32.32s CPU      1.42s WALL (       1 calls)
     hinit0       :     65.89s CPU      3.74s WALL (       1 calls)

     Called by electrons:
     c_bands      :    128.60s CPU      4.55s WALL (       9 calls)
     sum_band     :     43.02s CPU      1.53s WALL (       9 calls)
     v_of_rho     :      3.84s CPU      0.14s WALL (      10 calls)
     v_h          :      0.34s CPU      0.01s WALL (      10 calls)
     v_xc         :      4.09s CPU      0.15s WALL (      12 calls)
     newd         :     19.63s CPU      0.71s WALL (      10 calls)
     mix_rho      :      0.91s CPU      0.03s WALL (       9 calls)

     Called by c_bands:
     init_us_2    :      0.16s CPU      0.01s WALL (      19 calls)
     init_us_2:cp :      0.13s CPU      0.01s WALL (      19 calls)
     regterg      :    128.12s CPU      4.53s WALL (       9 calls)

     Called by sum_band:
     sum_band:wei :      0.01s CPU      0.00s WALL (       9 calls)
     sum_band:loo :     22.94s CPU      0.81s WALL (       9 calls)
     sum_band:buf :      0.01s CPU      0.00s WALL (       9 calls)
     sum_band:ini :      0.07s CPU      0.00s WALL (       9 calls)
     sum_band:cal :      2.41s CPU      0.09s WALL (       9 calls)
     sum_band:bec :      0.04s CPU      0.00s WALL (       9 calls)
     addusdens    :     19.45s CPU      0.70s WALL (       9 calls)
     addusd:skk   :      0.08s CPU      0.00s WALL (      27 calls)
     addusd:dgemm :      1.86s CPU      0.08s WALL (      27 calls)
     addusd:qvan2 :     16.81s CPU      0.58s WALL (      27 calls)

     Called by *egterg:
     rdiaghg      :      1.22s CPU      0.04s WALL (      51 calls)
     regterg:over :      7.27s CPU      0.27s WALL (      42 calls)
     regterg:upda :      0.18s CPU      0.01s WALL (      42 calls)
     regterg:last :      0.26s CPU      0.01s WALL (      22 calls)
     h_psi        :    184.42s CPU      7.09s WALL (      52 calls)
     s_psi        :      0.09s CPU      0.00s WALL (      52 calls)
     g_psi        :      0.07s CPU      0.00s WALL (      42 calls)

     Called by h_psi:
     h_psi:calbec :      7.86s CPU      0.29s WALL (      52 calls)
     vloc_psi     :    176.15s CPU      6.78s WALL (      52 calls)
     add_vuspsi   :      0.13s CPU      0.00s WALL (      52 calls)

     General routines
     calbec       :     10.21s CPU      0.38s WALL (      66 calls)
     fft          :     57.96s CPU      2.90s WALL (     128 calls)
     ffts         :     31.71s CPU      1.39s WALL (      19 calls)
     fftw         :    193.10s CPU      7.38s WALL (     687 calls)
     interpolate  :     32.00s CPU      1.40s WALL (      10 calls)
 
     Parallel routines
 
     PWSCF        :   6m25.57s CPU     37.22s WALL

 
   This run was terminated on:  18: 6:47  21May2023            

=------------------------------------------------------------------------------=
   JOB DONE.
=------------------------------------------------------------------------------=
