
     Program PWSCF v.7.0 starts on 20May2023 at 16:48:34 

     This program is part of the open-source Quantum ESPRESSO suite
     for quantum simulation of materials; please cite
         "P. Giannozzi et al., J. Phys.:Condens. Matter 21 395502 (2009);
         "P. Giannozzi et al., J. Phys.:Condens. Matter 29 465901 (2017);
         "P. Giannozzi et al., J. Chem. Phys. 152 154105 (2020);
          URL http://www.quantum-espresso.org", 
     in publications or presentations arising from this work. More details at
     http://www.quantum-espresso.org/quote

     Parallel version (MPI & OpenMP), running on      32 processor cores
     Number of MPI processes:                 1
     Threads/MPI process:                    32

     MPI processes distributed on     1 nodes
     40732 MiB available memory on the printing compute node when the environment starts
 
     Reading input from espresso_16486.pwi
Warning: card &CELL ignored
Warning: card / ignored

     Current dimensions of program PWSCF are:
     Max number of different atomic species (ntypx) = 10
     Max number of k-points (npk) =  40000
     Max angular momentum in pseudopotentials (lmaxx) =  4
     file In.pbe-dn-rrkjus_psl.0.2.2.UPF: wavefunction(s)  5S renormalized

     gamma-point specific algorithms are used
     Message from routine setup:
     using ibrav=0 with symmetry is DISCOURAGED, use correct ibrav instead

     Subspace diagonalization in iterative solution of the eigenvalue problem:
     a serial algorithm will be used

 
     G-vector sticks info
     --------------------
     sticks:   dense  smooth     PW     G-vecs:    dense   smooth      PW
     Sum        1639     823    199                43895    15473    1917
 
     Using Slab Decomposition
 


     bravais-lattice index     =            0
     lattice parameter (alat)  =       9.9533  a.u.
     unit-cell volume          =     697.2484 (a.u.)^3
     number of atoms/cell      =            4
     number of atomic types    =            3
     number of electrons       =        76.00
     number of Kohn-Sham states=           46
     kinetic-energy cutoff     =      30.0000  Ry
     charge density cutoff     =     240.0000  Ry
     scf convergence threshold =      1.0E-06
     mixing beta               =       0.7000
     number of iterations used =            8  plain     mixing
     Exchange-correlation= PBE
                           (   1   4   3   4   0   0   0)

     celldm(1)=   9.953309  celldm(2)=   0.000000  celldm(3)=   0.000000
     celldm(4)=   0.000000  celldm(5)=   0.000000  celldm(6)=   0.000000

     crystal axes: (cart. coord. in units of alat)
               a(1) = (   1.000000   0.000000   0.000000 )  
               a(2) = (   0.500000   0.866025   0.000000 )  
               a(3) = (   0.500000   0.288675   0.816497 )  

     reciprocal axes: (cart. coord. in units 2 pi/alat)
               b(1) = (  1.000000 -0.577350 -0.408248 )  
               b(2) = (  0.000000  1.154701 -0.408248 )  
               b(3) = (  0.000000  0.000000  1.224745 )  


     PseudoPot. # 1 for Lu read from file:
     /home/pragov/projects/rrg-bengioy-ad/pragov/crystal_structure_design/SSSP/Lu.GGA-PBE-paw-v1.0.UPF
     MD5 check sum: 9ceca61ee0c17e9380a83635bfffa61d
     Pseudo is Projector augmented-wave + core cor, Zval = 25.0
     Generated using ATOMPAW code
     Shape of augmentation charge: BESSEL
     Using radial grid of 1118 points,  8 beta functions with: 
                l(1) =   0
                l(2) =   0
                l(3) =   1
                l(4) =   1
                l(5) =   2
                l(6) =   2
                l(7) =   3
                l(8) =   3
     Q(r) pseudized with 0 coefficients 


     PseudoPot. # 2 for Tl read from file:
     /home/pragov/projects/rrg-bengioy-ad/pragov/crystal_structure_design/SSSP/Tl_pbe_v1.2.uspp.F.UPF
     MD5 check sum: b76cf1f7e72655a2b2c53cf6385d7059
     Pseudo is Ultrasoft + core correction, Zval = 13.0
     Generated by new atomic code, or converted to UPF format
     Using radial grid of  899 points,  6 beta functions with: 
                l(1) =   0
                l(2) =   0
                l(3) =   1
                l(4) =   1
                l(5) =   2
                l(6) =   2
     Q(r) pseudized with  6 coefficients,  rinner =    1.100   1.100   1.100
                                                       1.100   1.100

     PseudoPot. # 3 for In read from file:
     /home/pragov/projects/rrg-bengioy-ad/pragov/crystal_structure_design/SSSP/In.pbe-dn-rrkjus_psl.0.2.2.UPF
     MD5 check sum: 25e7c42c3b55b68f4bf926be2e7201a4
     Pseudo is Ultrasoft + core correction, Zval = 13.0
     Generated using "atomic" code by A. Dal Corso  v.5.0.99 svn rev. 10869
     Using radial grid of 1241 points,  6 beta functions with: 
                l(1) =   0
                l(2) =   0
                l(3) =   1
                l(4) =   1
                l(5) =   2
                l(6) =   2
     Q(r) pseudized with 0 coefficients 


     atomic species   valence    mass     pseudopotential
        Lu            25.00   174.96680     Lu( 1.00)
        Tl            13.00   204.38000     Tl( 1.00)
        In            13.00   114.81800     In( 1.00)

     12 Sym. Ops., with inversion, found


                                    s                        frac. trans.

      isym =  1     identity                                     

 cryst.   s( 1) = (     1          0          0      )
                  (     0          1          0      )
                  (     0          0          1      )

 cart.    s( 1) = (  1.0000000  0.0000000  0.0000000 )
                  (  0.0000000  1.0000000  0.0000000 )
                  (  0.0000000  0.0000000  1.0000000 )


      isym =  2     180 deg rotation - cart. axis [1,0,0]        

 cryst.   s( 2) = (     1          0          0      )
                  (     1         -1          0      )
                  (     1          0         -1      )

 cart.    s( 2) = (  1.0000000  0.0000000  0.0000000 )
                  (  0.0000000 -1.0000000 -0.0000000 )
                  (  0.0000000  0.0000000 -1.0000000 )


      isym =  3     120 deg rotation - cryst. axis [0,0,1]       

 cryst.   s( 3) = (    -1          1          0      )
                  (    -1          0          0      )
                  (    -1          0          1      )

 cart.    s( 3) = ( -0.5000000 -0.8660254  0.0000000 )
                  (  0.8660254 -0.5000000  0.0000000 )
                  (  0.0000000  0.0000000  1.0000000 )


      isym =  4     120 deg rotation - cryst. axis [0,0,-1]      

 cryst.   s( 4) = (     0         -1          0      )
                  (     1         -1          0      )
                  (     0         -1          1      )

 cart.    s( 4) = ( -0.5000000  0.8660254 -0.0000000 )
                  ( -0.8660254 -0.5000000  0.0000000 )
                  (  0.0000000  0.0000000  1.0000000 )


      isym =  5     180 deg rotation - cryst. axis [0,1,0]       

 cryst.   s( 5) = (     0         -1          0      )
                  (    -1          0          0      )
                  (     0          0         -1      )

 cart.    s( 5) = ( -0.5000000 -0.8660254  0.0000000 )
                  ( -0.8660254  0.5000000 -0.0000000 )
                  (  0.0000000  0.0000000 -1.0000000 )


      isym =  6     180 deg rotation - cryst. axis [1,1,0]       

 cryst.   s( 6) = (    -1          1          0      )
                  (     0          1          0      )
                  (     0          1         -1      )

 cart.    s( 6) = ( -0.5000000  0.8660254 -0.0000000 )
                  (  0.8660254  0.5000000 -0.0000000 )
                  (  0.0000000  0.0000000 -1.0000000 )


      isym =  7     inversion                                    

 cryst.   s( 7) = (    -1          0          0      )
                  (     0         -1          0      )
                  (     0          0         -1      )

 cart.    s( 7) = ( -1.0000000  0.0000000  0.0000000 )
                  (  0.0000000 -1.0000000 -0.0000000 )
                  (  0.0000000  0.0000000 -1.0000000 )


      isym =  8     inv. 180 deg rotation - cart. axis [1,0,0]   

 cryst.   s( 8) = (    -1          0          0      )
                  (    -1          1          0      )
                  (    -1          0          1      )

 cart.    s( 8) = ( -1.0000000  0.0000000  0.0000000 )
                  (  0.0000000  1.0000000  0.0000000 )
                  (  0.0000000  0.0000000  1.0000000 )


      isym =  9     inv. 120 deg rotation - cryst. axis [0,0,1]  

 cryst.   s( 9) = (     1         -1          0      )
                  (     1          0          0      )
                  (     1          0         -1      )

 cart.    s( 9) = (  0.5000000  0.8660254 -0.0000000 )
                  ( -0.8660254  0.5000000 -0.0000000 )
                  (  0.0000000  0.0000000 -1.0000000 )


      isym = 10     inv. 120 deg rotation - cryst. axis [0,0,-1] 

 cryst.   s(10) = (     0          1          0      )
                  (    -1          1          0      )
                  (     0          1         -1      )

 cart.    s(10) = (  0.5000000 -0.8660254  0.0000000 )
                  (  0.8660254  0.5000000 -0.0000000 )
                  (  0.0000000  0.0000000 -1.0000000 )


      isym = 11     inv. 180 deg rotation - cryst. axis [0,1,0]  

 cryst.   s(11) = (     0          1          0      )
                  (     1          0          0      )
                  (     0          0          1      )

 cart.    s(11) = (  0.5000000  0.8660254 -0.0000000 )
                  (  0.8660254 -0.5000000  0.0000000 )
                  (  0.0000000  0.0000000  1.0000000 )


      isym = 12     inv. 180 deg rotation - cryst. axis [1,1,0]  

 cryst.   s(12) = (     1         -1          0      )
                  (     0         -1          0      )
                  (     0         -1          1      )

 cart.    s(12) = (  0.5000000 -0.8660254  0.0000000 )
                  ( -0.8660254 -0.5000000  0.0000000 )
                  (  0.0000000  0.0000000  1.0000000 )


   Cartesian axes

     site n.     atom                  positions (alat units)
         1           Lu  tau(   1) = (   0.5000000   0.2886751   0.2041241  )
         2           Lu  tau(   2) = (   1.5000000   0.8660254   0.6123724  )
         3           Tl  tau(   3) = (   0.0000000   0.0000000   0.0000000  )
         4           In  tau(   4) = (   1.0000000   0.5773503   0.4082483  )

   Crystallographic axes

     site n.     atom                  positions (cryst. coord.)
         1           Lu  tau(   1) = (  0.2500000  0.2500000  0.2500000  )
         2           Lu  tau(   2) = (  0.7500000  0.7500000  0.7500000  )
         3           Tl  tau(   3) = (  0.0000000  0.0000000  0.0000000  )
         4           In  tau(   4) = (  0.5000000  0.5000000  0.5000000  )

     number of k points=     1  Methfessel-Paxton smearing, width (Ry)=  0.0010
                       cart. coord. in units 2pi/alat
        k(    1) = (   0.0000000   0.0000000   0.0000000), wk =   2.0000000

                       cryst. coord.
        k(    1) = (   0.0000000   0.0000000   0.0000000), wk =   2.0000000

     Dense  grid:    21948 G-vectors     FFT dimensions: (  50,  50,  50)

     Smooth grid:     7737 G-vectors     FFT dimensions: (  36,  36,  36)

     Dynamical RAM for                 wfc:       0.68 MB

     Dynamical RAM for     wfc (w. buffer):       0.68 MB

     Dynamical RAM for           str. fact:       1.00 MB

     Dynamical RAM for           local pot:       0.00 MB

     Dynamical RAM for          nlocal pot:       1.48 MB

     Dynamical RAM for                qrad:       8.96 MB

     Dynamical RAM for          rho,v,vnew:       3.87 MB

     Dynamical RAM for               rhoin:       1.29 MB

     Dynamical RAM for            rho*nmix:       5.36 MB

     Dynamical RAM for           G-vectors:       1.31 MB

     Dynamical RAM for          h,s,v(r/c):       0.19 MB

     Dynamical RAM for          <psi|beta>:       0.04 MB

     Dynamical RAM for                 psi:       1.36 MB

     Dynamical RAM for                hpsi:       1.36 MB

     Dynamical RAM for                spsi:       1.36 MB

     Dynamical RAM for      wfcinit/wfcrot:       2.57 MB

     Dynamical RAM for           addusdens:     186.54 MB

     Dynamical RAM for          addusforce:     187.40 MB

     Dynamical RAM for         addusstress:     194.91 MB

     Estimated static dynamical RAM per process >      24.69 MB

     Estimated max dynamical RAM per process >     224.96 MB

     Check: negative core charge=   -0.000004

     Initial potential from superposition of free atoms

     starting charge      75.9839, renormalised to      76.0000

     negative rho (up, down):  4.976E-02 0.000E+00
     Starting wfcs are   82 randomized atomic wfcs
     Checking if some PAW data can be deallocated... 

     total cpu time spent up to now is        4.4 secs

     Self-consistent Calculation

     iteration #  1     ecut=    30.00 Ry     beta= 0.70
     Davidson diagonalization with overlap

---- Real-time Memory Report at c_bands before calling an iterative solver
           471 MiB given to the printing process from OS
             0 MiB allocation reported by mallinfo(arena+hblkhd)
         40513 MiB available memory on the node where the printing process lives
------------------
     ethr =  1.00E-02,  avg # of iterations =  2.0

     Threshold (ethr) on eigenvalues was too large:
     Diagonalizing with lowered threshold

     Davidson diagonalization with overlap

---- Real-time Memory Report at c_bands before calling an iterative solver
           555 MiB given to the printing process from OS
             0 MiB allocation reported by mallinfo(arena+hblkhd)
         40454 MiB available memory on the node where the printing process lives
------------------
     ethr =  5.11E-05,  avg # of iterations = 12.0

     negative rho (up, down):  4.938E-02 0.000E+00

     total cpu time spent up to now is        6.2 secs

     total energy              =   -2450.10631874 Ry
     estimated scf accuracy    <       0.04450683 Ry

     iteration #  2     ecut=    30.00 Ry     beta= 0.70
     Davidson diagonalization with overlap

---- Real-time Memory Report at c_bands before calling an iterative solver
           576 MiB given to the printing process from OS
             0 MiB allocation reported by mallinfo(arena+hblkhd)
         40424 MiB available memory on the node where the printing process lives
------------------
     ethr =  5.86E-05,  avg # of iterations =  3.0

     negative rho (up, down):  4.999E-02 0.000E+00

     total cpu time spent up to now is        7.6 secs

     total energy              =   -2450.11585685 Ry
     estimated scf accuracy    <       0.01053119 Ry

     iteration #  3     ecut=    30.00 Ry     beta= 0.70
     Davidson diagonalization with overlap

---- Real-time Memory Report at c_bands before calling an iterative solver
           586 MiB given to the printing process from OS
             0 MiB allocation reported by mallinfo(arena+hblkhd)
         40403 MiB available memory on the node where the printing process lives
------------------
     ethr =  1.39E-05,  avg # of iterations =  2.0

     negative rho (up, down):  5.014E-02 0.000E+00

     total cpu time spent up to now is        8.9 secs

     total energy              =   -2450.12021511 Ry
     estimated scf accuracy    <       0.00284918 Ry

     iteration #  4     ecut=    30.00 Ry     beta= 0.70
     Davidson diagonalization with overlap

---- Real-time Memory Report at c_bands before calling an iterative solver
           591 MiB given to the printing process from OS
             0 MiB allocation reported by mallinfo(arena+hblkhd)
         40407 MiB available memory on the node where the printing process lives
------------------
     ethr =  3.75E-06,  avg # of iterations =  6.0

     negative rho (up, down):  5.018E-02 0.000E+00

     total cpu time spent up to now is       10.3 secs

     total energy              =   -2450.11982837 Ry
     estimated scf accuracy    <       0.05233609 Ry

     iteration #  5     ecut=    30.00 Ry     beta= 0.70
     Davidson diagonalization with overlap

---- Real-time Memory Report at c_bands before calling an iterative solver
           591 MiB given to the printing process from OS
             0 MiB allocation reported by mallinfo(arena+hblkhd)
         40393 MiB available memory on the node where the printing process lives
------------------
     ethr =  3.75E-06,  avg # of iterations =  1.0

     negative rho (up, down):  5.019E-02 0.000E+00

     total cpu time spent up to now is       11.5 secs

     total energy              =   -2450.12081601 Ry
     estimated scf accuracy    <       0.00110434 Ry

     iteration #  6     ecut=    30.00 Ry     beta= 0.70
     Davidson diagonalization with overlap

---- Real-time Memory Report at c_bands before calling an iterative solver
           591 MiB given to the printing process from OS
             0 MiB allocation reported by mallinfo(arena+hblkhd)
         40397 MiB available memory on the node where the printing process lives
------------------
     ethr =  1.45E-06,  avg # of iterations =  2.0

     negative rho (up, down):  5.019E-02 0.000E+00

     total cpu time spent up to now is       12.7 secs

     total energy              =   -2450.12086264 Ry
     estimated scf accuracy    <       0.00071640 Ry

     iteration #  7     ecut=    30.00 Ry     beta= 0.70
     Davidson diagonalization with overlap

---- Real-time Memory Report at c_bands before calling an iterative solver
           591 MiB given to the printing process from OS
             0 MiB allocation reported by mallinfo(arena+hblkhd)
         40395 MiB available memory on the node where the printing process lives
------------------
     ethr =  9.43E-07,  avg # of iterations =  1.0

     negative rho (up, down):  5.020E-02 0.000E+00

     total cpu time spent up to now is       14.2 secs

     total energy              =   -2450.12086229 Ry
     estimated scf accuracy    <       0.00091517 Ry

     iteration #  8     ecut=    30.00 Ry     beta= 0.70
     Davidson diagonalization with overlap

---- Real-time Memory Report at c_bands before calling an iterative solver
           591 MiB given to the printing process from OS
             0 MiB allocation reported by mallinfo(arena+hblkhd)
         40389 MiB available memory on the node where the printing process lives
------------------
     ethr =  9.43E-07,  avg # of iterations =  1.0

     negative rho (up, down):  5.020E-02 0.000E+00

     total cpu time spent up to now is       16.9 secs

     total energy              =   -2450.12087883 Ry
     estimated scf accuracy    <       0.00004986 Ry

     iteration #  9     ecut=    30.00 Ry     beta= 0.70
     Davidson diagonalization with overlap

---- Real-time Memory Report at c_bands before calling an iterative solver
           592 MiB given to the printing process from OS
             0 MiB allocation reported by mallinfo(arena+hblkhd)
         40386 MiB available memory on the node where the printing process lives
------------------
     ethr =  6.56E-08,  avg # of iterations =  1.0

     negative rho (up, down):  5.020E-02 0.000E+00

     total cpu time spent up to now is       18.1 secs

     total energy              =   -2450.12087944 Ry
     estimated scf accuracy    <       0.00000793 Ry

     iteration # 10     ecut=    30.00 Ry     beta= 0.70
     Davidson diagonalization with overlap

---- Real-time Memory Report at c_bands before calling an iterative solver
           592 MiB given to the printing process from OS
             0 MiB allocation reported by mallinfo(arena+hblkhd)
         40379 MiB available memory on the node where the printing process lives
------------------
     ethr =  1.04E-08,  avg # of iterations =  1.0

     negative rho (up, down):  5.020E-02 0.000E+00

     total cpu time spent up to now is       19.4 secs

     total energy              =   -2450.12087966 Ry
     estimated scf accuracy    <       0.00000435 Ry

     iteration # 11     ecut=    30.00 Ry     beta= 0.70
     Davidson diagonalization with overlap

---- Real-time Memory Report at c_bands before calling an iterative solver
           592 MiB given to the printing process from OS
             0 MiB allocation reported by mallinfo(arena+hblkhd)
         40372 MiB available memory on the node where the printing process lives
------------------
     ethr =  5.73E-09,  avg # of iterations =  1.0

     negative rho (up, down):  5.020E-02 0.000E+00

     total cpu time spent up to now is       20.6 secs

     total energy              =   -2450.12087980 Ry
     estimated scf accuracy    <       0.00000175 Ry

     iteration # 12     ecut=    30.00 Ry     beta= 0.70
     Davidson diagonalization with overlap

---- Real-time Memory Report at c_bands before calling an iterative solver
           594 MiB given to the printing process from OS
             0 MiB allocation reported by mallinfo(arena+hblkhd)
         40371 MiB available memory on the node where the printing process lives
------------------
     ethr =  2.30E-09,  avg # of iterations =  1.0

     negative rho (up, down):  5.020E-02 0.000E+00

     total cpu time spent up to now is       21.8 secs

     End of self-consistent calculation

          k = 0.0000 0.0000 0.0000 (   959 PWs)   bands (ev):

   -42.2988 -42.2885 -13.0293 -13.0293 -13.0293 -12.9249 -12.9249 -12.9249
    -0.3095  -0.3095  -0.3095  -0.2709  -0.2709   2.5112   2.5112   2.5112
     2.5973   2.5973   4.9896   8.8623   8.9831   8.9831   8.9831   8.9832
     8.9832   8.9832   8.9871   8.9871   8.9871   9.0001   9.0060   9.0061
     9.0061  10.8953  11.6589  11.6589  11.6589  14.2077  14.2077  17.0941
    17.0941  17.0941  17.7461  17.7462  17.7463  18.3281

     occupation numbers 
     1.0000   1.0000   1.0000   1.0000   1.0000   1.0000   1.0000   1.0000
     1.0000   1.0000   1.0000   1.0000   1.0000   1.0000   1.0000   1.0000
     1.0000   1.0000   1.0000   1.0000   1.0000   1.0000   1.0000   1.0000
     1.0000   1.0000   1.0000   1.0000   1.0000   1.0000   1.0000   1.0000
     1.0000   1.0000   1.0000   1.0000   1.0000   0.5001   0.4999  -0.0000
    -0.0000  -0.0000  -0.0000  -0.0000  -0.0000  -0.0000

     the Fermi energy is    14.2077 ev

!    total energy              =   -2450.12087984 Ry
     estimated scf accuracy    <          3.9E-09 Ry
     smearing contrib. (-TS)   =      -0.00056419 Ry
     internal energy E=F+TS    =   -2450.12031565 Ry

     The total energy is F=E-TS. E is the sum of the following terms:
     one-electron contribution =    -921.75557089 Ry
     hartree contribution      =     434.20371688 Ry
     xc contribution           =    -192.62082168 Ry
     ewald contribution        =    -788.30687209 Ry
     one-center paw contrib.   =    -981.64076786 Ry
      -> PAW hartree energy AE =     987.27137692 Ry
      -> PAW hartree energy PS =    -850.29052941 Ry
      -> PAW xc energy AE      =   -1198.78325313 Ry
      -> PAW xc energy PS      =      80.16163775 Ry
      -> total E_H with PAW    =     571.18456440 Ry
      -> total E_XC with PAW   =   -1311.24243706 Ry

     convergence has been achieved in  12 iterations

     negative rho (up, down):  5.020E-02 0.000E+00

     Forces acting on atoms (cartesian axes, Ry/au):

     atom    1 type  1   force =     0.00000000    0.00000000    0.00002053
     atom    2 type  1   force =     0.00000000    0.00000000   -0.00002053
     atom    3 type  2   force =     0.00000000    0.00000000   -0.00000000
     atom    4 type  3   force =     0.00000000    0.00000000   -0.00000000
     The non-local contrib.  to forces
     atom    1 type  1   force =     0.00000000   -0.00000000    0.00002162
     atom    2 type  1   force =     0.00000000    0.00000000   -0.00002162
     atom    3 type  2   force =     0.00000000    0.00000000    0.00000000
     atom    4 type  3   force =     0.00000000   -0.00000000    0.00000000
     The ionic contribution  to forces
     atom    1 type  1   force =    -0.00000000   -0.00000000   -0.00000000
     atom    2 type  1   force =     0.00000000    0.00000000    0.00000000
     atom    3 type  2   force =    -0.00000000   -0.00000000    0.00000000
     atom    4 type  3   force =    -0.00000000    0.00000000   -0.00000000
     The local contribution  to forces
     atom    1 type  1   force =     0.00000969    0.00000662   -0.00002293
     atom    2 type  1   force =    -0.00004824   -0.00001388    0.00001809
     atom    3 type  2   force =    -0.00000111   -0.00000060   -0.00000210
     atom    4 type  3   force =    -0.00000084   -0.00000358    0.00000973
     The core correction contribution to forces
     atom    1 type  1   force =     0.00000000    0.00000000    0.00000000
     atom    2 type  1   force =    -0.00000000    0.00000000   -0.00000000
     atom    3 type  2   force =    -0.00000032   -0.00000077   -0.00000178
     atom    4 type  3   force =    -0.00000034   -0.00000189    0.00000130
     The Hubbard contrib.    to forces
     atom    1 type  1   force =     0.00000000    0.00000000    0.00000000
     atom    2 type  1   force =     0.00000000    0.00000000    0.00000000
     atom    3 type  2   force =     0.00000000    0.00000000    0.00000000
     atom    4 type  3   force =     0.00000000    0.00000000    0.00000000
     The SCF correction term to forces
     atom    1 type  1   force =    -0.00000569   -0.00000402    0.00002236
     atom    2 type  1   force =     0.00004150    0.00000753   -0.00001648
     atom    3 type  2   force =     0.00000229    0.00000306   -0.00000719
     atom    4 type  3   force =     0.00000384   -0.00000793   -0.00000828

     Total force =     0.000029     Total SCF correction =     0.000053
     SCF correction compared to forces is large: reduce conv_thr to get better values


     Computing stress (Cartesian axis) and pressure


     negative rho (up, down):  5.020E-02 0.000E+00
          total   stress  (Ry/bohr**3)                   (kbar)     P=     -112.42
  -0.00076422  -0.00000000   0.00000000         -112.42       -0.00        0.00
  -0.00000000  -0.00076422   0.00000000           -0.00     -112.42        0.00
   0.00000000   0.00000000  -0.00076423            0.00        0.00     -112.42

     kinetic stress (kbar)  13156.94     -0.00     -0.00
                               -0.00  13156.94     -0.00
                               -0.00     -0.00  13156.97

     local   stress (kbar)   3585.55     -0.11      0.16
                               -0.11   3585.90      0.26
                                0.16      0.26   3585.65

     nonloc. stress (kbar)  16982.14     -0.00     -0.00
                               -0.00  16982.14     -0.00
                               -0.00     -0.00  16982.14

     hartree stress (kbar)  30536.11      0.07     -0.10
                                0.07  30535.90     -0.15
                               -0.10     -0.15  30536.05

     exc-cor stress (kbar)   7442.08      0.00     -0.00
                                0.00   7442.07     -0.00
                               -0.00     -0.00   7442.08

     corecor stress (kbar) -16376.46      0.00      0.00
                                0.00 -16376.46      0.00
                                0.00      0.00 -16376.46

     ewald   stress (kbar) -55438.85     -0.00     -0.00
                               -0.00 -55438.85     -0.00
                               -0.00     -0.00 -55438.85

     hubbard stress (kbar)      0.00      0.00      0.00
                                0.00      0.00      0.00
                                0.00      0.00      0.00

     DFT-D   stress (kbar)      0.00      0.00      0.00
                                0.00      0.00      0.00
                                0.00      0.00      0.00

     XDM     stress (kbar)      0.00      0.00      0.00
                                0.00      0.00      0.00
                                0.00      0.00      0.00

     dft-nl  stress (kbar)      0.00      0.00      0.00
                                0.00      0.00      0.00
                                0.00      0.00      0.00

     TS-vdW  stress (kbar)      0.00      0.00      0.00
                                0.00      0.00      0.00
                                0.00      0.00      0.00


                                0.00      0.00      0.00
                                0.00      0.00      0.00


                                0.00      0.00      0.00


     Writing all to output data dir new_calculations/myprefix.save/
