
     Program PWSCF v.7.0 starts on 21May2023 at  7:34:46 

     This program is part of the open-source Quantum ESPRESSO suite
     for quantum simulation of materials; please cite
         "P. Giannozzi et al., J. Phys.:Condens. Matter 21 395502 (2009);
         "P. Giannozzi et al., J. Phys.:Condens. Matter 29 465901 (2017);
         "P. Giannozzi et al., J. Chem. Phys. 152 154105 (2020);
          URL http://www.quantum-espresso.org", 
     in publications or presentations arising from this work. More details at
     http://www.quantum-espresso.org/quote

     Parallel version (MPI & OpenMP), running on      32 processor cores
     Number of MPI processes:                 1
     Threads/MPI process:                    32

     MPI processes distributed on     1 nodes
     128513 MiB available memory on the printing compute node when the environment starts
 
     Reading input from espresso_11949.pwi
Warning: card &CELL ignored
Warning: card / ignored

     Current dimensions of program PWSCF are:
     Max number of different atomic species (ntypx) = 10
     Max number of k-points (npk) =  40000
     Max angular momentum in pseudopotentials (lmaxx) =  4

     gamma-point specific algorithms are used
     Message from routine setup:
     using ibrav=0 with symmetry is DISCOURAGED, use correct ibrav instead

     Subspace diagonalization in iterative solution of the eigenvalue problem:
     a serial algorithm will be used

 
     G-vector sticks info
     --------------------
     sticks:   dense  smooth     PW     G-vecs:    dense   smooth      PW
     Sum        1879     931    241                34029    12013    1533
 
     Using Slab Decomposition
 


     bravais-lattice index     =            0
     lattice parameter (alat)  =      10.6180  a.u.
     unit-cell volume          =     540.7989 (a.u.)^3
     number of atoms/cell      =            6
     number of atomic types    =            3
     number of electrons       =        67.00
     number of Kohn-Sham states=           41
     kinetic-energy cutoff     =      30.0000  Ry
     charge density cutoff     =     240.0000  Ry
     scf convergence threshold =      1.0E-06
     mixing beta               =       0.7000
     number of iterations used =            8  plain     mixing
     Exchange-correlation= PBE
                           (   1   4   3   4   0   0   0)

     celldm(1)=  10.618044  celldm(2)=   0.000000  celldm(3)=   0.000000
     celldm(4)=   0.000000  celldm(5)=   0.000000  celldm(6)=   0.000000

     crystal axes: (cart. coord. in units of alat)
               a(1) = (   1.000000   0.000000   0.000000 )  
               a(2) = (  -0.500000   0.866025   0.000000 )  
               a(3) = (   0.000000   0.000000   0.521641 )  

     reciprocal axes: (cart. coord. in units 2 pi/alat)
               b(1) = (  1.000000  0.577350  0.000000 )  
               b(2) = (  0.000000  1.154701  0.000000 )  
               b(3) = (  0.000000  0.000000  1.917028 )  


     PseudoPot. # 1 for Ca read from file:
     /home/pragov/projects/rrg-bengioy-ad/pragov/crystal_structure_design/SSSP/Ca_pbe_v1.uspp.F.UPF
     MD5 check sum: 403a4c14b9e4d4dfdc3024c9a3812218
     Pseudo is Ultrasoft + core correction, Zval = 10.0
     Generated by new atomic code, or converted to UPF format
     Using radial grid of  845 points,  6 beta functions with: 
                l(1) =   0
                l(2) =   0
                l(3) =   1
                l(4) =   1
                l(5) =   2
                l(6) =   2
     Q(r) pseudized with  8 coefficients,  rinner =    1.500   1.500   1.500
                                                       1.500   1.500

     PseudoPot. # 2 for B  read from file:
     /home/pragov/projects/rrg-bengioy-ad/pragov/crystal_structure_design/SSSP/b_pbe_v1.4.uspp.F.UPF
     MD5 check sum: cc6de2960df11db49a60e589f9ebb39b
     Pseudo is Ultrasoft + core correction, Zval =  3.0
     Generated by new atomic code, or converted to UPF format
     Using radial grid of  781 points,  4 beta functions with: 
                l(1) =   0
                l(2) =   0
                l(3) =   1
                l(4) =   1
     Q(r) pseudized with  8 coefficients,  rinner =    1.100   1.100   1.100


     PseudoPot. # 3 for Rh read from file:
     /home/pragov/projects/rrg-bengioy-ad/pragov/crystal_structure_design/SSSP/Rh_ONCV_PBE-1.0.oncvpsp.upf
     MD5 check sum: ba07c69523b14cacd10683cd4c4284c1
     Pseudo is Norm-conserving, Zval = 17.0
     Generated using ONCVPSP code by D. R. Hamann
     Using radial grid of 1442 points,  6 beta functions with: 
                l(1) =   0
                l(2) =   0
                l(3) =   1
                l(4) =   1
                l(5) =   2
                l(6) =   2

     atomic species   valence    mass     pseudopotential
        Ca            10.00    40.07800     Ca( 1.00)
        B              3.00    10.81000     B ( 1.00)
        Rh            17.00   102.90550     Rh( 1.00)

     24 Sym. Ops., with inversion, found


                                    s                        frac. trans.

      isym =  1     identity                                     

 cryst.   s( 1) = (     1          0          0      )
                  (     0          1          0      )
                  (     0          0          1      )

 cart.    s( 1) = (  1.0000000 -0.0000000  0.0000000 )
                  (  0.0000000  1.0000000  0.0000000 )
                  (  0.0000000  0.0000000  1.0000000 )


      isym =  2     180 deg rotation - cart. axis [0,0,1]        

 cryst.   s( 2) = (    -1          0          0      )
                  (     0         -1          0      )
                  (     0          0          1      )

 cart.    s( 2) = ( -1.0000000  0.0000000  0.0000000 )
                  (  0.0000000 -1.0000000  0.0000000 )
                  (  0.0000000  0.0000000  1.0000000 )


      isym =  3     180 deg rotation - cart. axis [0,1,0]        

 cryst.   s( 3) = (    -1          0          0      )
                  (     1          1          0      )
                  (     0          0         -1      )

 cart.    s( 3) = ( -1.0000000 -0.0000003  0.0000000 )
                  (  0.0000000  1.0000000  0.0000000 )
                  (  0.0000000  0.0000000 -1.0000000 )


      isym =  4     180 deg rotation - cart. axis [1,0,0]        

 cryst.   s( 4) = (     1          0          0      )
                  (    -1         -1          0      )
                  (     0          0         -1      )

 cart.    s( 4) = (  1.0000000  0.0000003  0.0000000 )
                  (  0.0000000 -1.0000000  0.0000000 )
                  (  0.0000000  0.0000000 -1.0000000 )


      isym =  5      60 deg rotation - cryst. axis [0,0,1]       

 cryst.   s( 5) = (     1          1          0      )
                  (    -1          0          0      )
                  (     0          0          1      )

 cart.    s( 5) = (  0.4999999 -0.8660255  0.0000000 )
                  (  0.8660253  0.5000001  0.0000000 )
                  (  0.0000000  0.0000000  1.0000000 )


      isym =  6      60 deg rotation - cryst. axis [0,0,-1]      

 cryst.   s( 6) = (     0         -1          0      )
                  (     1          1          0      )
                  (     0          0          1      )

 cart.    s( 6) = (  0.5000001  0.8660255  0.0000000 )
                  ( -0.8660253  0.4999999  0.0000000 )
                  (  0.0000000  0.0000000  1.0000000 )


      isym =  7     120 deg rotation - cryst. axis [0,0,1]       

 cryst.   s( 7) = (     0          1          0      )
                  (    -1         -1          0      )
                  (     0          0          1      )

 cart.    s( 7) = ( -0.5000001 -0.8660255  0.0000000 )
                  (  0.8660253 -0.4999999  0.0000000 )
                  (  0.0000000  0.0000000  1.0000000 )


      isym =  8     120 deg rotation - cryst. axis [0,0,-1]      

 cryst.   s( 8) = (    -1         -1          0      )
                  (     1          0          0      )
                  (     0          0          1      )

 cart.    s( 8) = ( -0.4999999  0.8660255  0.0000000 )
                  ( -0.8660253 -0.5000001  0.0000000 )
                  (  0.0000000  0.0000000  1.0000000 )


      isym =  9     180 deg rotation - cryst. axis [1,-1,0]      

 cryst.   s( 9) = (     0         -1          0      )
                  (    -1          0          0      )
                  (     0          0         -1      )

 cart.    s( 9) = (  0.5000001 -0.8660253  0.0000000 )
                  ( -0.8660253 -0.5000001  0.0000000 )
                  (  0.0000000  0.0000000 -1.0000000 )


      isym = 10     180 deg rotation - cryst. axis [2,1,0]       

 cryst.   s(10) = (     1          1          0      )
                  (     0         -1          0      )
                  (     0          0         -1      )

 cart.    s(10) = (  0.4999999  0.8660257  0.0000000 )
                  (  0.8660253 -0.4999999  0.0000000 )
                  (  0.0000000  0.0000000 -1.0000000 )


      isym = 11     180 deg rotation - cryst. axis [0,1,0]       

 cryst.   s(11) = (    -1         -1          0      )
                  (     0          1          0      )
                  (     0          0         -1      )

 cart.    s(11) = ( -0.4999999 -0.8660257  0.0000000 )
                  ( -0.8660253  0.4999999  0.0000000 )
                  (  0.0000000  0.0000000 -1.0000000 )


      isym = 12     180 deg rotation - cryst. axis [1,1,0]       

 cryst.   s(12) = (     0          1          0      )
                  (     1          0          0      )
                  (     0          0         -1      )

 cart.    s(12) = ( -0.5000001  0.8660253  0.0000000 )
                  (  0.8660253  0.5000001  0.0000000 )
                  (  0.0000000  0.0000000 -1.0000000 )


      isym = 13     inversion                                    

 cryst.   s(13) = (    -1          0          0      )
                  (     0         -1          0      )
                  (     0          0         -1      )

 cart.    s(13) = ( -1.0000000  0.0000000  0.0000000 )
                  (  0.0000000 -1.0000000  0.0000000 )
                  (  0.0000000  0.0000000 -1.0000000 )


      isym = 14     inv. 180 deg rotation - cart. axis [0,0,1]   

 cryst.   s(14) = (     1          0          0      )
                  (     0          1          0      )
                  (     0          0         -1      )

 cart.    s(14) = (  1.0000000 -0.0000000  0.0000000 )
                  (  0.0000000  1.0000000  0.0000000 )
                  (  0.0000000  0.0000000 -1.0000000 )


      isym = 15     inv. 180 deg rotation - cart. axis [0,1,0]   

 cryst.   s(15) = (     1          0          0      )
                  (    -1         -1          0      )
                  (     0          0          1      )

 cart.    s(15) = (  1.0000000  0.0000003  0.0000000 )
                  (  0.0000000 -1.0000000  0.0000000 )
                  (  0.0000000  0.0000000  1.0000000 )


      isym = 16     inv. 180 deg rotation - cart. axis [1,0,0]   

 cryst.   s(16) = (    -1          0          0      )
                  (     1          1          0      )
                  (     0          0          1      )

 cart.    s(16) = ( -1.0000000 -0.0000003  0.0000000 )
                  (  0.0000000  1.0000000  0.0000000 )
                  (  0.0000000  0.0000000  1.0000000 )


      isym = 17     inv.  60 deg rotation - cryst. axis [0,0,1]  

 cryst.   s(17) = (    -1         -1          0      )
                  (     1          0          0      )
                  (     0          0         -1      )

 cart.    s(17) = ( -0.4999999  0.8660255  0.0000000 )
                  ( -0.8660253 -0.5000001  0.0000000 )
                  (  0.0000000  0.0000000 -1.0000000 )


      isym = 18     inv.  60 deg rotation - cryst. axis [0,0,-1] 

 cryst.   s(18) = (     0          1          0      )
                  (    -1         -1          0      )
                  (     0          0         -1      )

 cart.    s(18) = ( -0.5000001 -0.8660255  0.0000000 )
                  (  0.8660253 -0.4999999  0.0000000 )
                  (  0.0000000  0.0000000 -1.0000000 )


      isym = 19     inv. 120 deg rotation - cryst. axis [0,0,1]  

 cryst.   s(19) = (     0         -1          0      )
                  (     1          1          0      )
                  (     0          0         -1      )

 cart.    s(19) = (  0.5000001  0.8660255  0.0000000 )
                  ( -0.8660253  0.4999999  0.0000000 )
                  (  0.0000000  0.0000000 -1.0000000 )


      isym = 20     inv. 120 deg rotation - cryst. axis [0,0,-1] 

 cryst.   s(20) = (     1          1          0      )
                  (    -1          0          0      )
                  (     0          0         -1      )

 cart.    s(20) = (  0.4999999 -0.8660255  0.0000000 )
                  (  0.8660253  0.5000001  0.0000000 )
                  (  0.0000000  0.0000000 -1.0000000 )


      isym = 21     inv. 180 deg rotation - cryst. axis [1,-1,0] 

 cryst.   s(21) = (     0          1          0      )
                  (     1          0          0      )
                  (     0          0          1      )

 cart.    s(21) = ( -0.5000001  0.8660253  0.0000000 )
                  (  0.8660253  0.5000001  0.0000000 )
                  (  0.0000000  0.0000000  1.0000000 )


      isym = 22     inv. 180 deg rotation - cryst. axis [2,1,0]  

 cryst.   s(22) = (    -1         -1          0      )
                  (     0          1          0      )
                  (     0          0          1      )

 cart.    s(22) = ( -0.4999999 -0.8660257  0.0000000 )
                  ( -0.8660253  0.4999999  0.0000000 )
                  (  0.0000000  0.0000000  1.0000000 )


      isym = 23     inv. 180 deg rotation - cryst. axis [0,1,0]  

 cryst.   s(23) = (     1          1          0      )
                  (     0         -1          0      )
                  (     0          0          1      )

 cart.    s(23) = (  0.4999999  0.8660257  0.0000000 )
                  (  0.8660253 -0.4999999  0.0000000 )
                  (  0.0000000  0.0000000  1.0000000 )


      isym = 24     inv. 180 deg rotation - cryst. axis [1,1,0]  

 cryst.   s(24) = (     0         -1          0      )
                  (    -1          0          0      )
                  (     0          0          1      )

 cart.    s(24) = (  0.5000001 -0.8660253  0.0000000 )
                  ( -0.8660253 -0.5000001  0.0000000 )
                  (  0.0000000  0.0000000  1.0000000 )


   Cartesian axes

     site n.     atom                  positions (alat units)
         1           Ca  tau(   1) = (   0.0000000   0.0000000   0.2608205  )
         2           B   tau(   2) = (   0.5000005   0.2886748   0.2608205  )
         3           B   tau(   3) = (  -0.0000006   0.5773505   0.2608205  )
         4           Rh  tau(   4) = (   0.2499999   0.4330127   0.0000000  )
         5           Rh  tau(   5) = (   0.5000000   0.0000000   0.0000000  )
         6           Rh  tau(   6) = (  -0.2500001   0.4330127   0.0000000  )

   Crystallographic axes

     site n.     atom                  positions (cryst. coord.)
         1           Ca  tau(   1) = (  0.0000000  0.0000000  0.5000000  )
         2           B   tau(   2) = (  0.6666670  0.3333330  0.5000000  )
         3           B   tau(   3) = (  0.3333330  0.6666670  0.5000000  )
         4           Rh  tau(   4) = (  0.5000000  0.5000000  0.0000000  )
         5           Rh  tau(   5) = (  0.5000000  0.0000000  0.0000000  )
         6           Rh  tau(   6) = (  0.0000000  0.5000000  0.0000000  )

     number of k points=     1  Methfessel-Paxton smearing, width (Ry)=  0.0010
                       cart. coord. in units 2pi/alat
        k(    1) = (   0.0000000   0.0000000   0.0000000), wk =   2.0000000

                       cryst. coord.
        k(    1) = (   0.0000000   0.0000000   0.0000000), wk =   2.0000000

     Dense  grid:    17015 G-vectors     FFT dimensions: (  54,  54,  27)

     Smooth grid:     6007 G-vectors     FFT dimensions: (  40,  40,  20)

     Dynamical RAM for                 wfc:       0.47 MB

     Dynamical RAM for     wfc (w. buffer):       0.47 MB

     Dynamical RAM for           str. fact:       0.78 MB

     Dynamical RAM for           local pot:       0.00 MB

     Dynamical RAM for          nlocal pot:       1.01 MB

     Dynamical RAM for                qrad:       3.73 MB

     Dynamical RAM for          rho,v,vnew:       2.58 MB

     Dynamical RAM for               rhoin:       0.86 MB

     Dynamical RAM for            rho*nmix:       4.15 MB

     Dynamical RAM for           G-vectors:       1.02 MB

     Dynamical RAM for          h,s,v(r/c):       0.15 MB

     Dynamical RAM for          <psi|beta>:       0.03 MB

     Dynamical RAM for                 psi:       0.94 MB

     Dynamical RAM for                hpsi:       0.94 MB

     Dynamical RAM for                spsi:       0.94 MB

     Dynamical RAM for      wfcinit/wfcrot:       1.15 MB

     Dynamical RAM for           addusdens:      48.81 MB

     Dynamical RAM for          addusforce:      49.47 MB

     Dynamical RAM for         addusstress:      52.19 MB

     Estimated static dynamical RAM per process >      14.49 MB

     Estimated max dynamical RAM per process >      70.83 MB

     Initial potential from superposition of free atoms

     starting charge      66.9927, renormalised to      67.0000
     Starting wfcs are   48 randomized atomic wfcs

     total cpu time spent up to now is        2.3 secs

     Self-consistent Calculation

     iteration #  1     ecut=    30.00 Ry     beta= 0.70
     Davidson diagonalization with overlap

---- Real-time Memory Report at c_bands before calling an iterative solver
           276 MiB given to the printing process from OS
             0 MiB allocation reported by mallinfo(arena+hblkhd)
        128434 MiB available memory on the node where the printing process lives
------------------
     ethr =  1.00E-02,  avg # of iterations =  2.0

     Threshold (ethr) on eigenvalues was too large:
     Diagonalizing with lowered threshold

     Davidson diagonalization with overlap

---- Real-time Memory Report at c_bands before calling an iterative solver
           437 MiB given to the printing process from OS
             0 MiB allocation reported by mallinfo(arena+hblkhd)
        128298 MiB available memory on the node where the printing process lives
------------------
     ethr =  5.33E-04,  avg # of iterations =  2.0

     total cpu time spent up to now is        2.6 secs

     total energy              =    -738.49669613 Ry
     estimated scf accuracy    <       0.30135502 Ry

     iteration #  2     ecut=    30.00 Ry     beta= 0.70
     Davidson diagonalization with overlap

---- Real-time Memory Report at c_bands before calling an iterative solver
           449 MiB given to the printing process from OS
             0 MiB allocation reported by mallinfo(arena+hblkhd)
        128285 MiB available memory on the node where the printing process lives
------------------
     ethr =  4.50E-04,  avg # of iterations =  3.0

     total cpu time spent up to now is        2.7 secs

     total energy              =    -738.54631600 Ry
     estimated scf accuracy    <       0.20610604 Ry

     iteration #  3     ecut=    30.00 Ry     beta= 0.70
     Davidson diagonalization with overlap

---- Real-time Memory Report at c_bands before calling an iterative solver
           453 MiB given to the printing process from OS
             0 MiB allocation reported by mallinfo(arena+hblkhd)
        128283 MiB available memory on the node where the printing process lives
------------------
     ethr =  3.08E-04,  avg # of iterations =  3.0

     total cpu time spent up to now is        2.8 secs

     total energy              =    -738.57116481 Ry
     estimated scf accuracy    <       0.05309160 Ry

     iteration #  4     ecut=    30.00 Ry     beta= 0.70
     Davidson diagonalization with overlap

---- Real-time Memory Report at c_bands before calling an iterative solver
           455 MiB given to the printing process from OS
             0 MiB allocation reported by mallinfo(arena+hblkhd)
        128282 MiB available memory on the node where the printing process lives
------------------
     ethr =  7.92E-05,  avg # of iterations =  3.0

     total cpu time spent up to now is        2.9 secs

     total energy              =    -738.57340653 Ry
     estimated scf accuracy    <       0.42369332 Ry

     iteration #  5     ecut=    30.00 Ry     beta= 0.70
     Davidson diagonalization with overlap

---- Real-time Memory Report at c_bands before calling an iterative solver
           455 MiB given to the printing process from OS
             0 MiB allocation reported by mallinfo(arena+hblkhd)
        128280 MiB available memory on the node where the printing process lives
------------------
     ethr =  7.92E-05,  avg # of iterations =  2.0

     total cpu time spent up to now is        3.1 secs

     total energy              =    -738.58544517 Ry
     estimated scf accuracy    <       0.11614733 Ry

     iteration #  6     ecut=    30.00 Ry     beta= 0.70
     Davidson diagonalization with overlap

---- Real-time Memory Report at c_bands before calling an iterative solver
           455 MiB given to the printing process from OS
             0 MiB allocation reported by mallinfo(arena+hblkhd)
        128279 MiB available memory on the node where the printing process lives
------------------
     ethr =  7.92E-05,  avg # of iterations =  1.0

     total cpu time spent up to now is        3.2 secs

     total energy              =    -738.59144525 Ry
     estimated scf accuracy    <       0.03107905 Ry

     iteration #  7     ecut=    30.00 Ry     beta= 0.70
     Davidson diagonalization with overlap

---- Real-time Memory Report at c_bands before calling an iterative solver
           455 MiB given to the printing process from OS
             0 MiB allocation reported by mallinfo(arena+hblkhd)
        128280 MiB available memory on the node where the printing process lives
------------------
     ethr =  4.64E-05,  avg # of iterations =  1.0

     total cpu time spent up to now is        3.3 secs

     total energy              =    -738.59297673 Ry
     estimated scf accuracy    <       0.00107874 Ry

     iteration #  8     ecut=    30.00 Ry     beta= 0.70
     Davidson diagonalization with overlap

---- Real-time Memory Report at c_bands before calling an iterative solver
           455 MiB given to the printing process from OS
             0 MiB allocation reported by mallinfo(arena+hblkhd)
        128279 MiB available memory on the node where the printing process lives
------------------
     ethr =  1.61E-06,  avg # of iterations = 13.0

     total cpu time spent up to now is        3.4 secs

     total energy              =    -738.59312752 Ry
     estimated scf accuracy    <       0.00025352 Ry

     iteration #  9     ecut=    30.00 Ry     beta= 0.70
     Davidson diagonalization with overlap

---- Real-time Memory Report at c_bands before calling an iterative solver
           455 MiB given to the printing process from OS
             0 MiB allocation reported by mallinfo(arena+hblkhd)
        128280 MiB available memory on the node where the printing process lives
------------------
     ethr =  3.78E-07,  avg # of iterations =  1.0

     total cpu time spent up to now is        3.5 secs

     total energy              =    -738.59314309 Ry
     estimated scf accuracy    <       0.00001290 Ry

     iteration # 10     ecut=    30.00 Ry     beta= 0.70
     Davidson diagonalization with overlap

---- Real-time Memory Report at c_bands before calling an iterative solver
           455 MiB given to the printing process from OS
             0 MiB allocation reported by mallinfo(arena+hblkhd)
        128279 MiB available memory on the node where the printing process lives
------------------
     ethr =  1.93E-08,  avg # of iterations =  2.0

     total cpu time spent up to now is        3.6 secs

     total energy              =    -738.59314465 Ry
     estimated scf accuracy    <       0.00000255 Ry

     iteration # 11     ecut=    30.00 Ry     beta= 0.70
     Davidson diagonalization with overlap

---- Real-time Memory Report at c_bands before calling an iterative solver
           455 MiB given to the printing process from OS
             0 MiB allocation reported by mallinfo(arena+hblkhd)
        128280 MiB available memory on the node where the printing process lives
------------------
     ethr =  3.81E-09,  avg # of iterations =  2.0

     total cpu time spent up to now is        3.8 secs

     total energy              =    -738.59314499 Ry
     estimated scf accuracy    <       0.00000558 Ry

     iteration # 12     ecut=    30.00 Ry     beta= 0.70
     Davidson diagonalization with overlap

---- Real-time Memory Report at c_bands before calling an iterative solver
           455 MiB given to the printing process from OS
             0 MiB allocation reported by mallinfo(arena+hblkhd)
        128280 MiB available memory on the node where the printing process lives
------------------
     ethr =  3.81E-09,  avg # of iterations =  2.0

     total cpu time spent up to now is        3.9 secs

     total energy              =    -738.59314508 Ry
     estimated scf accuracy    <       0.00000107 Ry

     iteration # 13     ecut=    30.00 Ry     beta= 0.70
     Davidson diagonalization with overlap

---- Real-time Memory Report at c_bands before calling an iterative solver
           456 MiB given to the printing process from OS
             0 MiB allocation reported by mallinfo(arena+hblkhd)
        128281 MiB available memory on the node where the printing process lives
------------------
     ethr =  1.60E-09,  avg # of iterations =  1.0

     total cpu time spent up to now is        4.0 secs

     End of self-consistent calculation

          k = 0.0000 0.0000 0.0000 (   767 PWs)   bands (ev):

   -62.5376 -62.5036 -62.5034 -30.8826 -30.6851 -30.6850 -30.4998 -30.4997
   -30.4987 -29.9348 -29.8936 -29.8933 -23.8806  -4.8175  -4.8175  -4.6841
     5.8992  10.0408  10.3850  10.3850  11.1995  11.4133  11.9917  12.3483
    12.3484  14.2840  14.2842  14.2948  14.2950  15.3224  15.3225  15.3950
    15.3951  15.6115  16.0104  18.2379  18.2380  18.4249  18.6263  21.9096
    21.9096

     occupation numbers 
     1.0000   1.0000   1.0000   1.0000   1.0000   1.0000   1.0000   1.0000
     1.0000   1.0000   1.0000   1.0000   1.0000   1.0000   1.0000   1.0000
     1.0000   1.0000   1.0000   1.0000   1.0000   1.0000   1.0000   1.0000
     1.0000   1.0000   1.0000   1.0000   1.0000   1.0000   1.0000   1.0000
     1.0000   0.5000  -0.0000  -0.0000  -0.0000  -0.0000  -0.0000  -0.0000
    -0.0000

     the Fermi energy is    15.6115 ev

!    total energy              =    -738.59314502 Ry
     estimated scf accuracy    <       0.00000021 Ry
     smearing contrib. (-TS)   =      -0.00028209 Ry
     internal energy E=F+TS    =    -738.59286292 Ry

     The total energy is F=E-TS. E is the sum of the following terms:
     one-electron contribution =    -262.49285846 Ry
     hartree contribution      =     163.70894640 Ry
     xc contribution           =     -83.80229319 Ry
     ewald contribution        =    -556.00665767 Ry

     convergence has been achieved in  13 iterations

     Forces acting on atoms (cartesian axes, Ry/au):

     atom    1 type  1   force =     0.00000000    0.00000000    0.00000000
     atom    2 type  2   force =     0.00000000   -0.00000000    0.00000000
     atom    3 type  2   force =     0.00000000    0.00000000   -0.00000000
     atom    4 type  3   force =     0.00000000   -0.00000000   -0.00000000
     atom    5 type  3   force =     0.00000000    0.00000000    0.00000000
     atom    6 type  3   force =    -0.00000000   -0.00000000    0.00000000
     The non-local contrib.  to forces
     atom    1 type  1   force =     0.00000000    0.00000000   -0.00000000
     atom    2 type  2   force =     0.00000000   -0.00000000    0.00000000
     atom    3 type  2   force =     0.00000000    0.00000000   -0.00000000
     atom    4 type  3   force =    -0.00000000   -0.00000000   -0.00000000
     atom    5 type  3   force =     0.00000000    0.00000000    0.00000000
     atom    6 type  3   force =    -0.00000000   -0.00000000    0.00000000
     The ionic contribution  to forces
     atom    1 type  1   force =     0.00000000    0.00000000   -0.00000000
     atom    2 type  2   force =    -0.00001296    0.00000748    0.00000000
     atom    3 type  2   force =     0.00001296   -0.00000748    0.00000000
     atom    4 type  3   force =    -0.00000000    0.00000000   -0.00000000
     atom    5 type  3   force =     0.00000000    0.00000000   -0.00000000
     atom    6 type  3   force =    -0.00000000   -0.00000000   -0.00000000
     The local contribution  to forces
     atom    1 type  1   force =     0.00000000    0.00000368   -0.00000605
     atom    2 type  2   force =     0.00024382   -0.00022423   -0.00000015
     atom    3 type  2   force =    -0.00024441    0.00022592    0.00000009
     atom    4 type  3   force =    -0.00014216    0.00007986   -0.00000489
     atom    5 type  3   force =     0.00000366   -0.00019365   -0.00000076
     atom    6 type  3   force =     0.00017130    0.00009219    0.00000294
     The core correction contribution to forces
     atom    1 type  1   force =    -0.00000005   -0.00000002   -0.00000015
     atom    2 type  2   force =    -0.00000012    0.00000020   -0.00000010
     atom    3 type  2   force =     0.00000009   -0.00000013   -0.00000004
     atom    4 type  3   force =     0.00000000    0.00000000    0.00000000
     atom    5 type  3   force =     0.00000000    0.00000000    0.00000000
     atom    6 type  3   force =     0.00000000    0.00000000    0.00000000
     The Hubbard contrib.    to forces
     atom    1 type  1   force =     0.00000000    0.00000000    0.00000000
     atom    2 type  2   force =     0.00000000    0.00000000    0.00000000
     atom    3 type  2   force =     0.00000000    0.00000000    0.00000000
     atom    4 type  3   force =     0.00000000    0.00000000    0.00000000
     atom    5 type  3   force =     0.00000000    0.00000000    0.00000000
     atom    6 type  3   force =     0.00000000    0.00000000    0.00000000
     The SCF correction term to forces
     atom    1 type  1   force =     0.00000298   -0.00000255    0.00000324
     atom    2 type  2   force =    -0.00021088    0.00019897   -0.00000004
     atom    3 type  2   force =     0.00021086   -0.00019893   -0.00000006
     atom    4 type  3   force =     0.00018977   -0.00010758    0.00000326
     atom    5 type  3   force =    -0.00000818    0.00023814    0.00000144
     atom    6 type  3   force =    -0.00021274   -0.00011529   -0.00000323

     Total force =     0.000000     Total SCF correction =     0.000575


     Computing stress (Cartesian axis) and pressure

          total   stress  (Ry/bohr**3)                   (kbar)     P=       66.70
   0.00008496   0.00000000   0.00000000           12.50        0.00        0.00
   0.00000000   0.00008496   0.00000000            0.00       12.50        0.00
   0.00000000   0.00000000   0.00119033            0.00        0.00      175.10

     kinetic stress (kbar)  42286.29      0.01      0.00
                                0.01  42286.29      0.00
                                0.00      0.00  43984.89

     local   stress (kbar)  -4484.67     -0.53     -0.00
                               -0.53  -4485.59      0.00
                               -0.00      0.00 -13256.71

     nonloc. stress (kbar)   7359.30      0.00      0.00
                                0.00   7359.30     -0.00
                                0.00     -0.00   6997.84

     hartree stress (kbar)  13622.96      0.45      0.00
                                0.45  13623.79     -0.00
                                0.00     -0.00  17284.44

     exc-cor stress (kbar)  -6173.65     -0.00     -0.00
                               -0.00  -6173.66     -0.00
                               -0.00     -0.00  -6155.04

     corecor stress (kbar)   -881.55     -0.00     -0.00
                               -0.00   -881.55     -0.00
                               -0.00     -0.00   -870.77

     ewald   stress (kbar) -51716.15      0.04      0.00
                                0.04 -51716.11      0.00
                                0.00      0.00 -47809.56

     hubbard stress (kbar)      0.00      0.00      0.00
                                0.00      0.00      0.00
                                0.00      0.00      0.00

     DFT-D   stress (kbar)      0.00      0.00      0.00
                                0.00      0.00      0.00
                                0.00      0.00      0.00

     XDM     stress (kbar)      0.00      0.00      0.00
                                0.00      0.00      0.00
                                0.00      0.00      0.00

     dft-nl  stress (kbar)      0.00      0.00      0.00
                                0.00      0.00      0.00
                                0.00      0.00      0.00

     TS-vdW  stress (kbar)      0.00      0.00      0.00
                                0.00      0.00      0.00
                                0.00      0.00      0.00


                                0.00      0.00      0.00
                                0.00      0.00      0.00


                                0.00      0.00      0.00


     Writing all to output data dir new_calculations/myprefix.save/
 
     init_run     :     59.02s CPU      2.20s WALL (       1 calls)
     electrons    :     51.47s CPU      1.70s WALL (       1 calls)
     forces       :      2.11s CPU      0.07s WALL (       1 calls)
     stress       :      3.48s CPU      0.12s WALL (       1 calls)

     Called by init_run:
     wfcinit      :     17.71s CPU      0.58s WALL (       1 calls)
     wfcinit:atom :      0.02s CPU      0.00s WALL (       1 calls)
     wfcinit:wfcr :     17.57s CPU      0.57s WALL (       1 calls)
     potinit      :     16.33s CPU      0.54s WALL (       1 calls)
     hinit0       :     24.22s CPU      1.05s WALL (       1 calls)

     Called by electrons:
     c_bands      :     22.80s CPU      0.74s WALL (      14 calls)
     sum_band     :     13.60s CPU      0.45s WALL (      14 calls)
     v_of_rho     :      3.40s CPU      0.11s WALL (      14 calls)
     v_h          :      0.31s CPU      0.01s WALL (      14 calls)
     v_xc         :      3.41s CPU      0.11s WALL (      16 calls)
     newd         :      9.14s CPU      0.30s WALL (      14 calls)
     mix_rho      :      0.93s CPU      0.03s WALL (      14 calls)

     Called by c_bands:
     init_us_2    :      0.29s CPU      0.01s WALL (      29 calls)
     init_us_2:cp :      0.25s CPU      0.01s WALL (      29 calls)
     regterg      :     22.00s CPU      0.71s WALL (      14 calls)

     Called by sum_band:
     sum_band:wei :      0.03s CPU      0.00s WALL (      14 calls)
     sum_band:loo :      3.86s CPU      0.12s WALL (      14 calls)
     sum_band:buf :      0.01s CPU      0.00s WALL (      14 calls)
     sum_band:ini :      0.14s CPU      0.00s WALL (      14 calls)
     sum_band:cal :      0.06s CPU      0.00s WALL (      14 calls)
     sum_band:bec :      0.02s CPU      0.00s WALL (      14 calls)
     addusdens    :      9.01s CPU      0.31s WALL (      14 calls)
     addusd:skk   :      0.03s CPU      0.00s WALL (      28 calls)
     addusd:dgemm :      1.51s CPU      0.07s WALL (      28 calls)
     addusd:qvan2 :      6.94s CPU      0.22s WALL (      28 calls)

     Called by *egterg:
     rdiaghg      :      3.03s CPU      0.10s WALL (      51 calls)
     regterg:over :      0.12s CPU      0.00s WALL (      38 calls)
     regterg:upda :      0.17s CPU      0.01s WALL (      38 calls)
     regterg:last :      0.27s CPU      0.01s WALL (      24 calls)
     h_psi        :     34.90s CPU      1.13s WALL (      53 calls)
     s_psi        :      0.07s CPU      0.00s WALL (      53 calls)
     g_psi        :      0.03s CPU      0.00s WALL (      38 calls)

     Called by h_psi:
     h_psi:calbec :      0.24s CPU      0.01s WALL (      53 calls)
     vloc_psi     :     34.26s CPU      1.11s WALL (      53 calls)
     add_vuspsi   :      0.13s CPU      0.00s WALL (      53 calls)

     General routines
     calbec       :      0.24s CPU      0.01s WALL (      72 calls)
     fft          :     14.25s CPU      0.47s WALL (     173 calls)
     ffts         :     15.78s CPU      0.52s WALL (      28 calls)
     fftw         :     32.12s CPU      1.03s WALL (    1660 calls)
     interpolate  :     16.01s CPU      0.52s WALL (      14 calls)
 
     Parallel routines
 
     PWSCF        :   2m 2.21s CPU      4.82s WALL

 
   This run was terminated on:   7:34:51  21May2023            

=------------------------------------------------------------------------------=
   JOB DONE.
=------------------------------------------------------------------------------=
