
     Program PWSCF v.7.0 starts on 20May2023 at  8:44:46 

     This program is part of the open-source Quantum ESPRESSO suite
     for quantum simulation of materials; please cite
         "P. Giannozzi et al., J. Phys.:Condens. Matter 21 395502 (2009);
         "P. Giannozzi et al., J. Phys.:Condens. Matter 29 465901 (2017);
         "P. Giannozzi et al., J. Chem. Phys. 152 154105 (2020);
          URL http://www.quantum-espresso.org", 
     in publications or presentations arising from this work. More details at
     http://www.quantum-espresso.org/quote

     Parallel version (MPI & OpenMP), running on      32 processor cores
     Number of MPI processes:                 1
     Threads/MPI process:                    32

     MPI processes distributed on     1 nodes
     161728 MiB available memory on the printing compute node when the environment starts
 
     Reading input from espresso_370.pwi
Warning: card &CELL ignored
Warning: card / ignored

     Current dimensions of program PWSCF are:
     Max number of different atomic species (ntypx) = 10
     Max number of k-points (npk) =  40000
     Max angular momentum in pseudopotentials (lmaxx) =  4

     gamma-point specific algorithms are used
     Message from routine setup:
     using ibrav=0 with symmetry is DISCOURAGED, use correct ibrav instead

     Subspace diagonalization in iterative solution of the eigenvalue problem:
     a serial algorithm will be used

 
     G-vector sticks info
     --------------------
     sticks:   dense  smooth     PW     G-vecs:    dense   smooth      PW
     Sum        1285     649    163                30923    10969    1363
 
     Using Slab Decomposition
 


     bravais-lattice index     =            0
     lattice parameter (alat)  =       8.8847  a.u.
     unit-cell volume          =     495.9145 (a.u.)^3
     number of atoms/cell      =            4
     number of atomic types    =            3
     number of electrons       =        62.00
     number of Kohn-Sham states=           37
     kinetic-energy cutoff     =      30.0000  Ry
     charge density cutoff     =     240.0000  Ry
     scf convergence threshold =      1.0E-06
     mixing beta               =       0.7000
     number of iterations used =            8  plain     mixing
     Exchange-correlation= PBE
                           (   1   4   3   4   0   0   0)

     celldm(1)=   8.884656  celldm(2)=   0.000000  celldm(3)=   0.000000
     celldm(4)=   0.000000  celldm(5)=   0.000000  celldm(6)=   0.000000

     crystal axes: (cart. coord. in units of alat)
               a(1) = (   1.000000   0.000000   0.000000 )  
               a(2) = (   0.500000   0.866025   0.000000 )  
               a(3) = (   0.500000   0.288675   0.816497 )  

     reciprocal axes: (cart. coord. in units 2 pi/alat)
               b(1) = (  1.000000 -0.577350 -0.408248 )  
               b(2) = (  0.000000  1.154701 -0.408248 )  
               b(3) = (  0.000000  0.000000  1.224745 )  


     PseudoPot. # 1 for Zr read from file:
     /home/pragov/projects/rrg-bengioy-ad/pragov/crystal_structure_design/SSSP/Zr_pbe_v1.uspp.F.UPF
     MD5 check sum: 5db81b1e868ab7776c4564c113de050b
     Pseudo is Ultrasoft + core correction, Zval = 12.0
     Generated by new atomic code, or converted to UPF format
     Using radial grid of  887 points,  6 beta functions with: 
                l(1) =   0
                l(2) =   0
                l(3) =   1
                l(4) =   1
                l(5) =   2
                l(6) =   2
     Q(r) pseudized with  6 coefficients,  rinner =    1.200   1.200   1.200
                                                       1.200   1.200

     PseudoPot. # 2 for Sn read from file:
     /home/pragov/projects/rrg-bengioy-ad/pragov/crystal_structure_design/SSSP/Sn_pbe_v1.uspp.F.UPF
     MD5 check sum: 4cf58ce39ec5d5d420df3dd08604eb00
     Pseudo is Ultrasoft + core correction, Zval = 14.0
     Generated by new atomic code, or converted to UPF format
     Using radial grid of  891 points,  6 beta functions with: 
                l(1) =   0
                l(2) =   0
                l(3) =   1
                l(4) =   1
                l(5) =   2
                l(6) =   2
     Q(r) pseudized with  6 coefficients,  rinner =    1.200   1.200   1.200
                                                       1.200   1.200

     PseudoPot. # 3 for Pd read from file:
     /home/pragov/projects/rrg-bengioy-ad/pragov/crystal_structure_design/SSSP/Pd_ONCV_PBE-1.0.oncvpsp.upf
     MD5 check sum: eb77f42b51d86fb18e25f68156a31cf1
     Pseudo is Norm-conserving, Zval = 18.0
     Generated using ONCVPSP code by D. R. Hamann
     Using radial grid of 1410 points,  6 beta functions with: 
                l(1) =   0
                l(2) =   0
                l(3) =   1
                l(4) =   1
                l(5) =   2
                l(6) =   2

     atomic species   valence    mass     pseudopotential
        Zr            12.00    91.22400     Zr( 1.00)
        Sn            14.00   118.71000     Sn( 1.00)
        Pd            18.00   106.42000     Pd( 1.00)

     12 Sym. Ops., with inversion, found


                                    s                        frac. trans.

      isym =  1     identity                                     

 cryst.   s( 1) = (     1          0          0      )
                  (     0          1          0      )
                  (     0          0          1      )

 cart.    s( 1) = (  1.0000000  0.0000000  0.0000000 )
                  (  0.0000000  1.0000000 -0.0000000 )
                  (  0.0000000  0.0000000  1.0000000 )


      isym =  2     180 deg rotation - cart. axis [1,0,0]        

 cryst.   s( 2) = (     1          0          0      )
                  (     1         -1          0      )
                  (     1          0         -1      )

 cart.    s( 2) = (  1.0000000  0.0000000  0.0000000 )
                  (  0.0000000 -1.0000000  0.0000000 )
                  (  0.0000000  0.0000000 -1.0000000 )


      isym =  3     120 deg rotation - cryst. axis [0,0,1]       

 cryst.   s( 3) = (    -1          1          0      )
                  (    -1          0          0      )
                  (    -1          0          1      )

 cart.    s( 3) = ( -0.5000000 -0.8660254  0.0000000 )
                  (  0.8660254 -0.5000000  0.0000000 )
                  (  0.0000000  0.0000000  1.0000000 )


      isym =  4     120 deg rotation - cryst. axis [0,0,-1]      

 cryst.   s( 4) = (     0         -1          0      )
                  (     1         -1          0      )
                  (     0         -1          1      )

 cart.    s( 4) = ( -0.5000000  0.8660254 -0.0000000 )
                  ( -0.8660254 -0.5000000  0.0000000 )
                  (  0.0000000  0.0000000  1.0000000 )


      isym =  5     180 deg rotation - cryst. axis [0,1,0]       

 cryst.   s( 5) = (     0         -1          0      )
                  (    -1          0          0      )
                  (     0          0         -1      )

 cart.    s( 5) = ( -0.5000000 -0.8660254  0.0000000 )
                  ( -0.8660254  0.5000000 -0.0000000 )
                  (  0.0000000  0.0000000 -1.0000000 )


      isym =  6     180 deg rotation - cryst. axis [1,1,0]       

 cryst.   s( 6) = (    -1          1          0      )
                  (     0          1          0      )
                  (     0          1         -1      )

 cart.    s( 6) = ( -0.5000000  0.8660254 -0.0000000 )
                  (  0.8660254  0.5000000 -0.0000000 )
                  (  0.0000000  0.0000000 -1.0000000 )


      isym =  7     inversion                                    

 cryst.   s( 7) = (    -1          0          0      )
                  (     0         -1          0      )
                  (     0          0         -1      )

 cart.    s( 7) = ( -1.0000000  0.0000000  0.0000000 )
                  (  0.0000000 -1.0000000  0.0000000 )
                  (  0.0000000  0.0000000 -1.0000000 )


      isym =  8     inv. 180 deg rotation - cart. axis [1,0,0]   

 cryst.   s( 8) = (    -1          0          0      )
                  (    -1          1          0      )
                  (    -1          0          1      )

 cart.    s( 8) = ( -1.0000000  0.0000000  0.0000000 )
                  (  0.0000000  1.0000000 -0.0000000 )
                  (  0.0000000  0.0000000  1.0000000 )


      isym =  9     inv. 120 deg rotation - cryst. axis [0,0,1]  

 cryst.   s( 9) = (     1         -1          0      )
                  (     1          0          0      )
                  (     1          0         -1      )

 cart.    s( 9) = (  0.5000000  0.8660254 -0.0000000 )
                  ( -0.8660254  0.5000000 -0.0000000 )
                  (  0.0000000  0.0000000 -1.0000000 )


      isym = 10     inv. 120 deg rotation - cryst. axis [0,0,-1] 

 cryst.   s(10) = (     0          1          0      )
                  (    -1          1          0      )
                  (     0          1         -1      )

 cart.    s(10) = (  0.5000000 -0.8660254  0.0000000 )
                  (  0.8660254  0.5000000 -0.0000000 )
                  (  0.0000000  0.0000000 -1.0000000 )


      isym = 11     inv. 180 deg rotation - cryst. axis [0,1,0]  

 cryst.   s(11) = (     0          1          0      )
                  (     1          0          0      )
                  (     0          0          1      )

 cart.    s(11) = (  0.5000000  0.8660254 -0.0000000 )
                  (  0.8660254 -0.5000000  0.0000000 )
                  (  0.0000000  0.0000000  1.0000000 )


      isym = 12     inv. 180 deg rotation - cryst. axis [1,1,0]  

 cryst.   s(12) = (     1         -1          0      )
                  (     0         -1          0      )
                  (     0         -1          1      )

 cart.    s(12) = (  0.5000000 -0.8660254  0.0000000 )
                  ( -0.8660254 -0.5000000  0.0000000 )
                  (  0.0000000  0.0000000  1.0000000 )


   Cartesian axes

     site n.     atom                  positions (alat units)
         1           Zr  tau(   1) = (   0.0000000   0.0000000   0.0000000  )
         2           Sn  tau(   2) = (   1.0000000   0.5773503   0.4082483  )
         3           Pd  tau(   3) = (   0.5000000   0.2886751   0.2041241  )
         4           Pd  tau(   4) = (   1.5000000   0.8660254   0.6123724  )

   Crystallographic axes

     site n.     atom                  positions (cryst. coord.)
         1           Zr  tau(   1) = (  0.0000000  0.0000000  0.0000000  )
         2           Sn  tau(   2) = (  0.5000000  0.5000000  0.5000000  )
         3           Pd  tau(   3) = (  0.2500000  0.2500000  0.2500000  )
         4           Pd  tau(   4) = (  0.7500000  0.7500000  0.7500000  )

     number of k points=     1  Methfessel-Paxton smearing, width (Ry)=  0.0010
                       cart. coord. in units 2pi/alat
        k(    1) = (   0.0000000   0.0000000   0.0000000), wk =   2.0000000

                       cryst. coord.
        k(    1) = (   0.0000000   0.0000000   0.0000000), wk =   2.0000000

     Dense  grid:    15462 G-vectors     FFT dimensions: (  45,  45,  45)

     Smooth grid:     5485 G-vectors     FFT dimensions: (  32,  32,  32)

     Dynamical RAM for                 wfc:       0.39 MB

     Dynamical RAM for     wfc (w. buffer):       0.39 MB

     Dynamical RAM for           str. fact:       0.71 MB

     Dynamical RAM for           local pot:       0.00 MB

     Dynamical RAM for          nlocal pot:       0.76 MB

     Dynamical RAM for                qrad:       3.73 MB

     Dynamical RAM for          rho,v,vnew:       2.79 MB

     Dynamical RAM for               rhoin:       0.93 MB

     Dynamical RAM for            rho*nmix:       3.77 MB

     Dynamical RAM for           G-vectors:       0.93 MB

     Dynamical RAM for          h,s,v(r/c):       0.13 MB

     Dynamical RAM for          <psi|beta>:       0.02 MB

     Dynamical RAM for                 psi:       0.78 MB

     Dynamical RAM for                hpsi:       0.78 MB

     Dynamical RAM for                spsi:       0.78 MB

     Dynamical RAM for      wfcinit/wfcrot:       0.92 MB

     Dynamical RAM for           addusdens:      44.12 MB

     Dynamical RAM for          addusforce:      44.24 MB

     Dynamical RAM for         addusstress:      47.42 MB

     Estimated static dynamical RAM per process >      14.66 MB

     Estimated max dynamical RAM per process >      65.85 MB

     Check: negative core charge=   -0.000002

     Initial potential from superposition of free atoms

     starting charge      60.9971, renormalised to      62.0000

     negative rho (up, down):  6.274E-02 0.000E+00
     Starting wfcs are   42 randomized atomic wfcs

     total cpu time spent up to now is        7.4 secs

     Self-consistent Calculation

     iteration #  1     ecut=    30.00 Ry     beta= 0.70
     Davidson diagonalization with overlap

---- Real-time Memory Report at c_bands before calling an iterative solver
           290 MiB given to the printing process from OS
             0 MiB allocation reported by mallinfo(arena+hblkhd)
        161634 MiB available memory on the node where the printing process lives
------------------
     ethr =  1.00E-02,  avg # of iterations =  2.0

     Threshold (ethr) on eigenvalues was too large:
     Diagonalizing with lowered threshold

     Davidson diagonalization with overlap

---- Real-time Memory Report at c_bands before calling an iterative solver
           443 MiB given to the printing process from OS
             0 MiB allocation reported by mallinfo(arena+hblkhd)
        161455 MiB available memory on the node where the printing process lives
------------------
     ethr =  9.98E-04,  avg # of iterations =  1.0

     negative rho (up, down):  5.898E-02 0.000E+00

     total cpu time spent up to now is        8.8 secs

     total energy              =    -767.81482527 Ry
     estimated scf accuracy    <       0.61768743 Ry

     iteration #  2     ecut=    30.00 Ry     beta= 0.70
     Davidson diagonalization with overlap

---- Real-time Memory Report at c_bands before calling an iterative solver
           458 MiB given to the printing process from OS
             0 MiB allocation reported by mallinfo(arena+hblkhd)
        161441 MiB available memory on the node where the printing process lives
------------------
     ethr =  9.96E-04,  avg # of iterations =  2.0

     negative rho (up, down):  5.883E-02 0.000E+00

     total cpu time spent up to now is        9.7 secs

     total energy              =    -767.94889204 Ry
     estimated scf accuracy    <       0.26870018 Ry

     iteration #  3     ecut=    30.00 Ry     beta= 0.70
     Davidson diagonalization with overlap

---- Real-time Memory Report at c_bands before calling an iterative solver
           458 MiB given to the printing process from OS
             0 MiB allocation reported by mallinfo(arena+hblkhd)
        161441 MiB available memory on the node where the printing process lives
------------------
     ethr =  4.33E-04,  avg # of iterations =  3.0

     negative rho (up, down):  5.873E-02 0.000E+00

     total cpu time spent up to now is       10.3 secs

     total energy              =    -768.01041919 Ry
     estimated scf accuracy    <       0.06172317 Ry

     iteration #  4     ecut=    30.00 Ry     beta= 0.70
     Davidson diagonalization with overlap

---- Real-time Memory Report at c_bands before calling an iterative solver
           458 MiB given to the printing process from OS
             0 MiB allocation reported by mallinfo(arena+hblkhd)
        161440 MiB available memory on the node where the printing process lives
------------------
     ethr =  9.96E-05,  avg # of iterations =  2.0

     negative rho (up, down):  5.859E-02 0.000E+00

     total cpu time spent up to now is       10.8 secs

     total energy              =    -768.02437174 Ry
     estimated scf accuracy    <       0.01159313 Ry

     iteration #  5     ecut=    30.00 Ry     beta= 0.70
     Davidson diagonalization with overlap

---- Real-time Memory Report at c_bands before calling an iterative solver
           458 MiB given to the printing process from OS
             0 MiB allocation reported by mallinfo(arena+hblkhd)
        161440 MiB available memory on the node where the printing process lives
------------------
     ethr =  1.87E-05,  avg # of iterations =  2.0

     negative rho (up, down):  5.842E-02 0.000E+00

     total cpu time spent up to now is       11.3 secs

     total energy              =    -768.02682660 Ry
     estimated scf accuracy    <       0.00083266 Ry

     iteration #  6     ecut=    30.00 Ry     beta= 0.70
     Davidson diagonalization with overlap

---- Real-time Memory Report at c_bands before calling an iterative solver
           459 MiB given to the printing process from OS
             0 MiB allocation reported by mallinfo(arena+hblkhd)
        161440 MiB available memory on the node where the printing process lives
------------------
     ethr =  1.34E-06,  avg # of iterations =  2.0

     negative rho (up, down):  5.843E-02 0.000E+00

     total cpu time spent up to now is       11.7 secs

     total energy              =    -768.02691207 Ry
     estimated scf accuracy    <       0.00003813 Ry

     iteration #  7     ecut=    30.00 Ry     beta= 0.70
     Davidson diagonalization with overlap

---- Real-time Memory Report at c_bands before calling an iterative solver
           459 MiB given to the printing process from OS
             0 MiB allocation reported by mallinfo(arena+hblkhd)
        161475 MiB available memory on the node where the printing process lives
------------------
     ethr =  6.15E-08,  avg # of iterations =  3.0

     negative rho (up, down):  5.844E-02 0.000E+00

     total cpu time spent up to now is       12.2 secs

     total energy              =    -768.02691130 Ry
     estimated scf accuracy    <       0.00017311 Ry

     iteration #  8     ecut=    30.00 Ry     beta= 0.70
     Davidson diagonalization with overlap

---- Real-time Memory Report at c_bands before calling an iterative solver
           459 MiB given to the printing process from OS
             0 MiB allocation reported by mallinfo(arena+hblkhd)
        161470 MiB available memory on the node where the printing process lives
------------------
     ethr =  6.15E-08,  avg # of iterations =  2.0

     negative rho (up, down):  5.844E-02 0.000E+00

     total cpu time spent up to now is       12.7 secs

     total energy              =    -768.02693108 Ry
     estimated scf accuracy    <       0.00000187 Ry

     iteration #  9     ecut=    30.00 Ry     beta= 0.70
     Davidson diagonalization with overlap

---- Real-time Memory Report at c_bands before calling an iterative solver
           460 MiB given to the printing process from OS
             0 MiB allocation reported by mallinfo(arena+hblkhd)
        161467 MiB available memory on the node where the printing process lives
------------------
     ethr =  3.01E-09,  avg # of iterations =  3.0

     negative rho (up, down):  5.844E-02 0.000E+00

     total cpu time spent up to now is       13.2 secs

     End of self-consistent calculation

          k = 0.0000 0.0000 0.0000 (   682 PWs)   bands (ev):

   -68.9892 -68.9860 -34.3669 -34.3669 -34.3669 -34.3462 -34.3462 -34.3462
   -29.6816  -7.8716  -7.8716  -7.8716  -6.1726  -6.1726  -6.1554  -6.1554
    -6.1554   6.8627  12.3191  12.3191  12.3192  12.6926  12.6926  14.1911
    14.1911  14.1911  15.1402  15.1402  17.3057  17.3057  17.3057  18.3874
    19.2439  19.2439  19.2440  20.3462  20.3462

     occupation numbers 
     1.0000   1.0000   1.0000   1.0000   1.0000   1.0000   1.0000   1.0000
     1.0000   1.0000   1.0000   1.0000   1.0000   1.0000   1.0000   1.0000
     1.0000   1.0000   1.0000   1.0000   1.0000   1.0000   1.0000   1.0000
     1.0000   1.0000   1.0000   1.0000   1.0000   1.0000   1.0000  -0.0000
    -0.0000  -0.0000  -0.0000  -0.0000  -0.0000

     the Fermi energy is    17.6821 ev

!    total energy              =    -768.02693144 Ry
     estimated scf accuracy    <       0.00000003 Ry
     smearing contrib. (-TS)   =       0.00000000 Ry
     internal energy E=F+TS    =    -768.02693144 Ry

     The total energy is F=E-TS. E is the sum of the following terms:
     one-electron contribution =    -248.70275250 Ry
     hartree contribution      =     161.11416522 Ry
     xc contribution           =    -115.09987220 Ry
     ewald contribution        =    -565.33847195 Ry

     convergence has been achieved in   9 iterations

     negative rho (up, down):  5.844E-02 0.000E+00

     Forces acting on atoms (cartesian axes, Ry/au):

     atom    1 type  1   force =     0.00000000    0.00000000   -0.00000000
     atom    2 type  2   force =     0.00000000    0.00000000    0.00000000
     atom    3 type  3   force =    -0.00000000    0.00000000    0.00000533
     atom    4 type  3   force =     0.00000000   -0.00000000   -0.00000533
     The non-local contrib.  to forces
     atom    1 type  1   force =     0.00000000    0.00000000   -0.00000000
     atom    2 type  2   force =     0.00000000    0.00000000   -0.00000000
     atom    3 type  3   force =     0.00000000    0.00000000    0.00000272
     atom    4 type  3   force =     0.00000000   -0.00000000   -0.00000272
     The ionic contribution  to forces
     atom    1 type  1   force =     0.00000000    0.00000000   -0.00000000
     atom    2 type  2   force =     0.00000000   -0.00000000   -0.00000000
     atom    3 type  3   force =     0.00000000   -0.00000000    0.00000000
     atom    4 type  3   force =     0.00000000    0.00000000   -0.00000000
     The local contribution  to forces
     atom    1 type  1   force =     0.00001812   -0.00007772    0.00003165
     atom    2 type  2   force =    -0.00000970    0.00005478   -0.00001089
     atom    3 type  3   force =    -0.00018891    0.00035622   -0.00010238
     atom    4 type  3   force =     0.00016978   -0.00034607    0.00007127
     The core correction contribution to forces
     atom    1 type  1   force =     0.00000017   -0.00000078    0.00000033
     atom    2 type  2   force =    -0.00000018    0.00000097   -0.00000020
     atom    3 type  3   force =     0.00000000    0.00000000    0.00000000
     atom    4 type  3   force =     0.00000000    0.00000000    0.00000000
     The Hubbard contrib.    to forces
     atom    1 type  1   force =     0.00000000    0.00000000    0.00000000
     atom    2 type  2   force =     0.00000000    0.00000000    0.00000000
     atom    3 type  3   force =     0.00000000    0.00000000    0.00000000
     atom    4 type  3   force =     0.00000000    0.00000000    0.00000000
     The SCF correction term to forces
     atom    1 type  1   force =    -0.00001549    0.00006793   -0.00002796
     atom    2 type  2   force =     0.00001072   -0.00006807    0.00001278
     atom    3 type  3   force =     0.00019297   -0.00037134    0.00011081
     atom    4 type  3   force =    -0.00017450    0.00035430   -0.00006805

     Total force =     0.000008     Total SCF correction =     0.000599
     SCF correction compared to forces is large: reduce conv_thr to get better values


     Computing stress (Cartesian axis) and pressure


     negative rho (up, down):  5.844E-02 0.000E+00
          total   stress  (Ry/bohr**3)                   (kbar)     P=     -807.49
  -0.00548925  -0.00000000  -0.00000000         -807.50       -0.00       -0.00
  -0.00000000  -0.00548925   0.00000000           -0.00     -807.50        0.00
   0.00000000   0.00000000  -0.00548913            0.00        0.00     -807.48

     kinetic stress (kbar)  43124.22      0.00      0.00
                                0.00  43124.22     -0.00
                                0.00     -0.00  43124.23

     local   stress (kbar)  -7267.55     -0.02     -0.01
                               -0.02  -7267.61      0.02
                               -0.01      0.02  -7267.56

     nonloc. stress (kbar)  11945.99      0.00      0.00
                                0.00  11945.99     -0.00
                               -0.00     -0.00  11945.99

     hartree stress (kbar)  15930.64      0.01      0.00
                                0.01  15930.66     -0.01
                                0.00     -0.01  15930.64

     exc-cor stress (kbar)   1762.95      0.00      0.00
                                0.00   1762.95     -0.00
                                0.00     -0.00   1762.95

     corecor stress (kbar) -10404.20      0.00      0.00
                                0.00 -10404.20     -0.00
                                0.00     -0.00 -10404.20

     ewald   stress (kbar) -55899.53     -0.00      0.00
                               -0.00 -55899.53      0.00
                                0.00      0.00 -55899.53

     hubbard stress (kbar)      0.00      0.00      0.00
                                0.00      0.00      0.00
                                0.00      0.00      0.00

     DFT-D   stress (kbar)      0.00      0.00      0.00
                                0.00      0.00      0.00
                                0.00      0.00      0.00

     XDM     stress (kbar)      0.00      0.00      0.00
                                0.00      0.00      0.00
                                0.00      0.00      0.00

     dft-nl  stress (kbar)      0.00      0.00      0.00
                                0.00      0.00      0.00
                                0.00      0.00      0.00

     TS-vdW  stress (kbar)      0.00      0.00      0.00
                                0.00      0.00      0.00
                                0.00      0.00      0.00


                                0.00      0.00      0.00
                                0.00      0.00      0.00


                                0.00      0.00      0.00


     Writing all to output data dir new_calculations/myprefix.save/
 
     init_run     :    128.76s CPU      7.19s WALL (       1 calls)
     electrons    :    137.52s CPU      5.85s WALL (       1 calls)
     forces       :      6.75s CPU      0.26s WALL (       1 calls)
     stress       :     10.92s CPU      0.40s WALL (       1 calls)

     Called by init_run:
     wfcinit      :     36.95s CPU      1.76s WALL (       1 calls)
     wfcinit:atom :      0.01s CPU      0.00s WALL (       1 calls)
     wfcinit:wfcr :     36.86s CPU      1.76s WALL (       1 calls)
     potinit      :     17.77s CPU      0.89s WALL (       1 calls)
     hinit0       :     69.12s CPU      4.28s WALL (       1 calls)

     Called by electrons:
     c_bands      :     66.65s CPU      2.88s WALL (      10 calls)
     sum_band     :     43.67s CPU      1.84s WALL (      10 calls)
     v_of_rho     :      3.44s CPU      0.15s WALL (      10 calls)
     v_h          :      0.32s CPU      0.01s WALL (      10 calls)
     v_xc         :      3.75s CPU      0.16s WALL (      12 calls)
     newd         :     26.84s CPU      1.15s WALL (      10 calls)
     mix_rho      :      0.72s CPU      0.03s WALL (      10 calls)

     Called by c_bands:
     init_us_2    :      0.32s CPU      0.01s WALL (      21 calls)
     init_us_2:cp :      0.30s CPU      0.01s WALL (      21 calls)
     regterg      :     65.92s CPU      2.85s WALL (      10 calls)

     Called by sum_band:
     sum_band:wei :      0.01s CPU      0.00s WALL (      10 calls)
     sum_band:loo :     10.98s CPU      0.47s WALL (      10 calls)
     sum_band:buf :      0.00s CPU      0.00s WALL (      10 calls)
     sum_band:ini :      0.11s CPU      0.00s WALL (      10 calls)
     sum_band:cal :      2.07s CPU      0.09s WALL (      10 calls)
     sum_band:bec :      0.11s CPU      0.00s WALL (      10 calls)
     addusdens    :     32.22s CPU      1.35s WALL (      10 calls)
     addusd:skk   :      0.11s CPU      0.00s WALL (      20 calls)
     addusd:dgemm :      1.19s CPU      0.05s WALL (      20 calls)
     addusd:qvan2 :     30.68s CPU      1.28s WALL (      20 calls)

     Called by *egterg:
     rdiaghg      :      2.19s CPU      0.10s WALL (      31 calls)
     regterg:over :      9.68s CPU      0.42s WALL (      22 calls)
     regterg:upda :      0.38s CPU      0.02s WALL (      22 calls)
     regterg:last :      0.26s CPU      0.01s WALL (      19 calls)
     h_psi        :     82.47s CPU      3.71s WALL (      33 calls)
     s_psi        :      0.13s CPU      0.01s WALL (      33 calls)
     g_psi        :      0.08s CPU      0.00s WALL (      22 calls)

     Called by h_psi:
     h_psi:calbec :      7.65s CPU      0.34s WALL (      33 calls)
     vloc_psi     :     73.30s CPU      3.31s WALL (      33 calls)
     add_vuspsi   :      1.16s CPU      0.05s WALL (      33 calls)

     General routines
     calbec       :     12.22s CPU      0.52s WALL (      48 calls)
     fft          :     61.71s CPU      3.48s WALL (     129 calls)
     ffts         :     17.43s CPU      0.87s WALL (      20 calls)
     fftw         :     78.63s CPU      3.53s WALL (    1146 calls)
     interpolate  :     17.62s CPU      0.88s WALL (      10 calls)
 
     Parallel routines
 
     PWSCF        :   4m50.10s CPU     14.85s WALL

 
   This run was terminated on:   8:45: 1  20May2023            

=------------------------------------------------------------------------------=
   JOB DONE.
=------------------------------------------------------------------------------=
