
     Program PWSCF v.7.0 starts on 21May2023 at  0:42:33 

     This program is part of the open-source Quantum ESPRESSO suite
     for quantum simulation of materials; please cite
         "P. Giannozzi et al., J. Phys.:Condens. Matter 21 395502 (2009);
         "P. Giannozzi et al., J. Phys.:Condens. Matter 29 465901 (2017);
         "P. Giannozzi et al., J. Chem. Phys. 152 154105 (2020);
          URL http://www.quantum-espresso.org", 
     in publications or presentations arising from this work. More details at
     http://www.quantum-espresso.org/quote

     Parallel version (MPI & OpenMP), running on      32 processor cores
     Number of MPI processes:                 1
     Threads/MPI process:                    32

     MPI processes distributed on     1 nodes
     129761 MiB available memory on the printing compute node when the environment starts
 
     Reading input from espresso_10849.pwi
Warning: card &CELL ignored
Warning: card / ignored

     Current dimensions of program PWSCF are:
     Max number of different atomic species (ntypx) = 10
     Max number of k-points (npk) =  40000
     Max angular momentum in pseudopotentials (lmaxx) =  4

     gamma-point specific algorithms are used
     Message from routine setup:
     using ibrav=0 with symmetry is DISCOURAGED, use correct ibrav instead

     Subspace diagonalization in iterative solution of the eigenvalue problem:
     a serial algorithm will be used

 
     G-vector sticks info
     --------------------
     sticks:   dense  smooth     PW     G-vecs:    dense   smooth      PW
     Sum        1147     583    151                25509     9089    1139
 
     Using Slab Decomposition
 


     bravais-lattice index     =            0
     lattice parameter (alat)  =       8.3037  a.u.
     unit-cell volume          =     404.8612 (a.u.)^3
     number of atoms/cell      =            4
     number of atomic types    =            3
     number of electrons       =        51.00
     number of Kohn-Sham states=           31
     kinetic-energy cutoff     =      30.0000  Ry
     charge density cutoff     =     240.0000  Ry
     scf convergence threshold =      1.0E-06
     mixing beta               =       0.7000
     number of iterations used =            8  plain     mixing
     Exchange-correlation= PBE
                           (   1   4   3   4   0   0   0)

     celldm(1)=   8.303739  celldm(2)=   0.000000  celldm(3)=   0.000000
     celldm(4)=   0.000000  celldm(5)=   0.000000  celldm(6)=   0.000000

     crystal axes: (cart. coord. in units of alat)
               a(1) = (   1.000000   0.000000   0.000000 )  
               a(2) = (   0.500000   0.866025   0.000000 )  
               a(3) = (   0.500000   0.288675   0.816497 )  

     reciprocal axes: (cart. coord. in units 2 pi/alat)
               b(1) = (  1.000000 -0.577350 -0.408248 )  
               b(2) = (  0.000000  1.154701 -0.408248 )  
               b(3) = (  0.000000  0.000000  1.224745 )  


     PseudoPot. # 1 for Li read from file:
     /home/pragov/projects/rrg-bengioy-ad/pragov/crystal_structure_design/SSSP/li_pbe_v1.4.uspp.F.UPF
     MD5 check sum: e912e257baa3777c20ea3d68f190483c
     Pseudo is Ultrasoft, Zval =  3.0
     Generated by new atomic code, or converted to UPF format
     Using radial grid of  751 points,  5 beta functions with: 
                l(1) =   0
                l(2) =   0
                l(3) =   0
                l(4) =   1
                l(5) =   1
     Q(r) pseudized with 10 coefficients,  rinner =    1.150   1.150   1.150


     PseudoPot. # 2 for Sn read from file:
     /home/pragov/projects/rrg-bengioy-ad/pragov/crystal_structure_design/SSSP/Sn_pbe_v1.uspp.F.UPF
     MD5 check sum: 4cf58ce39ec5d5d420df3dd08604eb00
     Pseudo is Ultrasoft + core correction, Zval = 14.0
     Generated by new atomic code, or converted to UPF format
     Using radial grid of  891 points,  6 beta functions with: 
                l(1) =   0
                l(2) =   0
                l(3) =   1
                l(4) =   1
                l(5) =   2
                l(6) =   2
     Q(r) pseudized with  6 coefficients,  rinner =    1.200   1.200   1.200
                                                       1.200   1.200

     PseudoPot. # 3 for Rh read from file:
     /home/pragov/projects/rrg-bengioy-ad/pragov/crystal_structure_design/SSSP/Rh_ONCV_PBE-1.0.oncvpsp.upf
     MD5 check sum: ba07c69523b14cacd10683cd4c4284c1
     Pseudo is Norm-conserving, Zval = 17.0
     Generated using ONCVPSP code by D. R. Hamann
     Using radial grid of 1442 points,  6 beta functions with: 
                l(1) =   0
                l(2) =   0
                l(3) =   1
                l(4) =   1
                l(5) =   2
                l(6) =   2

     atomic species   valence    mass     pseudopotential
        Li             3.00     6.94000     Li( 1.00)
        Sn            14.00   118.71000     Sn( 1.00)
        Rh            17.00   102.90550     Rh( 1.00)

     12 Sym. Ops., with inversion, found


                                    s                        frac. trans.

      isym =  1     identity                                     

 cryst.   s( 1) = (     1          0          0      )
                  (     0          1          0      )
                  (     0          0          1      )

 cart.    s( 1) = (  1.0000000  0.0000000  0.0000000 )
                  (  0.0000000  1.0000000  0.0000000 )
                  (  0.0000000  0.0000000  1.0000000 )


      isym =  2     180 deg rotation - cart. axis [1,0,0]        

 cryst.   s( 2) = (     1          0          0      )
                  (     1         -1          0      )
                  (     1          0         -1      )

 cart.    s( 2) = (  1.0000000  0.0000000  0.0000000 )
                  (  0.0000000 -1.0000000 -0.0000000 )
                  (  0.0000000  0.0000000 -1.0000000 )


      isym =  3     120 deg rotation - cryst. axis [0,0,1]       

 cryst.   s( 3) = (    -1          1          0      )
                  (    -1          0          0      )
                  (    -1          0          1      )

 cart.    s( 3) = ( -0.5000000 -0.8660254  0.0000000 )
                  (  0.8660254 -0.5000000  0.0000000 )
                  (  0.0000000  0.0000000  1.0000000 )


      isym =  4     120 deg rotation - cryst. axis [0,0,-1]      

 cryst.   s( 4) = (     0         -1          0      )
                  (     1         -1          0      )
                  (     0         -1          1      )

 cart.    s( 4) = ( -0.5000000  0.8660254 -0.0000000 )
                  ( -0.8660254 -0.5000000  0.0000000 )
                  (  0.0000000  0.0000000  1.0000000 )


      isym =  5     180 deg rotation - cryst. axis [0,1,0]       

 cryst.   s( 5) = (     0         -1          0      )
                  (    -1          0          0      )
                  (     0          0         -1      )

 cart.    s( 5) = ( -0.5000000 -0.8660254  0.0000000 )
                  ( -0.8660254  0.5000000 -0.0000000 )
                  (  0.0000000  0.0000000 -1.0000000 )


      isym =  6     180 deg rotation - cryst. axis [1,1,0]       

 cryst.   s( 6) = (    -1          1          0      )
                  (     0          1          0      )
                  (     0          1         -1      )

 cart.    s( 6) = ( -0.5000000  0.8660254 -0.0000000 )
                  (  0.8660254  0.5000000 -0.0000000 )
                  (  0.0000000  0.0000000 -1.0000000 )


      isym =  7     inversion                                    

 cryst.   s( 7) = (    -1          0          0      )
                  (     0         -1          0      )
                  (     0          0         -1      )

 cart.    s( 7) = ( -1.0000000  0.0000000  0.0000000 )
                  (  0.0000000 -1.0000000 -0.0000000 )
                  (  0.0000000  0.0000000 -1.0000000 )


      isym =  8     inv. 180 deg rotation - cart. axis [1,0,0]   

 cryst.   s( 8) = (    -1          0          0      )
                  (    -1          1          0      )
                  (    -1          0          1      )

 cart.    s( 8) = ( -1.0000000  0.0000000 -0.0000000 )
                  (  0.0000000  1.0000000  0.0000000 )
                  (  0.0000000  0.0000000  1.0000000 )


      isym =  9     inv. 120 deg rotation - cryst. axis [0,0,1]  

 cryst.   s( 9) = (     1         -1          0      )
                  (     1          0          0      )
                  (     1          0         -1      )

 cart.    s( 9) = (  0.5000000  0.8660254 -0.0000000 )
                  ( -0.8660254  0.5000000 -0.0000000 )
                  (  0.0000000  0.0000000 -1.0000000 )


      isym = 10     inv. 120 deg rotation - cryst. axis [0,0,-1] 

 cryst.   s(10) = (     0          1          0      )
                  (    -1          1          0      )
                  (     0          1         -1      )

 cart.    s(10) = (  0.5000000 -0.8660254  0.0000000 )
                  (  0.8660254  0.5000000 -0.0000000 )
                  (  0.0000000  0.0000000 -1.0000000 )


      isym = 11     inv. 180 deg rotation - cryst. axis [0,1,0]  

 cryst.   s(11) = (     0          1          0      )
                  (     1          0          0      )
                  (     0          0          1      )

 cart.    s(11) = (  0.5000000  0.8660254 -0.0000000 )
                  (  0.8660254 -0.5000000  0.0000000 )
                  (  0.0000000  0.0000000  1.0000000 )


      isym = 12     inv. 180 deg rotation - cryst. axis [1,1,0]  

 cryst.   s(12) = (     1         -1          0      )
                  (     0         -1          0      )
                  (     0         -1          1      )

 cart.    s(12) = (  0.5000000 -0.8660254  0.0000000 )
                  ( -0.8660254 -0.5000000  0.0000000 )
                  (  0.0000000  0.0000000  1.0000000 )


   Cartesian axes

     site n.     atom                  positions (alat units)
         1           Li  tau(   1) = (   1.0000000   0.5773503   0.4082483  )
         2           Sn  tau(   2) = (   0.0000000   0.0000000   0.0000000  )
         3           Rh  tau(   3) = (   0.5000000   0.2886751   0.2041241  )
         4           Rh  tau(   4) = (   1.5000000   0.8660254   0.6123724  )

   Crystallographic axes

     site n.     atom                  positions (cryst. coord.)
         1           Li  tau(   1) = (  0.5000000  0.5000000  0.5000000  )
         2           Sn  tau(   2) = (  0.0000000  0.0000000  0.0000000  )
         3           Rh  tau(   3) = (  0.2500000  0.2500000  0.2500000  )
         4           Rh  tau(   4) = (  0.7500000  0.7500000  0.7500000  )

     number of k points=     1  Methfessel-Paxton smearing, width (Ry)=  0.0010
                       cart. coord. in units 2pi/alat
        k(    1) = (   0.0000000   0.0000000   0.0000000), wk =   2.0000000

                       cryst. coord.
        k(    1) = (   0.0000000   0.0000000   0.0000000), wk =   2.0000000

     Dense  grid:    12755 G-vectors     FFT dimensions: (  45,  45,  45)

     Smooth grid:     4545 G-vectors     FFT dimensions: (  30,  30,  30)

     Dynamical RAM for                 wfc:       0.27 MB

     Dynamical RAM for     wfc (w. buffer):       0.27 MB

     Dynamical RAM for           str. fact:       0.58 MB

     Dynamical RAM for           local pot:       0.00 MB

     Dynamical RAM for          nlocal pot:       0.54 MB

     Dynamical RAM for                qrad:       3.73 MB

     Dynamical RAM for          rho,v,vnew:       2.67 MB

     Dynamical RAM for               rhoin:       0.89 MB

     Dynamical RAM for            rho*nmix:       3.11 MB

     Dynamical RAM for           G-vectors:       0.76 MB

     Dynamical RAM for          h,s,v(r/c):       0.09 MB

     Dynamical RAM for          <psi|beta>:       0.01 MB

     Dynamical RAM for                 psi:       0.53 MB

     Dynamical RAM for                hpsi:       0.53 MB

     Dynamical RAM for                spsi:       0.53 MB

     Dynamical RAM for      wfcinit/wfcrot:       0.61 MB

     Dynamical RAM for           addusdens:      36.40 MB

     Dynamical RAM for          addusforce:      36.50 MB

     Dynamical RAM for         addusstress:      39.12 MB

     Estimated static dynamical RAM per process >      13.70 MB

     Estimated max dynamical RAM per process >      55.93 MB

     Check: negative core charge=   -0.000001

     Initial potential from superposition of free atoms

     starting charge      49.5483, renormalised to      51.0000
     Starting wfcs are   34 randomized atomic wfcs

     total cpu time spent up to now is        2.5 secs

     Self-consistent Calculation

     iteration #  1     ecut=    30.00 Ry     beta= 0.70
     Davidson diagonalization with overlap

---- Real-time Memory Report at c_bands before calling an iterative solver
           280 MiB given to the printing process from OS
             0 MiB allocation reported by mallinfo(arena+hblkhd)
        129679 MiB available memory on the node where the printing process lives
------------------
     ethr =  1.00E-02,  avg # of iterations =  2.0

     Threshold (ethr) on eigenvalues was too large:
     Diagonalizing with lowered threshold

     Davidson diagonalization with overlap

---- Real-time Memory Report at c_bands before calling an iterative solver
           303 MiB given to the printing process from OS
             0 MiB allocation reported by mallinfo(arena+hblkhd)
        129668 MiB available memory on the node where the printing process lives
------------------
     ethr =  9.38E-04,  avg # of iterations =  2.0

     total cpu time spent up to now is        3.3 secs

     total energy              =    -610.88581481 Ry
     estimated scf accuracy    <       0.47669586 Ry

     iteration #  2     ecut=    30.00 Ry     beta= 0.70
     Davidson diagonalization with overlap

---- Real-time Memory Report at c_bands before calling an iterative solver
           316 MiB given to the printing process from OS
             0 MiB allocation reported by mallinfo(arena+hblkhd)
        129657 MiB available memory on the node where the printing process lives
------------------
     ethr =  9.35E-04,  avg # of iterations =  2.0

     total cpu time spent up to now is        3.5 secs

     total energy              =    -611.00373649 Ry
     estimated scf accuracy    <       0.21908580 Ry

     iteration #  3     ecut=    30.00 Ry     beta= 0.70
     Davidson diagonalization with overlap

---- Real-time Memory Report at c_bands before calling an iterative solver
           316 MiB given to the printing process from OS
             0 MiB allocation reported by mallinfo(arena+hblkhd)
        129655 MiB available memory on the node where the printing process lives
------------------
     ethr =  4.30E-04,  avg # of iterations =  2.0

     total cpu time spent up to now is        3.7 secs

     total energy              =    -611.06107224 Ry
     estimated scf accuracy    <       0.01283549 Ry

     iteration #  4     ecut=    30.00 Ry     beta= 0.70
     Davidson diagonalization with overlap

---- Real-time Memory Report at c_bands before calling an iterative solver
           316 MiB given to the printing process from OS
             0 MiB allocation reported by mallinfo(arena+hblkhd)
        129655 MiB available memory on the node where the printing process lives
------------------
     ethr =  2.52E-05,  avg # of iterations =  7.0

     total cpu time spent up to now is        4.0 secs

     total energy              =    -611.06396876 Ry
     estimated scf accuracy    <       0.00039237 Ry

     iteration #  5     ecut=    30.00 Ry     beta= 0.70
     Davidson diagonalization with overlap

---- Real-time Memory Report at c_bands before calling an iterative solver
           317 MiB given to the printing process from OS
             0 MiB allocation reported by mallinfo(arena+hblkhd)
        129655 MiB available memory on the node where the printing process lives
------------------
     ethr =  7.69E-07,  avg # of iterations =  9.0

     total cpu time spent up to now is        4.2 secs

     total energy              =    -611.06391517 Ry
     estimated scf accuracy    <       0.00116370 Ry

     iteration #  6     ecut=    30.00 Ry     beta= 0.70
     Davidson diagonalization with overlap

---- Real-time Memory Report at c_bands before calling an iterative solver
           319 MiB given to the printing process from OS
             0 MiB allocation reported by mallinfo(arena+hblkhd)
        129654 MiB available memory on the node where the printing process lives
------------------
     ethr =  7.69E-07,  avg # of iterations =  4.0

     total cpu time spent up to now is        4.4 secs

     total energy              =    -611.06410353 Ry
     estimated scf accuracy    <       0.00001896 Ry

     iteration #  7     ecut=    30.00 Ry     beta= 0.70
     Davidson diagonalization with overlap

---- Real-time Memory Report at c_bands before calling an iterative solver
           319 MiB given to the printing process from OS
             0 MiB allocation reported by mallinfo(arena+hblkhd)
        129654 MiB available memory on the node where the printing process lives
------------------
     ethr =  3.72E-08,  avg # of iterations =  3.0

     total cpu time spent up to now is        4.6 secs

     total energy              =    -611.06410531 Ry
     estimated scf accuracy    <       0.00000620 Ry

     iteration #  8     ecut=    30.00 Ry     beta= 0.70
     Davidson diagonalization with overlap

---- Real-time Memory Report at c_bands before calling an iterative solver
           319 MiB given to the printing process from OS
             0 MiB allocation reported by mallinfo(arena+hblkhd)
        129656 MiB available memory on the node where the printing process lives
------------------
     ethr =  1.22E-08,  avg # of iterations =  2.0

     total cpu time spent up to now is        4.8 secs

     total energy              =    -611.06410536 Ry
     estimated scf accuracy    <       0.00000137 Ry

     iteration #  9     ecut=    30.00 Ry     beta= 0.70
     Davidson diagonalization with overlap

---- Real-time Memory Report at c_bands before calling an iterative solver
           319 MiB given to the printing process from OS
             0 MiB allocation reported by mallinfo(arena+hblkhd)
        129656 MiB available memory on the node where the printing process lives
------------------
     ethr =  2.69E-09,  avg # of iterations =  5.0

     total cpu time spent up to now is        5.0 secs

     End of self-consistent calculation

          k = 0.0000 0.0000 0.0000 (   570 PWs)   bands (ev):

   -59.9745 -59.9567 -29.2513 -28.0020 -28.0020 -28.0020 -27.9238 -27.9238
   -27.9238  -5.1015  -5.1015  -5.1015  -5.0612  -5.0612   6.3245  12.2359
    12.2359  12.2359  13.8125  13.8125  16.5741  16.5741  16.5741  17.6623
    17.6623  19.8571  21.1890  21.1890  21.1892  21.5571  21.5571

     occupation numbers 
     1.0000   1.0000   1.0000   1.0000   1.0000   1.0000   1.0000   1.0000
     1.0000   1.0000   1.0000   1.0000   1.0000   1.0000   1.0000   1.0000
     1.0000   1.0000   1.0000   1.0000   1.0000   1.0000   1.0000   1.0000
     1.0000   0.5000  -0.0000  -0.0000  -0.0000  -0.0000  -0.0000

     the Fermi energy is    19.8571 ev

!    total energy              =    -611.06410560 Ry
     estimated scf accuracy    <       0.00000004 Ry
     smearing contrib. (-TS)   =      -0.00028209 Ry
     internal energy E=F+TS    =    -611.06382351 Ry

     The total energy is F=E-TS. E is the sum of the following terms:
     one-electron contribution =    -201.91130034 Ry
     hartree contribution      =     132.86900389 Ry
     xc contribution           =     -95.94541238 Ry
     ewald contribution        =    -446.07611468 Ry

     convergence has been achieved in   9 iterations

     Forces acting on atoms (cartesian axes, Ry/au):

     atom    1 type  1   force =     0.00000000    0.00000000    0.00000000
     atom    2 type  2   force =    -0.00000000   -0.00000000    0.00000000
     atom    3 type  3   force =     0.00000000   -0.00000000    0.00000881
     atom    4 type  3   force =     0.00000000    0.00000000   -0.00000881
     The non-local contrib.  to forces
     atom    1 type  1   force =    -0.00000000   -0.00000000    0.00000000
     atom    2 type  2   force =     0.00000000    0.00000000   -0.00000000
     atom    3 type  3   force =     0.00000000    0.00000000    0.00000587
     atom    4 type  3   force =     0.00000000    0.00000000   -0.00000587
     The ionic contribution  to forces
     atom    1 type  1   force =    -0.00000000    0.00000000   -0.00000000
     atom    2 type  2   force =    -0.00000000    0.00000000   -0.00000000
     atom    3 type  3   force =     0.00000000   -0.00000000    0.00000000
     atom    4 type  3   force =     0.00000000    0.00000000    0.00000000
     The local contribution  to forces
     atom    1 type  1   force =     0.00000806    0.00000921   -0.00000299
     atom    2 type  2   force =     0.00001067   -0.00008638    0.00004431
     atom    3 type  3   force =    -0.00035640    0.00015301    0.00005154
     atom    4 type  3   force =     0.00007686   -0.00017592   -0.00005785
     The core correction contribution to forces
     atom    1 type  1   force =     0.00000000    0.00000000    0.00000000
     atom    2 type  2   force =    -0.00000011   -0.00000313    0.00000161
     atom    3 type  3   force =     0.00000000    0.00000000    0.00000000
     atom    4 type  3   force =     0.00000000    0.00000000    0.00000000
     The Hubbard contrib.    to forces
     atom    1 type  1   force =     0.00000000    0.00000000    0.00000000
     atom    2 type  2   force =     0.00000000    0.00000000    0.00000000
     atom    3 type  3   force =     0.00000000    0.00000000    0.00000000
     atom    4 type  3   force =     0.00000000    0.00000000    0.00000000
     The SCF correction term to forces
     atom    1 type  1   force =    -0.00001774   -0.00000850    0.00000334
     atom    2 type  2   force =    -0.00005475    0.00009955   -0.00006604
     atom    3 type  3   force =     0.00034446   -0.00014961   -0.00005200
     atom    4 type  3   force =    -0.00010505    0.00017334    0.00005150

     Total force =     0.000012     Total SCF correction =     0.000453
     SCF correction compared to forces is large: reduce conv_thr to get better values


     Computing stress (Cartesian axis) and pressure

          total   stress  (Ry/bohr**3)                   (kbar)     P=      306.95
   0.00208660   0.00000000   0.00000000          306.95        0.00        0.00
   0.00000000   0.00208660  -0.00000000            0.00      306.95       -0.00
   0.00000000  -0.00000000   0.00208660            0.00       -0.00      306.95

     kinetic stress (kbar)  40663.15      0.00      0.00
                                0.00  40663.15     -0.00
                                0.00     -0.00  40663.14

     local   stress (kbar)  -1187.04     -0.05     -0.04
                               -0.05  -1187.09      0.04
                               -0.04      0.04  -1187.08

     nonloc. stress (kbar)   7382.72     -0.00     -0.00
                                0.00   7382.72     -0.00
                                0.00     -0.00   7382.73

     hartree stress (kbar)  16092.49      0.03      0.02
                                0.03  16092.53     -0.02
                                0.02     -0.02  16092.53

     exc-cor stress (kbar)   1846.21      0.00      0.00
                                0.00   1846.21     -0.00
                                0.00     -0.00   1846.21

     corecor stress (kbar) -10463.77     -0.00     -0.00
                               -0.00 -10463.77      0.00
                               -0.00      0.00 -10463.77

     ewald   stress (kbar) -54026.80     -0.00     -0.00
                               -0.00 -54026.80     -0.00
                               -0.00     -0.00 -54026.80

     hubbard stress (kbar)      0.00      0.00      0.00
                                0.00      0.00      0.00
                                0.00      0.00      0.00

     DFT-D   stress (kbar)      0.00      0.00      0.00
                                0.00      0.00      0.00
                                0.00      0.00      0.00

     XDM     stress (kbar)      0.00      0.00      0.00
                                0.00      0.00      0.00
                                0.00      0.00      0.00

     dft-nl  stress (kbar)      0.00      0.00      0.00
                                0.00      0.00      0.00
                                0.00      0.00      0.00

     TS-vdW  stress (kbar)      0.00      0.00      0.00
                                0.00      0.00      0.00
                                0.00      0.00      0.00


                                0.00      0.00      0.00
                                0.00      0.00      0.00


                                0.00      0.00      0.00


     Writing all to output data dir new_calculations/myprefix.save/
 
     init_run     :     59.59s CPU      2.29s WALL (       1 calls)
     electrons    :     78.35s CPU      2.54s WALL (       1 calls)
     forces       :      1.06s CPU      0.03s WALL (       1 calls)
     stress       :      2.33s CPU      0.07s WALL (       1 calls)

     Called by init_run:
     wfcinit      :     14.54s CPU      0.47s WALL (       1 calls)
     wfcinit:atom :      0.01s CPU      0.00s WALL (       1 calls)
     wfcinit:wfcr :     14.45s CPU      0.47s WALL (       1 calls)
     potinit      :     12.83s CPU      0.42s WALL (       1 calls)
     hinit0       :     31.56s CPU      1.36s WALL (       1 calls)

     Called by electrons:
     c_bands      :     55.75s CPU      1.80s WALL (      10 calls)
     sum_band     :     13.66s CPU      0.44s WALL (      10 calls)
     v_of_rho     :      2.89s CPU      0.10s WALL (      10 calls)
     v_h          :      0.22s CPU      0.01s WALL (      10 calls)
     v_xc         :      3.06s CPU      0.10s WALL (      12 calls)
     newd         :      5.70s CPU      0.19s WALL (      10 calls)
     mix_rho      :      0.50s CPU      0.02s WALL (      10 calls)

     Called by c_bands:
     init_us_2    :      0.19s CPU      0.01s WALL (      21 calls)
     init_us_2:cp :      0.16s CPU      0.01s WALL (      21 calls)
     regterg      :     55.20s CPU      1.78s WALL (      10 calls)

     Called by sum_band:
     sum_band:wei :      0.02s CPU      0.00s WALL (      10 calls)
     sum_band:loo :      6.80s CPU      0.22s WALL (      10 calls)
     sum_band:buf :      0.01s CPU      0.00s WALL (      10 calls)
     sum_band:ini :      0.09s CPU      0.00s WALL (      10 calls)
     sum_band:cal :      0.03s CPU      0.00s WALL (      10 calls)
     sum_band:bec :      0.01s CPU      0.00s WALL (      10 calls)
     addusdens    :      6.37s CPU      0.21s WALL (      10 calls)
     addusd:skk   :      0.02s CPU      0.00s WALL (      20 calls)
     addusd:dgemm :      1.79s CPU      0.06s WALL (      20 calls)
     addusd:qvan2 :      4.19s CPU      0.13s WALL (      20 calls)

     Called by *egterg:
     rdiaghg      :      1.71s CPU      0.06s WALL (      47 calls)
     regterg:over :      1.07s CPU      0.04s WALL (      38 calls)
     regterg:upda :      0.12s CPU      0.00s WALL (      38 calls)
     regterg:last :      0.17s CPU      0.01s WALL (      21 calls)
     h_psi        :     64.31s CPU      2.07s WALL (      49 calls)
     s_psi        :      0.06s CPU      0.00s WALL (      49 calls)
     g_psi        :      0.04s CPU      0.00s WALL (      38 calls)

     Called by h_psi:
     h_psi:calbec :      1.38s CPU      0.05s WALL (      49 calls)
     vloc_psi     :     62.60s CPU      2.01s WALL (      49 calls)
     add_vuspsi   :      0.09s CPU      0.00s WALL (      49 calls)

     General routines
     calbec       :      1.34s CPU      0.05s WALL (      64 calls)
     fft          :     22.60s CPU      0.78s WALL (     129 calls)
     ffts         :     12.32s CPU      0.41s WALL (      20 calls)
     fftw         :     65.77s CPU      2.11s WALL (     994 calls)
     interpolate  :     12.49s CPU      0.41s WALL (      10 calls)
 
     Parallel routines
 
     PWSCF        :   2m27.62s CPU      7.10s WALL

 
   This run was terminated on:   0:42:40  21May2023            

=------------------------------------------------------------------------------=
   JOB DONE.
=------------------------------------------------------------------------------=
