
     Program PWSCF v.7.0 starts on 21May2023 at 19:13:26 

     This program is part of the open-source Quantum ESPRESSO suite
     for quantum simulation of materials; please cite
         "P. Giannozzi et al., J. Phys.:Condens. Matter 21 395502 (2009);
         "P. Giannozzi et al., J. Phys.:Condens. Matter 29 465901 (2017);
         "P. Giannozzi et al., J. Chem. Phys. 152 154105 (2020);
          URL http://www.quantum-espresso.org", 
     in publications or presentations arising from this work. More details at
     http://www.quantum-espresso.org/quote

     Parallel version (MPI & OpenMP), running on      32 processor cores
     Number of MPI processes:                 1
     Threads/MPI process:                    32

     MPI processes distributed on     1 nodes
     81824 MiB available memory on the printing compute node when the environment starts
 
     Reading input from espresso_26982.pwi
Warning: card &CELL ignored
Warning: card / ignored

     Current dimensions of program PWSCF are:
     Max number of different atomic species (ntypx) = 10
     Max number of k-points (npk) =  40000
     Max angular momentum in pseudopotentials (lmaxx) =  4

     gamma-point specific algorithms are used
     Message from routine setup:
     using ibrav=0 with symmetry is DISCOURAGED, use correct ibrav instead

     Subspace diagonalization in iterative solution of the eigenvalue problem:
     a serial algorithm will be used

 
     G-vector sticks info
     --------------------
     sticks:   dense  smooth     PW     G-vecs:    dense   smooth      PW
     Sum        1615     805    199                42255    15065    1893
 
     Using Slab Decomposition
 


     bravais-lattice index     =            0
     lattice parameter (alat)  =       9.8431  a.u.
     unit-cell volume          =     674.3492 (a.u.)^3
     number of atoms/cell      =            4
     number of atomic types    =            3
     number of electrons       =        40.00
     number of Kohn-Sham states=           24
     kinetic-energy cutoff     =      30.0000  Ry
     charge density cutoff     =     240.0000  Ry
     scf convergence threshold =      1.0E-06
     mixing beta               =       0.7000
     number of iterations used =            8  plain     mixing
     Exchange-correlation= SLA  PW   PBE  PBE
                           (   1   4   3   4   0   0   0)

     celldm(1)=   9.843131  celldm(2)=   0.000000  celldm(3)=   0.000000
     celldm(4)=   0.000000  celldm(5)=   0.000000  celldm(6)=   0.000000

     crystal axes: (cart. coord. in units of alat)
               a(1) = (   1.000000   0.000000   0.000000 )  
               a(2) = (   0.500000   0.866025   0.000000 )  
               a(3) = (   0.500000   0.288675   0.816497 )  

     reciprocal axes: (cart. coord. in units 2 pi/alat)
               b(1) = (  1.000000 -0.577350 -0.408248 )  
               b(2) = (  0.000000  1.154701 -0.408248 )  
               b(3) = (  0.000000  0.000000  1.224745 )  


     PseudoPot. # 1 for Li read from file:
     /home/pragov/projects/rrg-bengioy-ad/pragov/crystal_structure_design/SSSP/li_pbe_v1.4.uspp.F.UPF
     MD5 check sum: e912e257baa3777c20ea3d68f190483c
     Pseudo is Ultrasoft, Zval =  3.0
     Generated by new atomic code, or converted to UPF format
     Using radial grid of  751 points,  5 beta functions with: 
                l(1) =   0
                l(2) =   0
                l(3) =   0
                l(4) =   1
                l(5) =   1
     Q(r) pseudized with 10 coefficients,  rinner =    1.150   1.150   1.150


     PseudoPot. # 2 for Y  read from file:
     /home/pragov/projects/rrg-bengioy-ad/pragov/crystal_structure_design/SSSP/Y_pbe_v1.uspp.F.UPF
     MD5 check sum: 2cf71db95cafeb975fc457bd7f14888e
     Pseudo is Ultrasoft + core correction, Zval = 11.0
     Generated by new atomic code, or converted to UPF format
     Using radial grid of  885 points,  6 beta functions with: 
                l(1) =   0
                l(2) =   0
                l(3) =   1
                l(4) =   1
                l(5) =   2
                l(6) =   2
     Q(r) pseudized with  6 coefficients,  rinner =    1.200   1.200   1.200
                                                       1.200   1.200

     PseudoPot. # 3 for Tl read from file:
     /home/pragov/projects/rrg-bengioy-ad/pragov/crystal_structure_design/SSSP/Tl_pbe_v1.2.uspp.F.UPF
     MD5 check sum: b76cf1f7e72655a2b2c53cf6385d7059
     Pseudo is Ultrasoft + core correction, Zval = 13.0
     Generated by new atomic code, or converted to UPF format
     Using radial grid of  899 points,  6 beta functions with: 
                l(1) =   0
                l(2) =   0
                l(3) =   1
                l(4) =   1
                l(5) =   2
                l(6) =   2
     Q(r) pseudized with  6 coefficients,  rinner =    1.100   1.100   1.100
                                                       1.100   1.100

     atomic species   valence    mass     pseudopotential
        Li             3.00     6.94000     Li( 1.00)
        Y             11.00    88.90584     Y ( 1.00)
        Tl            13.00   204.38000     Tl( 1.00)

     12 Sym. Ops., with inversion, found


                                    s                        frac. trans.

      isym =  1     identity                                     

 cryst.   s( 1) = (     1          0          0      )
                  (     0          1          0      )
                  (     0          0          1      )

 cart.    s( 1) = (  1.0000000  0.0000000  0.0000000 )
                  (  0.0000000  1.0000000 -0.0000000 )
                  (  0.0000000  0.0000000  1.0000000 )


      isym =  2     180 deg rotation - cart. axis [1,0,0]        

 cryst.   s( 2) = (     1          0          0      )
                  (     1         -1          0      )
                  (     1          0         -1      )

 cart.    s( 2) = (  1.0000000  0.0000000 -0.0000000 )
                  (  0.0000000 -1.0000000  0.0000000 )
                  (  0.0000000  0.0000000 -1.0000000 )


      isym =  3     120 deg rotation - cryst. axis [0,0,1]       

 cryst.   s( 3) = (    -1          1          0      )
                  (    -1          0          0      )
                  (    -1          0          1      )

 cart.    s( 3) = ( -0.5000000 -0.8660254  0.0000000 )
                  (  0.8660254 -0.5000000  0.0000000 )
                  (  0.0000000  0.0000000  1.0000000 )


      isym =  4     120 deg rotation - cryst. axis [0,0,-1]      

 cryst.   s( 4) = (     0         -1          0      )
                  (     1         -1          0      )
                  (     0         -1          1      )

 cart.    s( 4) = ( -0.5000000  0.8660254  0.0000000 )
                  ( -0.8660254 -0.5000000  0.0000000 )
                  (  0.0000000  0.0000000  1.0000000 )


      isym =  5     180 deg rotation - cryst. axis [0,1,0]       

 cryst.   s( 5) = (     0         -1          0      )
                  (    -1          0          0      )
                  (     0          0         -1      )

 cart.    s( 5) = ( -0.5000000 -0.8660254  0.0000000 )
                  ( -0.8660254  0.5000000 -0.0000000 )
                  (  0.0000000  0.0000000 -1.0000000 )


      isym =  6     180 deg rotation - cryst. axis [1,1,0]       

 cryst.   s( 6) = (    -1          1          0      )
                  (     0          1          0      )
                  (     0          1         -1      )

 cart.    s( 6) = ( -0.5000000  0.8660254 -0.0000000 )
                  (  0.8660254  0.5000000 -0.0000000 )
                  (  0.0000000  0.0000000 -1.0000000 )


      isym =  7     inversion                                    

 cryst.   s( 7) = (    -1          0          0      )
                  (     0         -1          0      )
                  (     0          0         -1      )

 cart.    s( 7) = ( -1.0000000  0.0000000  0.0000000 )
                  (  0.0000000 -1.0000000  0.0000000 )
                  (  0.0000000  0.0000000 -1.0000000 )


      isym =  8     inv. 180 deg rotation - cart. axis [1,0,0]   

 cryst.   s( 8) = (    -1          0          0      )
                  (    -1          1          0      )
                  (    -1          0          1      )

 cart.    s( 8) = ( -1.0000000  0.0000000  0.0000000 )
                  (  0.0000000  1.0000000 -0.0000000 )
                  (  0.0000000  0.0000000  1.0000000 )


      isym =  9     inv. 120 deg rotation - cryst. axis [0,0,1]  

 cryst.   s( 9) = (     1         -1          0      )
                  (     1          0          0      )
                  (     1          0         -1      )

 cart.    s( 9) = (  0.5000000  0.8660254 -0.0000000 )
                  ( -0.8660254  0.5000000 -0.0000000 )
                  (  0.0000000  0.0000000 -1.0000000 )


      isym = 10     inv. 120 deg rotation - cryst. axis [0,0,-1] 

 cryst.   s(10) = (     0          1          0      )
                  (    -1          1          0      )
                  (     0          1         -1      )

 cart.    s(10) = (  0.5000000 -0.8660254  0.0000000 )
                  (  0.8660254  0.5000000 -0.0000000 )
                  (  0.0000000  0.0000000 -1.0000000 )


      isym = 11     inv. 180 deg rotation - cryst. axis [0,1,0]  

 cryst.   s(11) = (     0          1          0      )
                  (     1          0          0      )
                  (     0          0          1      )

 cart.    s(11) = (  0.5000000  0.8660254  0.0000000 )
                  (  0.8660254 -0.5000000  0.0000000 )
                  (  0.0000000  0.0000000  1.0000000 )


      isym = 12     inv. 180 deg rotation - cryst. axis [1,1,0]  

 cryst.   s(12) = (     1         -1          0      )
                  (     0         -1          0      )
                  (     0         -1          1      )

 cart.    s(12) = (  0.5000000 -0.8660254  0.0000000 )
                  ( -0.8660254 -0.5000000  0.0000000 )
                  (  0.0000000  0.0000000  1.0000000 )


   Cartesian axes

     site n.     atom                  positions (alat units)
         1           Li  tau(   1) = (   1.0000000   0.5773503   0.4082483  )
         2           Y   tau(   2) = (   0.0000000   0.0000000   0.0000000  )
         3           Tl  tau(   3) = (   1.5000000   0.8660254   0.6123724  )
         4           Tl  tau(   4) = (   0.5000000   0.2886751   0.2041241  )

   Crystallographic axes

     site n.     atom                  positions (cryst. coord.)
         1           Li  tau(   1) = (  0.5000000  0.5000000  0.5000000  )
         2           Y   tau(   2) = (  0.0000000  0.0000000  0.0000000  )
         3           Tl  tau(   3) = (  0.7500000  0.7500000  0.7500000  )
         4           Tl  tau(   4) = (  0.2500000  0.2500000  0.2500000  )

     number of k points=     1  Methfessel-Paxton smearing, width (Ry)=  0.0010
                       cart. coord. in units 2pi/alat
        k(    1) = (   0.0000000   0.0000000   0.0000000), wk =   2.0000000

                       cryst. coord.
        k(    1) = (   0.0000000   0.0000000   0.0000000), wk =   2.0000000

     Dense  grid:    21128 G-vectors     FFT dimensions: (  50,  50,  50)

     Smooth grid:     7533 G-vectors     FFT dimensions: (  36,  36,  36)

     Dynamical RAM for                 wfc:       0.34 MB

     Dynamical RAM for     wfc (w. buffer):       0.34 MB

     Dynamical RAM for           str. fact:       0.97 MB

     Dynamical RAM for           local pot:       0.00 MB

     Dynamical RAM for          nlocal pot:       0.90 MB

     Dynamical RAM for                qrad:       3.73 MB

     Dynamical RAM for          rho,v,vnew:       3.83 MB

     Dynamical RAM for               rhoin:       1.28 MB

     Dynamical RAM for            rho*nmix:       5.16 MB

     Dynamical RAM for           G-vectors:       1.27 MB

     Dynamical RAM for          h,s,v(r/c):       0.05 MB

     Dynamical RAM for          <psi|beta>:       0.01 MB

     Dynamical RAM for                 psi:       0.69 MB

     Dynamical RAM for                hpsi:       0.69 MB

     Dynamical RAM for                spsi:       0.69 MB

     Dynamical RAM for      wfcinit/wfcrot:       1.06 MB

     Dynamical RAM for           addusdens:      60.61 MB

     Dynamical RAM for          addusforce:      61.42 MB

     Dynamical RAM for         addusstress:      64.80 MB

     Estimated static dynamical RAM per process >      18.37 MB

     Estimated max dynamical RAM per process >      88.33 MB

     Check: negative core charge=   -0.000006

     Initial potential from superposition of free atoms

     starting charge      39.5351, renormalised to      40.0000

     negative rho (up, down):  1.514E-01 0.000E+00
     Starting wfcs are   36 randomized atomic wfcs

     total cpu time spent up to now is        7.9 secs

     Self-consistent Calculation

     iteration #  1     ecut=    30.00 Ry     beta= 0.70
     Davidson diagonalization with overlap

---- Real-time Memory Report at c_bands before calling an iterative solver
           308 MiB given to the printing process from OS
             0 MiB allocation reported by mallinfo(arena+hblkhd)
         81694 MiB available memory on the node where the printing process lives
------------------
     ethr =  1.00E-02,  avg # of iterations =  2.0

     Threshold (ethr) on eigenvalues was too large:
     Diagonalizing with lowered threshold

     Davidson diagonalization with overlap

---- Real-time Memory Report at c_bands before calling an iterative solver
           323 MiB given to the printing process from OS
             0 MiB allocation reported by mallinfo(arena+hblkhd)
         81514 MiB available memory on the node where the printing process lives
------------------
     ethr =  4.49E-04,  avg # of iterations =  2.0

     negative rho (up, down):  1.440E-01 0.000E+00

     total cpu time spent up to now is        9.8 secs

     total energy              =    -391.78828529 Ry
     estimated scf accuracy    <       0.19067221 Ry

     iteration #  2     ecut=    30.00 Ry     beta= 0.70
     Davidson diagonalization with overlap

---- Real-time Memory Report at c_bands before calling an iterative solver
           341 MiB given to the printing process from OS
             0 MiB allocation reported by mallinfo(arena+hblkhd)
         81267 MiB available memory on the node where the printing process lives
------------------
     ethr =  4.77E-04,  avg # of iterations =  3.0

     negative rho (up, down):  1.461E-01 0.000E+00

     total cpu time spent up to now is       10.1 secs

     total energy              =    -391.83180673 Ry
     estimated scf accuracy    <       0.03528460 Ry

     iteration #  3     ecut=    30.00 Ry     beta= 0.70
     Davidson diagonalization with overlap

---- Real-time Memory Report at c_bands before calling an iterative solver
           342 MiB given to the printing process from OS
             0 MiB allocation reported by mallinfo(arena+hblkhd)
         81622 MiB available memory on the node where the printing process lives
------------------
     ethr =  8.82E-05,  avg # of iterations =  2.0

     negative rho (up, down):  1.467E-01 0.000E+00

     total cpu time spent up to now is       10.3 secs

     total energy              =    -391.83978935 Ry
     estimated scf accuracy    <       0.00111799 Ry

     iteration #  4     ecut=    30.00 Ry     beta= 0.70
     Davidson diagonalization with overlap

---- Real-time Memory Report at c_bands before calling an iterative solver
           342 MiB given to the printing process from OS
             0 MiB allocation reported by mallinfo(arena+hblkhd)
         81621 MiB available memory on the node where the printing process lives
------------------
     ethr =  2.79E-06,  avg # of iterations =  6.0

     negative rho (up, down):  1.464E-01 0.000E+00

     total cpu time spent up to now is       10.7 secs

     total energy              =    -391.84027070 Ry
     estimated scf accuracy    <       0.00113387 Ry

     iteration #  5     ecut=    30.00 Ry     beta= 0.70
     Davidson diagonalization with overlap

---- Real-time Memory Report at c_bands before calling an iterative solver
           342 MiB given to the printing process from OS
             0 MiB allocation reported by mallinfo(arena+hblkhd)
         81496 MiB available memory on the node where the printing process lives
------------------
     ethr =  2.79E-06,  avg # of iterations =  3.0

     negative rho (up, down):  1.464E-01 0.000E+00

     total cpu time spent up to now is       11.0 secs

     total energy              =    -391.84069908 Ry
     estimated scf accuracy    <       0.00016590 Ry

     iteration #  6     ecut=    30.00 Ry     beta= 0.70
     Davidson diagonalization with overlap

---- Real-time Memory Report at c_bands before calling an iterative solver
           342 MiB given to the printing process from OS
             0 MiB allocation reported by mallinfo(arena+hblkhd)
         81495 MiB available memory on the node where the printing process lives
------------------
     ethr =  4.15E-07,  avg # of iterations =  2.0

     negative rho (up, down):  1.465E-01 0.000E+00

     total cpu time spent up to now is       11.3 secs

     total energy              =    -391.84067184 Ry
     estimated scf accuracy    <       0.00007018 Ry

     iteration #  7     ecut=    30.00 Ry     beta= 0.70
     Davidson diagonalization with overlap

---- Real-time Memory Report at c_bands before calling an iterative solver
           342 MiB given to the printing process from OS
             0 MiB allocation reported by mallinfo(arena+hblkhd)
         81494 MiB available memory on the node where the printing process lives
------------------
     ethr =  1.75E-07,  avg # of iterations =  4.0

     negative rho (up, down):  1.465E-01 0.000E+00

     total cpu time spent up to now is       11.5 secs

     total energy              =    -391.84069583 Ry
     estimated scf accuracy    <       0.00000199 Ry

     iteration #  8     ecut=    30.00 Ry     beta= 0.70
     Davidson diagonalization with overlap

---- Real-time Memory Report at c_bands before calling an iterative solver
           342 MiB given to the printing process from OS
             0 MiB allocation reported by mallinfo(arena+hblkhd)
         81494 MiB available memory on the node where the printing process lives
------------------
     ethr =  4.97E-09,  avg # of iterations =  6.0

     negative rho (up, down):  1.465E-01 0.000E+00

     total cpu time spent up to now is       11.9 secs

     total energy              =    -391.84069614 Ry
     estimated scf accuracy    <       0.00000429 Ry

     iteration #  9     ecut=    30.00 Ry     beta= 0.70
     Davidson diagonalization with overlap

---- Real-time Memory Report at c_bands before calling an iterative solver
           342 MiB given to the printing process from OS
             0 MiB allocation reported by mallinfo(arena+hblkhd)
         81494 MiB available memory on the node where the printing process lives
------------------
     ethr =  4.97E-09,  avg # of iterations =  3.0

     negative rho (up, down):  1.465E-01 0.000E+00

     total cpu time spent up to now is       12.1 secs

     End of self-consistent calculation

          k = 0.0000 0.0000 0.0000 (   947 PWs)   bands (ev):

   -39.7799 -32.1568 -12.2164 -12.2164 -12.2164  -1.1952  -1.1952  -1.1068
    -1.1067  -1.1066  -0.8973  -0.8973  -0.8972  -0.6644  -0.6644   1.4380
     6.5289   8.8683   8.8683   8.8683  12.2830  12.2831  12.3552  12.3553

     occupation numbers 
     1.0000   1.0000   1.0000   1.0000   1.0000   1.0000   1.0000   1.0000
     1.0000   1.0000   1.0000   1.0000   1.0000   1.0000   1.0000   1.0000
     1.0000   1.0000   1.0000   1.0000  -0.0000  -0.0000  -0.0000  -0.0000

     the Fermi energy is     9.2159 ev

!    total energy              =    -391.84069619 Ry
     estimated scf accuracy    <       0.00000050 Ry
     smearing contrib. (-TS)   =       0.00000000 Ry
     internal energy E=F+TS    =    -391.84069619 Ry

     The total energy is F=E-TS. E is the sum of the following terms:
     one-electron contribution =     -78.51659299 Ry
     hartree contribution      =      64.16833454 Ry
     xc contribution           =    -149.78331486 Ry
     ewald contribution        =    -227.70912288 Ry

     convergence has been achieved in   9 iterations

     negative rho (up, down):  1.465E-01 0.000E+00

     Forces acting on atoms (cartesian axes, Ry/au):

     atom    1 type  1   force =    -0.00000000   -0.00000000   -0.00000000
     atom    2 type  2   force =     0.00000000    0.00000000    0.00000000
     atom    3 type  3   force =     0.00000000    0.00000000    0.00004285
     atom    4 type  3   force =     0.00000000    0.00000000   -0.00004285
     The non-local contrib.  to forces
     atom    1 type  1   force =    -0.00000000   -0.00000000   -0.00000000
     atom    2 type  2   force =    -0.00000000    0.00000000    0.00000000
     atom    3 type  3   force =     0.00000000   -0.00000000    0.00008933
     atom    4 type  3   force =     0.00000000    0.00000000   -0.00008933
     The ionic contribution  to forces
     atom    1 type  1   force =     0.00000000    0.00000000    0.00000000
     atom    2 type  2   force =    -0.00000000    0.00000000   -0.00000000
     atom    3 type  3   force =    -0.00000000    0.00000000   -0.00000000
     atom    4 type  3   force =     0.00000000   -0.00000000    0.00000000
     The local contribution  to forces
     atom    1 type  1   force =     0.00000577    0.00000969    0.00000203
     atom    2 type  2   force =    -0.00002457   -0.00009572   -0.00005413
     atom    3 type  3   force =     0.00015712    0.00022712   -0.00008917
     atom    4 type  3   force =    -0.00008484   -0.00020208   -0.00000082
     The core correction contribution to forces
     atom    1 type  1   force =     0.00000000    0.00000000    0.00000000
     atom    2 type  2   force =     0.00000207   -0.00000056   -0.00000364
     atom    3 type  3   force =     0.00000186    0.00000413   -0.00001639
     atom    4 type  3   force =    -0.00000323   -0.00000429   -0.00000167
     The Hubbard contrib.    to forces
     atom    1 type  1   force =     0.00000000    0.00000000    0.00000000
     atom    2 type  2   force =     0.00000000    0.00000000    0.00000000
     atom    3 type  3   force =     0.00000000    0.00000000    0.00000000
     atom    4 type  3   force =     0.00000000    0.00000000    0.00000000
     The SCF correction term to forces
     atom    1 type  1   force =    -0.00000616   -0.00000878   -0.00000307
     atom    2 type  2   force =     0.00005175    0.00009208    0.00002218
     atom    3 type  3   force =    -0.00014115   -0.00021846    0.00002930
     atom    4 type  3   force =     0.00008369    0.00019295    0.00001921

     Total force =     0.000061     Total SCF correction =     0.000353
     SCF correction compared to forces is large: reduce conv_thr to get better values


     Computing stress (Cartesian axis) and pressure


     negative rho (up, down):  1.465E-01 0.000E+00
          total   stress  (Ry/bohr**3)                   (kbar)     P=       -6.60
  -0.00004490  -0.00000000  -0.00000000           -6.61       -0.00       -0.00
  -0.00000000  -0.00004490  -0.00000000           -0.00       -6.61       -0.00
  -0.00000000  -0.00000000  -0.00004477           -0.00       -0.00       -6.59

     kinetic stress (kbar)   7467.44      0.00      0.00
                                0.00   7467.44      0.00
                                0.00      0.00   7467.45

     local   stress (kbar)    321.86      0.00     -0.02
                                0.00    321.98     -0.01
                               -0.02     -0.01    321.95

     nonloc. stress (kbar)   9052.31      0.00     -0.00
                                0.00   9052.31     -0.00
                                0.00      0.00   9052.30

     hartree stress (kbar)   4666.01      0.01      0.01
                                0.01   4665.95      0.01
                                0.01      0.01   4665.97

     exc-cor stress (kbar)  18812.61     -0.00      0.00
                               -0.00  18812.61      0.00
                                0.00      0.00  18812.61

     corecor stress (kbar) -23769.08      0.00      0.00
                                0.00 -23769.08      0.00
                                0.00      0.00 -23769.08

     ewald   stress (kbar) -16557.78     -0.00     -0.00
                               -0.00 -16557.78     -0.00
                               -0.00     -0.00 -16557.78

     hubbard stress (kbar)      0.00      0.00      0.00
                                0.00      0.00      0.00
                                0.00      0.00      0.00

     DFT-D   stress (kbar)      0.00      0.00      0.00
                                0.00      0.00      0.00
                                0.00      0.00      0.00

     XDM     stress (kbar)      0.00      0.00      0.00
                                0.00      0.00      0.00
                                0.00      0.00      0.00

     dft-nl  stress (kbar)      0.00      0.00      0.00
                                0.00      0.00      0.00
                                0.00      0.00      0.00

     TS-vdW  stress (kbar)      0.00      0.00      0.00
                                0.00      0.00      0.00
                                0.00      0.00      0.00


                                0.00      0.00      0.00
                                0.00      0.00      0.00


                                0.00      0.00      0.00


     Writing all to output data dir new_calculations/myprefix.save/
 
     init_run     :    168.98s CPU      7.70s WALL (       1 calls)
     electrons    :    124.08s CPU      4.24s WALL (       1 calls)
     forces       :      2.57s CPU      0.09s WALL (       1 calls)
     stress       :      5.83s CPU      0.20s WALL (       1 calls)

     Called by init_run:
     wfcinit      :     80.39s CPU      3.29s WALL (       1 calls)
     wfcinit:atom :      0.03s CPU      0.00s WALL (       1 calls)
     wfcinit:wfcr :     80.30s CPU      3.28s WALL (       1 calls)
     potinit      :     43.31s CPU      1.96s WALL (       1 calls)
     hinit0       :     41.40s CPU      2.26s WALL (       1 calls)

     Called by electrons:
     c_bands      :     74.24s CPU      2.48s WALL (      10 calls)
     sum_band     :     31.27s CPU      1.14s WALL (      10 calls)
     v_of_rho     :      3.98s CPU      0.14s WALL (      10 calls)
     v_h          :      0.32s CPU      0.01s WALL (      10 calls)
     v_xc         :      4.22s CPU      0.15s WALL (      12 calls)
     newd         :     16.34s CPU      0.58s WALL (      10 calls)
     mix_rho      :      0.82s CPU      0.03s WALL (      10 calls)

     Called by c_bands:
     init_us_2    :      0.17s CPU      0.01s WALL (      21 calls)
     init_us_2:cp :      0.14s CPU      0.01s WALL (      21 calls)
     regterg      :     73.69s CPU      2.47s WALL (      10 calls)

     Called by sum_band:
     sum_band:wei :      0.01s CPU      0.00s WALL (      10 calls)
     sum_band:loo :     13.81s CPU      0.46s WALL (      10 calls)
     sum_band:buf :      0.01s CPU      0.00s WALL (      10 calls)
     sum_band:ini :      0.09s CPU      0.00s WALL (      10 calls)
     sum_band:cal :      0.47s CPU      0.02s WALL (      10 calls)
     sum_band:bec :      0.03s CPU      0.00s WALL (      10 calls)
     addusdens    :     16.83s CPU      0.66s WALL (      10 calls)
     addusd:skk   :      0.07s CPU      0.00s WALL (      30 calls)
     addusd:dgemm :      2.72s CPU      0.20s WALL (      30 calls)
     addusd:qvan2 :     13.51s CPU      0.44s WALL (      30 calls)

     Called by *egterg:
     rdiaghg      :      1.01s CPU      0.03s WALL (      42 calls)
     regterg:over :      0.09s CPU      0.00s WALL (      33 calls)
     regterg:upda :      0.14s CPU      0.00s WALL (      33 calls)
     regterg:last :      0.27s CPU      0.01s WALL (      22 calls)
     h_psi        :    151.17s CPU      5.66s WALL (      44 calls)
     s_psi        :      0.06s CPU      0.00s WALL (      44 calls)
     g_psi        :      0.03s CPU      0.00s WALL (      33 calls)

     Called by h_psi:
     h_psi:calbec :      2.29s CPU      0.09s WALL (      44 calls)
     vloc_psi     :    148.36s CPU      5.55s WALL (      44 calls)
     add_vuspsi   :      0.30s CPU      0.01s WALL (      44 calls)

     General routines
     calbec       :      2.72s CPU      0.10s WALL (      59 calls)
     fft          :     33.32s CPU      1.50s WALL (     129 calls)
     ffts         :     42.64s CPU      1.93s WALL (      20 calls)
     fftw         :    157.39s CPU      5.85s WALL (     826 calls)
     interpolate  :     42.90s CPU      1.94s WALL (      10 calls)
 
     Parallel routines
 
     PWSCF        :   5m 7.92s CPU     13.00s WALL

 
   This run was terminated on:  19:13:39  21May2023            

=------------------------------------------------------------------------------=
   JOB DONE.
=------------------------------------------------------------------------------=
