
     Program PWSCF v.7.0 starts on 21May2023 at  8:19:43 

     This program is part of the open-source Quantum ESPRESSO suite
     for quantum simulation of materials; please cite
         "P. Giannozzi et al., J. Phys.:Condens. Matter 21 395502 (2009);
         "P. Giannozzi et al., J. Phys.:Condens. Matter 29 465901 (2017);
         "P. Giannozzi et al., J. Chem. Phys. 152 154105 (2020);
          URL http://www.quantum-espresso.org", 
     in publications or presentations arising from this work. More details at
     http://www.quantum-espresso.org/quote

     Parallel version (MPI & OpenMP), running on      32 processor cores
     Number of MPI processes:                 1
     Threads/MPI process:                    32

     MPI processes distributed on     1 nodes
     31659 MiB available memory on the printing compute node when the environment starts
 
     Reading input from espresso_17977.pwi
Warning: card &CELL ignored
Warning: card / ignored

     Current dimensions of program PWSCF are:
     Max number of different atomic species (ntypx) = 10
     Max number of k-points (npk) =  40000
     Max angular momentum in pseudopotentials (lmaxx) =  4

     gamma-point specific algorithms are used
     Message from routine setup:
     using ibrav=0 with symmetry is DISCOURAGED, use correct ibrav instead

     Subspace diagonalization in iterative solution of the eigenvalue problem:
     a serial algorithm will be used

 
     G-vector sticks info
     --------------------
     sticks:   dense  smooth     PW     G-vecs:    dense   smooth      PW
     Sum        1189     595    151                27317     9577    1243
 
     Using Slab Decomposition
 


     bravais-lattice index     =            0
     lattice parameter (alat)  =       8.4997  a.u.
     unit-cell volume          =     434.2103 (a.u.)^3
     number of atoms/cell      =            4
     number of atomic types    =            3
     number of electrons       =        52.00
     number of Kohn-Sham states=           31
     kinetic-energy cutoff     =      30.0000  Ry
     charge density cutoff     =     240.0000  Ry
     scf convergence threshold =      1.0E-06
     mixing beta               =       0.7000
     number of iterations used =            8  plain     mixing
     Exchange-correlation= PBE
                           (   1   4   3   4   0   0   0)

     celldm(1)=   8.499728  celldm(2)=   0.000000  celldm(3)=   0.000000
     celldm(4)=   0.000000  celldm(5)=   0.000000  celldm(6)=   0.000000

     crystal axes: (cart. coord. in units of alat)
               a(1) = (   1.000000   0.000000   0.000000 )  
               a(2) = (   0.500000   0.866025   0.000000 )  
               a(3) = (   0.500000   0.288675   0.816497 )  

     reciprocal axes: (cart. coord. in units 2 pi/alat)
               b(1) = (  1.000000 -0.577350 -0.408248 )  
               b(2) = (  0.000000  1.154701 -0.408248 )  
               b(3) = (  0.000000  0.000000  1.224745 )  


     PseudoPot. # 1 for Li read from file:
     /home/pragov/projects/rrg-bengioy-ad/pragov/crystal_structure_design/SSSP/li_pbe_v1.4.uspp.F.UPF
     MD5 check sum: e912e257baa3777c20ea3d68f190483c
     Pseudo is Ultrasoft, Zval =  3.0
     Generated by new atomic code, or converted to UPF format
     Using radial grid of  751 points,  5 beta functions with: 
                l(1) =   0
                l(2) =   0
                l(3) =   0
                l(4) =   1
                l(5) =   1
     Q(r) pseudized with 10 coefficients,  rinner =    1.150   1.150   1.150


     PseudoPot. # 2 for Bi read from file:
     /home/pragov/projects/rrg-bengioy-ad/pragov/crystal_structure_design/SSSP/Bi_pbe_v1.uspp.F.UPF
     MD5 check sum: cceb9f28ec65b6d7ff33140f5b0b1758
     Pseudo is Ultrasoft + core correction, Zval = 15.0
     Generated by new atomic code, or converted to UPF format
     Using radial grid of  899 points,  6 beta functions with: 
                l(1) =   0
                l(2) =   0
                l(3) =   1
                l(4) =   1
                l(5) =   2
                l(6) =   2
     Q(r) pseudized with  6 coefficients,  rinner =    1.000   1.000   1.000
                                                       1.000   1.000

     PseudoPot. # 3 for Rh read from file:
     /home/pragov/projects/rrg-bengioy-ad/pragov/crystal_structure_design/SSSP/Rh_ONCV_PBE-1.0.oncvpsp.upf
     MD5 check sum: ba07c69523b14cacd10683cd4c4284c1
     Pseudo is Norm-conserving, Zval = 17.0
     Generated using ONCVPSP code by D. R. Hamann
     Using radial grid of 1442 points,  6 beta functions with: 
                l(1) =   0
                l(2) =   0
                l(3) =   1
                l(4) =   1
                l(5) =   2
                l(6) =   2

     atomic species   valence    mass     pseudopotential
        Li             3.00     6.94000     Li( 1.00)
        Bi            15.00   208.98040     Bi( 1.00)
        Rh            17.00   102.90550     Rh( 1.00)

     12 Sym. Ops., with inversion, found


                                    s                        frac. trans.

      isym =  1     identity                                     

 cryst.   s( 1) = (     1          0          0      )
                  (     0          1          0      )
                  (     0          0          1      )

 cart.    s( 1) = (  1.0000000  0.0000000  0.0000000 )
                  (  0.0000000  1.0000000 -0.0000000 )
                  (  0.0000000  0.0000000  1.0000000 )


      isym =  2     180 deg rotation - cart. axis [1,0,0]        

 cryst.   s( 2) = (     1          0          0      )
                  (     1         -1          0      )
                  (     1          0         -1      )

 cart.    s( 2) = (  1.0000000  0.0000000  0.0000000 )
                  (  0.0000000 -1.0000000  0.0000000 )
                  (  0.0000000  0.0000000 -1.0000000 )


      isym =  3     120 deg rotation - cryst. axis [0,0,1]       

 cryst.   s( 3) = (    -1          1          0      )
                  (    -1          0          0      )
                  (    -1          0          1      )

 cart.    s( 3) = ( -0.5000000 -0.8660254  0.0000000 )
                  (  0.8660254 -0.5000000  0.0000000 )
                  (  0.0000000  0.0000000  1.0000000 )


      isym =  4     120 deg rotation - cryst. axis [0,0,-1]      

 cryst.   s( 4) = (     0         -1          0      )
                  (     1         -1          0      )
                  (     0         -1          1      )

 cart.    s( 4) = ( -0.5000000  0.8660254 -0.0000000 )
                  ( -0.8660254 -0.5000000  0.0000000 )
                  (  0.0000000  0.0000000  1.0000000 )


      isym =  5     180 deg rotation - cryst. axis [0,1,0]       

 cryst.   s( 5) = (     0         -1          0      )
                  (    -1          0          0      )
                  (     0          0         -1      )

 cart.    s( 5) = ( -0.5000000 -0.8660254  0.0000000 )
                  ( -0.8660254  0.5000000 -0.0000000 )
                  (  0.0000000  0.0000000 -1.0000000 )


      isym =  6     180 deg rotation - cryst. axis [1,1,0]       

 cryst.   s( 6) = (    -1          1          0      )
                  (     0          1          0      )
                  (     0          1         -1      )

 cart.    s( 6) = ( -0.5000000  0.8660254 -0.0000000 )
                  (  0.8660254  0.5000000 -0.0000000 )
                  (  0.0000000  0.0000000 -1.0000000 )


      isym =  7     inversion                                    

 cryst.   s( 7) = (    -1          0          0      )
                  (     0         -1          0      )
                  (     0          0         -1      )

 cart.    s( 7) = ( -1.0000000  0.0000000  0.0000000 )
                  (  0.0000000 -1.0000000  0.0000000 )
                  (  0.0000000  0.0000000 -1.0000000 )


      isym =  8     inv. 180 deg rotation - cart. axis [1,0,0]   

 cryst.   s( 8) = (    -1          0          0      )
                  (    -1          1          0      )
                  (    -1          0          1      )

 cart.    s( 8) = ( -1.0000000  0.0000000  0.0000000 )
                  (  0.0000000  1.0000000 -0.0000000 )
                  (  0.0000000  0.0000000  1.0000000 )


      isym =  9     inv. 120 deg rotation - cryst. axis [0,0,1]  

 cryst.   s( 9) = (     1         -1          0      )
                  (     1          0          0      )
                  (     1          0         -1      )

 cart.    s( 9) = (  0.5000000  0.8660254 -0.0000000 )
                  ( -0.8660254  0.5000000 -0.0000000 )
                  (  0.0000000  0.0000000 -1.0000000 )


      isym = 10     inv. 120 deg rotation - cryst. axis [0,0,-1] 

 cryst.   s(10) = (     0          1          0      )
                  (    -1          1          0      )
                  (     0          1         -1      )

 cart.    s(10) = (  0.5000000 -0.8660254  0.0000000 )
                  (  0.8660254  0.5000000 -0.0000000 )
                  (  0.0000000  0.0000000 -1.0000000 )


      isym = 11     inv. 180 deg rotation - cryst. axis [0,1,0]  

 cryst.   s(11) = (     0          1          0      )
                  (     1          0          0      )
                  (     0          0          1      )

 cart.    s(11) = (  0.5000000  0.8660254 -0.0000000 )
                  (  0.8660254 -0.5000000  0.0000000 )
                  (  0.0000000  0.0000000  1.0000000 )


      isym = 12     inv. 180 deg rotation - cryst. axis [1,1,0]  

 cryst.   s(12) = (     1         -1          0      )
                  (     0         -1          0      )
                  (     0         -1          1      )

 cart.    s(12) = (  0.5000000 -0.8660254  0.0000000 )
                  ( -0.8660254 -0.5000000  0.0000000 )
                  (  0.0000000  0.0000000  1.0000000 )


   Cartesian axes

     site n.     atom                  positions (alat units)
         1           Li  tau(   1) = (   0.0000000   0.0000000   0.0000000  )
         2           Bi  tau(   2) = (   1.0000000   0.5773503   0.4082483  )
         3           Rh  tau(   3) = (   0.5000000   0.2886751   0.2041241  )
         4           Rh  tau(   4) = (   1.5000000   0.8660254   0.6123724  )

   Crystallographic axes

     site n.     atom                  positions (cryst. coord.)
         1           Li  tau(   1) = (  0.0000000  0.0000000  0.0000000  )
         2           Bi  tau(   2) = (  0.5000000  0.5000000  0.5000000  )
         3           Rh  tau(   3) = (  0.2500000  0.2500000  0.2500000  )
         4           Rh  tau(   4) = (  0.7500000  0.7500000  0.7500000  )

     number of k points=     1  Methfessel-Paxton smearing, width (Ry)=  0.0010
                       cart. coord. in units 2pi/alat
        k(    1) = (   0.0000000   0.0000000   0.0000000), wk =   2.0000000

                       cryst. coord.
        k(    1) = (   0.0000000   0.0000000   0.0000000), wk =   2.0000000

     Dense  grid:    13659 G-vectors     FFT dimensions: (  45,  45,  45)

     Smooth grid:     4789 G-vectors     FFT dimensions: (  30,  30,  30)

     Dynamical RAM for                 wfc:       0.28 MB

     Dynamical RAM for     wfc (w. buffer):       0.28 MB

     Dynamical RAM for           str. fact:       0.63 MB

     Dynamical RAM for           local pot:       0.00 MB

     Dynamical RAM for          nlocal pot:       0.58 MB

     Dynamical RAM for                qrad:       3.73 MB

     Dynamical RAM for          rho,v,vnew:       2.71 MB

     Dynamical RAM for               rhoin:       0.90 MB

     Dynamical RAM for            rho*nmix:       3.33 MB

     Dynamical RAM for           G-vectors:       0.82 MB

     Dynamical RAM for          h,s,v(r/c):       0.09 MB

     Dynamical RAM for          <psi|beta>:       0.01 MB

     Dynamical RAM for                 psi:       0.57 MB

     Dynamical RAM for                hpsi:       0.57 MB

     Dynamical RAM for                spsi:       0.57 MB

     Dynamical RAM for      wfcinit/wfcrot:       0.65 MB

     Dynamical RAM for           addusdens:      38.97 MB

     Dynamical RAM for          addusforce:      39.08 MB

     Dynamical RAM for         addusstress:      41.89 MB

     Estimated static dynamical RAM per process >      13.96 MB

     Estimated max dynamical RAM per process >      59.19 MB

     Check: negative core charge=   -0.000005

     Initial potential from superposition of free atoms

     starting charge      50.5483, renormalised to      52.0000

     negative rho (up, down):  4.445E-02 0.000E+00
     Starting wfcs are   34 randomized atomic wfcs

     total cpu time spent up to now is        3.2 secs

     Self-consistent Calculation

     iteration #  1     ecut=    30.00 Ry     beta= 0.70
     Davidson diagonalization with overlap

---- Real-time Memory Report at c_bands before calling an iterative solver
           281 MiB given to the printing process from OS
             0 MiB allocation reported by mallinfo(arena+hblkhd)
         31579 MiB available memory on the node where the printing process lives
------------------
     ethr =  1.00E-02,  avg # of iterations =  2.0

     Threshold (ethr) on eigenvalues was too large:
     Diagonalizing with lowered threshold

     Davidson diagonalization with overlap

---- Real-time Memory Report at c_bands before calling an iterative solver
           285 MiB given to the printing process from OS
             0 MiB allocation reported by mallinfo(arena+hblkhd)
         31579 MiB available memory on the node where the printing process lives
------------------
     ethr =  6.57E-04,  avg # of iterations =  2.0

     negative rho (up, down):  4.109E-02 0.000E+00

     total cpu time spent up to now is        3.6 secs

     total energy              =    -632.91568711 Ry
     estimated scf accuracy    <       0.35817537 Ry

     iteration #  2     ecut=    30.00 Ry     beta= 0.70
     Davidson diagonalization with overlap

---- Real-time Memory Report at c_bands before calling an iterative solver
           296 MiB given to the printing process from OS
             0 MiB allocation reported by mallinfo(arena+hblkhd)
         31571 MiB available memory on the node where the printing process lives
------------------
     ethr =  6.89E-04,  avg # of iterations =  2.0

     negative rho (up, down):  4.299E-02 0.000E+00

     total cpu time spent up to now is        3.8 secs

     total energy              =    -632.99301668 Ry
     estimated scf accuracy    <       0.14407851 Ry

     iteration #  3     ecut=    30.00 Ry     beta= 0.70
     Davidson diagonalization with overlap

---- Real-time Memory Report at c_bands before calling an iterative solver
           297 MiB given to the printing process from OS
             0 MiB allocation reported by mallinfo(arena+hblkhd)
         31569 MiB available memory on the node where the printing process lives
------------------
     ethr =  2.77E-04,  avg # of iterations =  2.0

     negative rho (up, down):  4.307E-02 0.000E+00

     total cpu time spent up to now is        4.0 secs

     total energy              =    -633.03322601 Ry
     estimated scf accuracy    <       0.01925193 Ry

     iteration #  4     ecut=    30.00 Ry     beta= 0.70
     Davidson diagonalization with overlap

---- Real-time Memory Report at c_bands before calling an iterative solver
           297 MiB given to the printing process from OS
             0 MiB allocation reported by mallinfo(arena+hblkhd)
         31565 MiB available memory on the node where the printing process lives
------------------
     ethr =  3.70E-05,  avg # of iterations =  9.0

     negative rho (up, down):  4.335E-02 0.000E+00

     total cpu time spent up to now is        4.3 secs

     total energy              =    -633.03715318 Ry
     estimated scf accuracy    <       0.00034521 Ry

     iteration #  5     ecut=    30.00 Ry     beta= 0.70
     Davidson diagonalization with overlap

---- Real-time Memory Report at c_bands before calling an iterative solver
           298 MiB given to the printing process from OS
             0 MiB allocation reported by mallinfo(arena+hblkhd)
         31567 MiB available memory on the node where the printing process lives
------------------
     ethr =  6.64E-07,  avg # of iterations =  4.0

     negative rho (up, down):  4.341E-02 0.000E+00

     total cpu time spent up to now is        4.6 secs

     total energy              =    -633.03698983 Ry
     estimated scf accuracy    <       0.00280562 Ry

     iteration #  6     ecut=    30.00 Ry     beta= 0.70
     Davidson diagonalization with overlap

---- Real-time Memory Report at c_bands before calling an iterative solver
           300 MiB given to the printing process from OS
             0 MiB allocation reported by mallinfo(arena+hblkhd)
         31568 MiB available memory on the node where the printing process lives
------------------
     ethr =  6.64E-07,  avg # of iterations =  4.0

     negative rho (up, down):  4.354E-02 0.000E+00

     total cpu time spent up to now is        4.8 secs

     total energy              =    -633.03732770 Ry
     estimated scf accuracy    <       0.00002119 Ry

     iteration #  7     ecut=    30.00 Ry     beta= 0.70
     Davidson diagonalization with overlap

---- Real-time Memory Report at c_bands before calling an iterative solver
           301 MiB given to the printing process from OS
             0 MiB allocation reported by mallinfo(arena+hblkhd)
         31567 MiB available memory on the node where the printing process lives
------------------
     ethr =  4.08E-08,  avg # of iterations =  3.0

     negative rho (up, down):  4.358E-02 0.000E+00

     total cpu time spent up to now is        5.1 secs

     total energy              =    -633.03733291 Ry
     estimated scf accuracy    <       0.00000535 Ry

     iteration #  8     ecut=    30.00 Ry     beta= 0.70
     Davidson diagonalization with overlap

---- Real-time Memory Report at c_bands before calling an iterative solver
           301 MiB given to the printing process from OS
             0 MiB allocation reported by mallinfo(arena+hblkhd)
         31567 MiB available memory on the node where the printing process lives
------------------
     ethr =  1.03E-08,  avg # of iterations =  2.0

     negative rho (up, down):  4.360E-02 0.000E+00

     total cpu time spent up to now is        5.3 secs

     total energy              =    -633.03733314 Ry
     estimated scf accuracy    <       0.00000135 Ry

     iteration #  9     ecut=    30.00 Ry     beta= 0.70
     Davidson diagonalization with overlap

---- Real-time Memory Report at c_bands before calling an iterative solver
           301 MiB given to the printing process from OS
             0 MiB allocation reported by mallinfo(arena+hblkhd)
         31567 MiB available memory on the node where the printing process lives
------------------
     ethr =  2.59E-09,  avg # of iterations =  2.0

     negative rho (up, down):  4.360E-02 0.000E+00

     total cpu time spent up to now is        5.4 secs

     End of self-consistent calculation

          k = 0.0000 0.0000 0.0000 (   622 PWs)   bands (ev):

   -60.3971 -60.3847 -28.6879 -28.3964 -28.3964 -28.3964 -28.3359 -28.3359
   -28.3359  -6.3831  -6.3831  -6.3831  -6.3320  -6.3320   3.8192  11.8941
    11.8941  11.8941  13.7527  13.7527  16.1664  16.1665  16.1665  17.0150
    17.1529  17.1529  20.3080  20.3080  20.3081  20.8054  20.8054

     occupation numbers 
     1.0000   1.0000   1.0000   1.0000   1.0000   1.0000   1.0000   1.0000
     1.0000   1.0000   1.0000   1.0000   1.0000   1.0000   1.0000   1.0000
     1.0000   1.0000   1.0000   1.0000   1.0000   1.0000   1.0000   1.0000
     1.0000   1.0000  -0.0000  -0.0000  -0.0000  -0.0000  -0.0000

     the Fermi energy is    18.3954 ev

!    total energy              =    -633.03733332 Ry
     estimated scf accuracy    <       0.00000002 Ry
     smearing contrib. (-TS)   =       0.00000000 Ry
     internal energy E=F+TS    =    -633.03733332 Ry

     The total energy is F=E-TS. E is the sum of the following terms:
     one-electron contribution =    -198.30360171 Ry
     hartree contribution      =     130.09921986 Ry
     xc contribution           =    -112.90079258 Ry
     ewald contribution        =    -451.93215889 Ry

     convergence has been achieved in   9 iterations

     negative rho (up, down):  4.360E-02 0.000E+00

     Forces acting on atoms (cartesian axes, Ry/au):

     atom    1 type  1   force =    -0.00000000    0.00000000    0.00000000
     atom    2 type  2   force =     0.00000000    0.00000000    0.00000000
     atom    3 type  3   force =     0.00000000   -0.00000000   -0.00006021
     atom    4 type  3   force =     0.00000000   -0.00000000    0.00006021
     The non-local contrib.  to forces
     atom    1 type  1   force =     0.00000000    0.00000000    0.00000000
     atom    2 type  2   force =    -0.00000000   -0.00000000    0.00000000
     atom    3 type  3   force =     0.00000000    0.00000000    0.00003442
     atom    4 type  3   force =     0.00000000   -0.00000000   -0.00003442
     The ionic contribution  to forces
     atom    1 type  1   force =     0.00000000   -0.00000000    0.00000000
     atom    2 type  2   force =    -0.00000000    0.00000000   -0.00000000
     atom    3 type  3   force =    -0.00000000    0.00000000    0.00000000
     atom    4 type  3   force =    -0.00000000   -0.00000000   -0.00000000
     The local contribution  to forces
     atom    1 type  1   force =     0.00000524   -0.00000266   -0.00000457
     atom    2 type  2   force =    -0.00001763    0.00007567    0.00005780
     atom    3 type  3   force =     0.00007584   -0.00026980    0.00010156
     atom    4 type  3   force =    -0.00009303    0.00010615   -0.00000931
     The core correction contribution to forces
     atom    1 type  1   force =     0.00000000    0.00000000    0.00000000
     atom    2 type  2   force =    -0.00000048    0.00000156    0.00000160
     atom    3 type  3   force =     0.00000000    0.00000000    0.00000000
     atom    4 type  3   force =     0.00000000    0.00000000    0.00000000
     The Hubbard contrib.    to forces
     atom    1 type  1   force =     0.00000000    0.00000000    0.00000000
     atom    2 type  2   force =     0.00000000    0.00000000    0.00000000
     atom    3 type  3   force =     0.00000000    0.00000000    0.00000000
     atom    4 type  3   force =     0.00000000    0.00000000    0.00000000
     The SCF correction term to forces
     atom    1 type  1   force =    -0.00000224    0.00000849    0.00000726
     atom    2 type  2   force =     0.00002651   -0.00009615   -0.00007837
     atom    3 type  3   force =    -0.00008112    0.00032818   -0.00018057
     atom    4 type  3   force =     0.00011908   -0.00017078    0.00011955

     Total force =     0.000085     Total SCF correction =     0.000470
     SCF correction compared to forces is large: reduce conv_thr to get better values


     Computing stress (Cartesian axis) and pressure


     negative rho (up, down):  4.360E-02 0.000E+00
          total   stress  (Ry/bohr**3)                   (kbar)     P=      399.76
   0.00271744  -0.00000000  -0.00000000          399.75       -0.00       -0.00
  -0.00000000   0.00271744  -0.00000000           -0.00      399.75       -0.00
  -0.00000000  -0.00000000   0.00271758           -0.00       -0.00      399.77

     kinetic stress (kbar)  36217.12     -0.00      0.00
                                0.00  36217.12     -0.00
                                0.00     -0.00  36217.13

     local   stress (kbar)  -4015.01     -0.02     -0.00
                               -0.02  -4015.07      0.03
                               -0.00      0.03  -4015.02

     nonloc. stress (kbar)  13033.54      0.00     -0.00
                                0.00  13033.54     -0.00
                                0.00     -0.00  13033.54

     hartree stress (kbar)  14691.99      0.01      0.01
                                0.01  14692.03     -0.02
                                0.01     -0.02  14691.99

     exc-cor stress (kbar)   7705.07      0.00     -0.00
                                0.00   7705.07     -0.00
                               -0.00     -0.00   7705.07

     corecor stress (kbar) -16196.60     -0.00     -0.00
                               -0.00 -16196.60      0.00
                               -0.00      0.00 -16196.60

     ewald   stress (kbar) -51036.34      0.00      0.00
                                0.00 -51036.34     -0.00
                                0.00     -0.00 -51036.34

     hubbard stress (kbar)      0.00      0.00      0.00
                                0.00      0.00      0.00
                                0.00      0.00      0.00

     DFT-D   stress (kbar)      0.00      0.00      0.00
                                0.00      0.00      0.00
                                0.00      0.00      0.00

     XDM     stress (kbar)      0.00      0.00      0.00
                                0.00      0.00      0.00
                                0.00      0.00      0.00

     dft-nl  stress (kbar)      0.00      0.00      0.00
                                0.00      0.00      0.00
                                0.00      0.00      0.00

     TS-vdW  stress (kbar)      0.00      0.00      0.00
                                0.00      0.00      0.00
                                0.00      0.00      0.00


                                0.00      0.00      0.00
                                0.00      0.00      0.00


                                0.00      0.00      0.00


     Writing all to output data dir new_calculations/myprefix.save/
 
     init_run     :     80.59s CPU      3.00s WALL (       1 calls)
     electrons    :     70.72s CPU      2.28s WALL (       1 calls)
     forces       :      1.05s CPU      0.03s WALL (       1 calls)
     stress       :      2.39s CPU      0.08s WALL (       1 calls)

     Called by init_run:
     wfcinit      :     14.69s CPU      0.48s WALL (       1 calls)
     wfcinit:atom :      0.02s CPU      0.00s WALL (       1 calls)
     wfcinit:wfcr :     14.60s CPU      0.47s WALL (       1 calls)
     potinit      :     19.97s CPU      0.67s WALL (       1 calls)
     hinit0       :     44.51s CPU      1.80s WALL (       1 calls)

     Called by electrons:
     c_bands      :     41.74s CPU      1.33s WALL (      10 calls)
     sum_band     :     16.14s CPU      0.53s WALL (      10 calls)
     v_of_rho     :      2.99s CPU      0.10s WALL (      10 calls)
     v_h          :      0.25s CPU      0.01s WALL (      10 calls)
     v_xc         :      3.15s CPU      0.10s WALL (      12 calls)
     newd         :     10.26s CPU      0.35s WALL (      10 calls)
     mix_rho      :      0.55s CPU      0.02s WALL (      10 calls)

     Called by c_bands:
     init_us_2    :      0.18s CPU      0.01s WALL (      21 calls)
     init_us_2:cp :      0.15s CPU      0.01s WALL (      21 calls)
     regterg      :     41.24s CPU      1.31s WALL (      10 calls)

     Called by sum_band:
     sum_band:wei :      0.01s CPU      0.00s WALL (      10 calls)
     sum_band:loo :      7.00s CPU      0.22s WALL (      10 calls)
     sum_band:buf :      0.01s CPU      0.00s WALL (      10 calls)
     sum_band:ini :      0.09s CPU      0.00s WALL (      10 calls)
     sum_band:cal :      0.03s CPU      0.00s WALL (      10 calls)
     sum_band:bec :      0.01s CPU      0.00s WALL (      10 calls)
     addusdens    :      8.73s CPU      0.29s WALL (      10 calls)
     addusd:skk   :      0.02s CPU      0.00s WALL (      20 calls)
     addusd:dgemm :      3.08s CPU      0.11s WALL (      20 calls)
     addusd:qvan2 :      4.35s CPU      0.14s WALL (      20 calls)

     Called by *egterg:
     rdiaghg      :      1.35s CPU      0.04s WALL (      41 calls)
     regterg:over :      0.08s CPU      0.00s WALL (      32 calls)
     regterg:upda :      0.11s CPU      0.00s WALL (      32 calls)
     regterg:last :      0.19s CPU      0.01s WALL (      21 calls)
     h_psi        :     53.45s CPU      1.71s WALL (      43 calls)
     s_psi        :      0.05s CPU      0.00s WALL (      43 calls)
     g_psi        :      0.03s CPU      0.00s WALL (      32 calls)

     Called by h_psi:
     h_psi:calbec :      0.20s CPU      0.01s WALL (      43 calls)
     vloc_psi     :     52.96s CPU      1.69s WALL (      43 calls)
     add_vuspsi   :      0.09s CPU      0.00s WALL (      43 calls)

     General routines
     calbec       :      0.17s CPU      0.01s WALL (      58 calls)
     fft          :     36.03s CPU      1.25s WALL (     129 calls)
     ffts         :     19.45s CPU      0.65s WALL (      20 calls)
     fftw         :     56.26s CPU      1.79s WALL (    1000 calls)
     interpolate  :     19.64s CPU      0.65s WALL (      10 calls)
 
     Parallel routines
 
     PWSCF        :   2m41.55s CPU      6.18s WALL

 
   This run was terminated on:   8:19:50  21May2023            

=------------------------------------------------------------------------------=
   JOB DONE.
=------------------------------------------------------------------------------=
