
     Program PWSCF v.7.0 starts on 20May2023 at 23: 2:22 

     This program is part of the open-source Quantum ESPRESSO suite
     for quantum simulation of materials; please cite
         "P. Giannozzi et al., J. Phys.:Condens. Matter 21 395502 (2009);
         "P. Giannozzi et al., J. Phys.:Condens. Matter 29 465901 (2017);
         "P. Giannozzi et al., J. Chem. Phys. 152 154105 (2020);
          URL http://www.quantum-espresso.org", 
     in publications or presentations arising from this work. More details at
     http://www.quantum-espresso.org/quote

     Parallel version (MPI & OpenMP), running on      32 processor cores
     Number of MPI processes:                 1
     Threads/MPI process:                    32

     MPI processes distributed on     1 nodes
     136279 MiB available memory on the printing compute node when the environment starts
 
     Reading input from espresso_5745.pwi
Warning: card &CELL ignored
Warning: card / ignored

     Current dimensions of program PWSCF are:
     Max number of different atomic species (ntypx) = 10
     Max number of k-points (npk) =  40000
     Max angular momentum in pseudopotentials (lmaxx) =  4
     file Mg.pbe-n-kjpaw_psl.0.3.0.UPF: wavefunction(s)  3S renormalized
     file In.pbe-dn-rrkjus_psl.0.2.2.UPF: wavefunction(s)  5S renormalized

     gamma-point specific algorithms are used
     Message from routine setup:
     using ibrav=0 with symmetry is DISCOURAGED, use correct ibrav instead

     Subspace diagonalization in iterative solution of the eigenvalue problem:
     a serial algorithm will be used

 
     G-vector sticks info
     --------------------
     sticks:   dense  smooth     PW     G-vecs:    dense   smooth      PW
     Sum        1189     595    151                27317     9577    1243
 
     Using Slab Decomposition
 


     bravais-lattice index     =            0
     lattice parameter (alat)  =       8.5068  a.u.
     unit-cell volume          =     435.2970 (a.u.)^3
     number of atoms/cell      =            4
     number of atomic types    =            3
     number of electrons       =        49.00
     number of Kohn-Sham states=           30
     kinetic-energy cutoff     =      30.0000  Ry
     charge density cutoff     =     240.0000  Ry
     scf convergence threshold =      1.0E-06
     mixing beta               =       0.7000
     number of iterations used =            8  plain     mixing
     Exchange-correlation= PBE
                           (   1   4   3   4   0   0   0)

     celldm(1)=   8.506813  celldm(2)=   0.000000  celldm(3)=   0.000000
     celldm(4)=   0.000000  celldm(5)=   0.000000  celldm(6)=   0.000000

     crystal axes: (cart. coord. in units of alat)
               a(1) = (   1.000000   0.000000   0.000000 )  
               a(2) = (   0.500000   0.866025   0.000000 )  
               a(3) = (   0.500000   0.288675   0.816497 )  

     reciprocal axes: (cart. coord. in units 2 pi/alat)
               b(1) = (  1.000000 -0.577350 -0.408248 )  
               b(2) = (  0.000000  1.154701 -0.408248 )  
               b(3) = (  0.000000  0.000000  1.224745 )  


     PseudoPot. # 1 for Mg read from file:
     /home/pragov/projects/rrg-bengioy-ad/pragov/crystal_structure_design/SSSP/Mg.pbe-n-kjpaw_psl.0.3.0.UPF
     MD5 check sum: 24ecedc7f3e3cbe212e682f4413594e4
     Pseudo is Projector augmented-wave + core cor, Zval =  2.0
     Generated using "atomic" code by A. Dal Corso  v.5.0.99 svn rev. 10869
     Shape of augmentation charge: PSQ
     Using radial grid of 1129 points,  4 beta functions with: 
                l(1) =   0
                l(2) =   0
                l(3) =   1
                l(4) =   1
     Q(r) pseudized with 0 coefficients 


     PseudoPot. # 2 for In read from file:
     /home/pragov/projects/rrg-bengioy-ad/pragov/crystal_structure_design/SSSP/In.pbe-dn-rrkjus_psl.0.2.2.UPF
     MD5 check sum: 25e7c42c3b55b68f4bf926be2e7201a4
     Pseudo is Ultrasoft + core correction, Zval = 13.0
     Generated using "atomic" code by A. Dal Corso  v.5.0.99 svn rev. 10869
     Using radial grid of 1241 points,  6 beta functions with: 
                l(1) =   0
                l(2) =   0
                l(3) =   1
                l(4) =   1
                l(5) =   2
                l(6) =   2
     Q(r) pseudized with 0 coefficients 


     PseudoPot. # 3 for Rh read from file:
     /home/pragov/projects/rrg-bengioy-ad/pragov/crystal_structure_design/SSSP/Rh_ONCV_PBE-1.0.oncvpsp.upf
     MD5 check sum: ba07c69523b14cacd10683cd4c4284c1
     Pseudo is Norm-conserving, Zval = 17.0
     Generated using ONCVPSP code by D. R. Hamann
     Using radial grid of 1442 points,  6 beta functions with: 
                l(1) =   0
                l(2) =   0
                l(3) =   1
                l(4) =   1
                l(5) =   2
                l(6) =   2

     atomic species   valence    mass     pseudopotential
        Mg             2.00    24.30500     Mg( 1.00)
        In            13.00   114.81800     In( 1.00)
        Rh            17.00   102.90550     Rh( 1.00)

     12 Sym. Ops., with inversion, found


                                    s                        frac. trans.

      isym =  1     identity                                     

 cryst.   s( 1) = (     1          0          0      )
                  (     0          1          0      )
                  (     0          0          1      )

 cart.    s( 1) = (  1.0000000  0.0000000  0.0000000 )
                  (  0.0000000  1.0000000 -0.0000000 )
                  (  0.0000000  0.0000000  1.0000000 )


      isym =  2     180 deg rotation - cart. axis [1,0,0]        

 cryst.   s( 2) = (     1          0          0      )
                  (     1         -1          0      )
                  (     1          0         -1      )

 cart.    s( 2) = (  1.0000000  0.0000000  0.0000000 )
                  (  0.0000000 -1.0000000  0.0000000 )
                  (  0.0000000  0.0000000 -1.0000000 )


      isym =  3     120 deg rotation - cryst. axis [0,0,1]       

 cryst.   s( 3) = (    -1          1          0      )
                  (    -1          0          0      )
                  (    -1          0          1      )

 cart.    s( 3) = ( -0.5000000 -0.8660254 -0.0000000 )
                  (  0.8660254 -0.5000000 -0.0000000 )
                  (  0.0000000  0.0000000  1.0000000 )


      isym =  4     120 deg rotation - cryst. axis [0,0,-1]      

 cryst.   s( 4) = (     0         -1          0      )
                  (     1         -1          0      )
                  (     0         -1          1      )

 cart.    s( 4) = ( -0.5000000  0.8660254  0.0000000 )
                  ( -0.8660254 -0.5000000 -0.0000000 )
                  (  0.0000000  0.0000000  1.0000000 )


      isym =  5     180 deg rotation - cryst. axis [0,1,0]       

 cryst.   s( 5) = (     0         -1          0      )
                  (    -1          0          0      )
                  (     0          0         -1      )

 cart.    s( 5) = ( -0.5000000 -0.8660254 -0.0000000 )
                  ( -0.8660254  0.5000000  0.0000000 )
                  (  0.0000000  0.0000000 -1.0000000 )


      isym =  6     180 deg rotation - cryst. axis [1,1,0]       

 cryst.   s( 6) = (    -1          1          0      )
                  (     0          1          0      )
                  (     0          1         -1      )

 cart.    s( 6) = ( -0.5000000  0.8660254  0.0000000 )
                  (  0.8660254  0.5000000  0.0000000 )
                  (  0.0000000  0.0000000 -1.0000000 )


      isym =  7     inversion                                    

 cryst.   s( 7) = (    -1          0          0      )
                  (     0         -1          0      )
                  (     0          0         -1      )

 cart.    s( 7) = ( -1.0000000  0.0000000  0.0000000 )
                  (  0.0000000 -1.0000000  0.0000000 )
                  (  0.0000000  0.0000000 -1.0000000 )


      isym =  8     inv. 180 deg rotation - cart. axis [1,0,0]   

 cryst.   s( 8) = (    -1          0          0      )
                  (    -1          1          0      )
                  (    -1          0          1      )

 cart.    s( 8) = ( -1.0000000  0.0000000 -0.0000000 )
                  (  0.0000000  1.0000000 -0.0000000 )
                  (  0.0000000  0.0000000  1.0000000 )


      isym =  9     inv. 120 deg rotation - cryst. axis [0,0,1]  

 cryst.   s( 9) = (     1         -1          0      )
                  (     1          0          0      )
                  (     1          0         -1      )

 cart.    s( 9) = (  0.5000000  0.8660254  0.0000000 )
                  ( -0.8660254  0.5000000  0.0000000 )
                  (  0.0000000  0.0000000 -1.0000000 )


      isym = 10     inv. 120 deg rotation - cryst. axis [0,0,-1] 

 cryst.   s(10) = (     0          1          0      )
                  (    -1          1          0      )
                  (     0          1         -1      )

 cart.    s(10) = (  0.5000000 -0.8660254 -0.0000000 )
                  (  0.8660254  0.5000000  0.0000000 )
                  (  0.0000000  0.0000000 -1.0000000 )


      isym = 11     inv. 180 deg rotation - cryst. axis [0,1,0]  

 cryst.   s(11) = (     0          1          0      )
                  (     1          0          0      )
                  (     0          0          1      )

 cart.    s(11) = (  0.5000000  0.8660254  0.0000000 )
                  (  0.8660254 -0.5000000 -0.0000000 )
                  (  0.0000000  0.0000000  1.0000000 )


      isym = 12     inv. 180 deg rotation - cryst. axis [1,1,0]  

 cryst.   s(12) = (     1         -1          0      )
                  (     0         -1          0      )
                  (     0         -1          1      )

 cart.    s(12) = (  0.5000000 -0.8660254 -0.0000000 )
                  ( -0.8660254 -0.5000000 -0.0000000 )
                  (  0.0000000  0.0000000  1.0000000 )


   Cartesian axes

     site n.     atom                  positions (alat units)
         1           Mg  tau(   1) = (   0.0000000   0.0000000   0.0000000  )
         2           In  tau(   2) = (   1.0000000   0.5773503   0.4082483  )
         3           Rh  tau(   3) = (   0.5000000   0.2886751   0.2041241  )
         4           Rh  tau(   4) = (   1.5000000   0.8660254   0.6123724  )

   Crystallographic axes

     site n.     atom                  positions (cryst. coord.)
         1           Mg  tau(   1) = (  0.0000000  0.0000000  0.0000000  )
         2           In  tau(   2) = (  0.5000000  0.5000000  0.5000000  )
         3           Rh  tau(   3) = (  0.2500000  0.2500000  0.2500000  )
         4           Rh  tau(   4) = (  0.7500000  0.7500000  0.7500000  )

     number of k points=     1  Methfessel-Paxton smearing, width (Ry)=  0.0010
                       cart. coord. in units 2pi/alat
        k(    1) = (   0.0000000   0.0000000   0.0000000), wk =   2.0000000

                       cryst. coord.
        k(    1) = (   0.0000000   0.0000000   0.0000000), wk =   2.0000000

     Dense  grid:    13659 G-vectors     FFT dimensions: (  45,  45,  45)

     Smooth grid:     4789 G-vectors     FFT dimensions: (  30,  30,  30)

     Dynamical RAM for                 wfc:       0.28 MB

     Dynamical RAM for     wfc (w. buffer):       0.28 MB

     Dynamical RAM for           str. fact:       0.63 MB

     Dynamical RAM for           local pot:       0.00 MB

     Dynamical RAM for          nlocal pot:       0.57 MB

     Dynamical RAM for                qrad:       3.73 MB

     Dynamical RAM for          rho,v,vnew:       2.71 MB

     Dynamical RAM for               rhoin:       0.90 MB

     Dynamical RAM for            rho*nmix:       3.33 MB

     Dynamical RAM for           G-vectors:       0.82 MB

     Dynamical RAM for          h,s,v(r/c):       0.08 MB

     Dynamical RAM for          <psi|beta>:       0.01 MB

     Dynamical RAM for                 psi:       0.55 MB

     Dynamical RAM for                hpsi:       0.55 MB

     Dynamical RAM for                spsi:       0.55 MB

     Dynamical RAM for      wfcinit/wfcrot:       0.63 MB

     Dynamical RAM for           addusdens:      38.97 MB

     Dynamical RAM for          addusforce:      39.08 MB

     Dynamical RAM for         addusstress:      41.89 MB

     Estimated static dynamical RAM per process >      13.95 MB

     Estimated max dynamical RAM per process >      59.18 MB

     Initial potential from superposition of free atoms

     starting charge      48.9945, renormalised to      49.0000
     Starting wfcs are   33 randomized atomic wfcs
     Checking if some PAW data can be deallocated... 

     total cpu time spent up to now is       14.5 secs

     Self-consistent Calculation

     iteration #  1     ecut=    30.00 Ry     beta= 0.70
     Davidson diagonalization with overlap

---- Real-time Memory Report at c_bands before calling an iterative solver
           314 MiB given to the printing process from OS
             0 MiB allocation reported by mallinfo(arena+hblkhd)
        136172 MiB available memory on the node where the printing process lives
------------------
     ethr =  1.00E-02,  avg # of iterations =  2.0

     total cpu time spent up to now is       16.4 secs

     total energy              =    -611.20684264 Ry
     estimated scf accuracy    <       1.27263815 Ry

     iteration #  2     ecut=    30.00 Ry     beta= 0.70
     Davidson diagonalization with overlap

---- Real-time Memory Report at c_bands before calling an iterative solver
           343 MiB given to the printing process from OS
             0 MiB allocation reported by mallinfo(arena+hblkhd)
        136150 MiB available memory on the node where the printing process lives
------------------
     ethr =  2.60E-03,  avg # of iterations =  4.0

     total cpu time spent up to now is       18.2 secs

     total energy              =    -611.29643918 Ry
     estimated scf accuracy    <       2.63487836 Ry

     iteration #  3     ecut=    30.00 Ry     beta= 0.70
     Davidson diagonalization with overlap

---- Real-time Memory Report at c_bands before calling an iterative solver
           353 MiB given to the printing process from OS
             0 MiB allocation reported by mallinfo(arena+hblkhd)
        136139 MiB available memory on the node where the printing process lives
------------------
     ethr =  2.60E-03,  avg # of iterations =  3.0

     total cpu time spent up to now is       19.9 secs

     total energy              =    -611.84895310 Ry
     estimated scf accuracy    <       0.01923770 Ry

     iteration #  4     ecut=    30.00 Ry     beta= 0.70
     Davidson diagonalization with overlap

---- Real-time Memory Report at c_bands before calling an iterative solver
           353 MiB given to the printing process from OS
             0 MiB allocation reported by mallinfo(arena+hblkhd)
        136139 MiB available memory on the node where the printing process lives
------------------
     ethr =  3.93E-05,  avg # of iterations =  8.0

     total cpu time spent up to now is       21.4 secs

     total energy              =    -611.84945739 Ry
     estimated scf accuracy    <       0.01191993 Ry

     iteration #  5     ecut=    30.00 Ry     beta= 0.70
     Davidson diagonalization with overlap

---- Real-time Memory Report at c_bands before calling an iterative solver
           353 MiB given to the printing process from OS
             0 MiB allocation reported by mallinfo(arena+hblkhd)
        136139 MiB available memory on the node where the printing process lives
------------------
     ethr =  2.43E-05,  avg # of iterations =  2.0

     total cpu time spent up to now is       23.1 secs

     total energy              =    -611.85035671 Ry
     estimated scf accuracy    <       0.00376763 Ry

     iteration #  6     ecut=    30.00 Ry     beta= 0.70
     Davidson diagonalization with overlap

---- Real-time Memory Report at c_bands before calling an iterative solver
           353 MiB given to the printing process from OS
             0 MiB allocation reported by mallinfo(arena+hblkhd)
        136140 MiB available memory on the node where the printing process lives
------------------
     ethr =  7.69E-06,  avg # of iterations =  2.0

     total cpu time spent up to now is       25.2 secs

     total energy              =    -611.85093296 Ry
     estimated scf accuracy    <       0.00022531 Ry

     iteration #  7     ecut=    30.00 Ry     beta= 0.70
     Davidson diagonalization with overlap

---- Real-time Memory Report at c_bands before calling an iterative solver
           354 MiB given to the printing process from OS
             0 MiB allocation reported by mallinfo(arena+hblkhd)
        136140 MiB available memory on the node where the printing process lives
------------------
     ethr =  4.60E-07,  avg # of iterations =  5.0

     total cpu time spent up to now is       27.1 secs

     total energy              =    -611.85110187 Ry
     estimated scf accuracy    <       0.00004368 Ry

     iteration #  8     ecut=    30.00 Ry     beta= 0.70
     Davidson diagonalization with overlap

---- Real-time Memory Report at c_bands before calling an iterative solver
           355 MiB given to the printing process from OS
             0 MiB allocation reported by mallinfo(arena+hblkhd)
        136139 MiB available memory on the node where the printing process lives
------------------
     ethr =  8.91E-08,  avg # of iterations =  2.0

     total cpu time spent up to now is       28.7 secs

     total energy              =    -611.85109836 Ry
     estimated scf accuracy    <       0.00002626 Ry

     iteration #  9     ecut=    30.00 Ry     beta= 0.70
     Davidson diagonalization with overlap

---- Real-time Memory Report at c_bands before calling an iterative solver
           355 MiB given to the printing process from OS
             0 MiB allocation reported by mallinfo(arena+hblkhd)
        136137 MiB available memory on the node where the printing process lives
------------------
     ethr =  5.36E-08,  avg # of iterations =  2.0

     total cpu time spent up to now is       30.3 secs

     total energy              =    -611.85109710 Ry
     estimated scf accuracy    <       0.00000618 Ry

     iteration # 10     ecut=    30.00 Ry     beta= 0.70
     Davidson diagonalization with overlap

---- Real-time Memory Report at c_bands before calling an iterative solver
           355 MiB given to the printing process from OS
             0 MiB allocation reported by mallinfo(arena+hblkhd)
        136139 MiB available memory on the node where the printing process lives
------------------
     ethr =  1.26E-08,  avg # of iterations =  3.0

     total cpu time spent up to now is       31.3 secs

     End of self-consistent calculation

          k = 0.0000 0.0000 0.0000 (   622 PWs)   bands (ev):

   -60.7450 -60.7324 -28.7573 -28.7573 -28.7572 -28.6965 -28.6965 -28.6964
     0.8862   0.8862   0.8863   0.9200   0.9200   6.3632  11.9520  11.9520
    11.9520  13.1859  13.1859  15.6822  15.6823  15.6823  16.6825  16.6825
    18.4787  19.8084  19.8085  19.8085  21.2600  21.2600

     occupation numbers 
     1.0000   1.0000   1.0000   1.0000   1.0000   1.0000   1.0000   1.0000
     1.0000   1.0000   1.0000   1.0000   1.0000   1.0000   1.0000   1.0000
     1.0000   1.0000   1.0000   1.0000   1.0000   1.0000   1.0000   1.0000
     0.5000  -0.0000  -0.0000  -0.0000  -0.0000  -0.0000

     the Fermi energy is    18.4787 ev

!    total energy              =    -611.85109880 Ry
     estimated scf accuracy    <       0.00000018 Ry
     smearing contrib. (-TS)   =      -0.00028209 Ry
     internal energy E=F+TS    =    -611.85081670 Ry

     The total energy is F=E-TS. E is the sum of the following terms:
     one-electron contribution =    -216.35411374 Ry
     hartree contribution      =     141.29094895 Ry
     xc contribution           =     -94.18569175 Ry
     ewald contribution        =    -411.26789205 Ry
     one-center paw contrib.   =     -31.33406811 Ry
      -> PAW hartree energy AE =       1.24777371 Ry
      -> PAW hartree energy PS =      -1.24467553 Ry
      -> PAW xc energy AE      =     -32.86495828 Ry
      -> PAW xc energy PS      =       1.52779198 Ry
      -> total E_H with PAW    =     141.29404713 Ry
      -> total E_XC with PAW   =    -125.52285805 Ry

     convergence has been achieved in  10 iterations

     Forces acting on atoms (cartesian axes, Ry/au):

     atom    1 type  1   force =     0.00000000    0.00000000    0.00000000
     atom    2 type  2   force =    -0.00000000   -0.00000000    0.00000000
     atom    3 type  3   force =    -0.00000000   -0.00000000   -0.00000467
     atom    4 type  3   force =     0.00000000   -0.00000000    0.00000467
     The non-local contrib.  to forces
     atom    1 type  1   force =     0.00000000    0.00000000    0.00000000
     atom    2 type  2   force =     0.00000000    0.00000000    0.00000000
     atom    3 type  3   force =     0.00000000    0.00000000    0.00001777
     atom    4 type  3   force =     0.00000000    0.00000000   -0.00001777
     The ionic contribution  to forces
     atom    1 type  1   force =    -0.00000000    0.00000000    0.00000000
     atom    2 type  2   force =     0.00000000   -0.00000000   -0.00000000
     atom    3 type  3   force =     0.00000000    0.00000000   -0.00000000
     atom    4 type  3   force =     0.00000000   -0.00000000    0.00000000
     The local contribution  to forces
     atom    1 type  1   force =    -0.00000062   -0.00001095   -0.00001536
     atom    2 type  2   force =    -0.00000796   -0.00013736   -0.00003592
     atom    3 type  3   force =    -0.00019840    0.00028203    0.00036454
     atom    4 type  3   force =     0.00030784    0.00016216    0.00013058
     The core correction contribution to forces
     atom    1 type  1   force =     0.00000000   -0.00000075   -0.00000094
     atom    2 type  2   force =     0.00000064   -0.00000737   -0.00000238
     atom    3 type  3   force =     0.00000000    0.00000000    0.00000000
     atom    4 type  3   force =     0.00000000    0.00000000    0.00000000
     The Hubbard contrib.    to forces
     atom    1 type  1   force =     0.00000000    0.00000000    0.00000000
     atom    2 type  2   force =     0.00000000    0.00000000    0.00000000
     atom    3 type  3   force =     0.00000000    0.00000000    0.00000000
     atom    4 type  3   force =     0.00000000    0.00000000    0.00000000
     The SCF correction term to forces
     atom    1 type  1   force =    -0.00000043    0.00000390    0.00000349
     atom    2 type  2   force =     0.00001226    0.00016113    0.00009530
     atom    3 type  3   force =     0.00024996   -0.00033022   -0.00040742
     atom    4 type  3   force =    -0.00030965   -0.00019732   -0.00012857

     Total force =     0.000007     Total SCF correction =     0.000724
     SCF correction compared to forces is large: reduce conv_thr to get better values


     Computing stress (Cartesian axis) and pressure

          total   stress  (Ry/bohr**3)                   (kbar)     P=      244.22
   0.00166023   0.00000000   0.00000000          244.23        0.00        0.00
   0.00000000   0.00166023   0.00000000            0.00      244.23        0.00
   0.00000000   0.00000000   0.00166001            0.00        0.00      244.20

     kinetic stress (kbar)  38873.49      0.00      0.00
                                0.00  38873.49      0.00
                                0.00      0.00  38873.49

     local   stress (kbar)  -6802.76      0.05      0.02
                                0.05  -6802.82      0.02
                                0.02      0.02  -6802.79

     nonloc. stress (kbar)   6061.66      0.00      0.00
                                0.00   6061.66      0.00
                                0.00      0.00   6061.66

     hartree stress (kbar)  15916.04     -0.04     -0.02
                               -0.04  15916.06     -0.01
                               -0.02     -0.01  15916.03

     exc-cor stress (kbar)   2670.66     -0.00      0.00
                               -0.00   2670.66     -0.00
                                0.00     -0.00   2670.66

     corecor stress (kbar) -10146.63     -0.00      0.00
                               -0.00 -10146.63      0.00
                                0.00      0.00 -10146.63

     ewald   stress (kbar) -46328.22      0.00     -0.00
                                0.00 -46328.22     -0.00
                               -0.00     -0.00 -46328.22

     hubbard stress (kbar)      0.00      0.00      0.00
                                0.00      0.00      0.00
                                0.00      0.00      0.00

     DFT-D   stress (kbar)      0.00      0.00      0.00
                                0.00      0.00      0.00
                                0.00      0.00      0.00

     XDM     stress (kbar)      0.00      0.00      0.00
                                0.00      0.00      0.00
                                0.00      0.00      0.00

     dft-nl  stress (kbar)      0.00      0.00      0.00
                                0.00      0.00      0.00
                                0.00      0.00      0.00

     TS-vdW  stress (kbar)      0.00      0.00      0.00
                                0.00      0.00      0.00
                                0.00      0.00      0.00


                                0.00      0.00      0.00
                                0.00      0.00      0.00


                                0.00      0.00      0.00


     Writing all to output data dir new_calculations/myprefix.save/
 
     init_run     :    202.82s CPU     14.25s WALL (       1 calls)
     electrons    :    376.38s CPU     16.84s WALL (       1 calls)
     forces       :      4.87s CPU      0.18s WALL (       1 calls)
     stress       :      5.17s CPU      0.19s WALL (       1 calls)

     Called by init_run:
     wfcinit      :     77.69s CPU      4.47s WALL (       1 calls)
     wfcinit:atom :      0.01s CPU      0.00s WALL (       1 calls)
     wfcinit:wfcr :     77.61s CPU      4.46s WALL (       1 calls)
     potinit      :     45.79s CPU      3.48s WALL (       1 calls)
     hinit0       :     75.70s CPU      6.05s WALL (       1 calls)

     Called by electrons:
     c_bands      :    283.61s CPU     12.75s WALL (      10 calls)
     sum_band     :     72.22s CPU      3.19s WALL (      10 calls)
     v_of_rho     :      3.34s CPU      0.16s WALL (      11 calls)
     v_h          :      0.29s CPU      0.01s WALL (      11 calls)
     v_xc         :      3.55s CPU      0.16s WALL (      13 calls)
     newd         :     13.28s CPU      0.62s WALL (      11 calls)
     PAW_pot      :      3.80s CPU      0.17s WALL (      11 calls)
     mix_rho      :      0.71s CPU      0.03s WALL (      10 calls)

     Called by c_bands:
     init_us_2    :      0.15s CPU      0.01s WALL (      21 calls)
     init_us_2:cp :      0.13s CPU      0.01s WALL (      21 calls)
     regterg      :    283.17s CPU     12.73s WALL (      10 calls)

     Called by sum_band:
     sum_band:wei :      0.02s CPU      0.00s WALL (      10 calls)
     sum_band:loo :     54.04s CPU      2.38s WALL (      10 calls)
     sum_band:buf :      0.00s CPU      0.00s WALL (      10 calls)
     sum_band:ini :      0.07s CPU      0.00s WALL (      10 calls)
     sum_band:cal :      4.82s CPU      0.22s WALL (      10 calls)
     sum_band:bec :      0.10s CPU      0.01s WALL (      10 calls)
     addusdens    :     17.49s CPU      0.78s WALL (      10 calls)
     addusd:skk   :      0.07s CPU      0.00s WALL (      20 calls)
     addusd:dgemm :      1.07s CPU      0.05s WALL (      20 calls)
     addusd:qvan2 :     16.02s CPU      0.70s WALL (      20 calls)

     Called by *egterg:
     rdiaghg      :      1.46s CPU      0.07s WALL (      43 calls)
     regterg:over :     14.20s CPU      0.65s WALL (      33 calls)
     regterg:upda :      0.41s CPU      0.02s WALL (      33 calls)
     regterg:last :      0.25s CPU      0.01s WALL (      21 calls)
     h_psi        :    333.52s CPU     15.93s WALL (      44 calls)
     s_psi        :      0.13s CPU      0.01s WALL (      44 calls)
     g_psi        :      0.09s CPU      0.00s WALL (      33 calls)

     Called by h_psi:
     h_psi:calbec :     16.76s CPU      0.77s WALL (      44 calls)
     vloc_psi     :    315.95s CPU     15.12s WALL (      44 calls)
     add_vuspsi   :      0.54s CPU      0.03s WALL (      44 calls)

     General routines
     calbec       :     25.40s CPU      1.13s WALL (      59 calls)
     fft          :     69.82s CPU      5.23s WALL (     139 calls)
     ffts         :     45.25s CPU      3.43s WALL (      21 calls)
     fftw         :    361.78s CPU     17.13s WALL (     948 calls)
     interpolate  :     45.42s CPU      3.44s WALL (      11 calls)
 
     Parallel routines

     PAW routines
     PAW_pot      :      3.80s CPU      0.17s WALL (      11 calls)
     PAW_symme    :      0.02s CPU      0.00s WALL (      21 calls)
 
     PWSCF        :   9m53.26s CPU     31.82s WALL

 
   This run was terminated on:  23: 2:54  20May2023            

=------------------------------------------------------------------------------=
   JOB DONE.
=------------------------------------------------------------------------------=
