
     Program PWSCF v.7.0 starts on 21May2023 at  3:35:29 

     This program is part of the open-source Quantum ESPRESSO suite
     for quantum simulation of materials; please cite
         "P. Giannozzi et al., J. Phys.:Condens. Matter 21 395502 (2009);
         "P. Giannozzi et al., J. Phys.:Condens. Matter 29 465901 (2017);
         "P. Giannozzi et al., J. Chem. Phys. 152 154105 (2020);
          URL http://www.quantum-espresso.org", 
     in publications or presentations arising from this work. More details at
     http://www.quantum-espresso.org/quote

     Parallel version (MPI & OpenMP), running on      32 processor cores
     Number of MPI processes:                 1
     Threads/MPI process:                    32

     MPI processes distributed on     1 nodes
     124772 MiB available memory on the printing compute node when the environment starts
 
     Reading input from espresso_18833.pwi
Warning: card &CELL ignored
Warning: card / ignored

     Current dimensions of program PWSCF are:
     Max number of different atomic species (ntypx) = 10
     Max number of k-points (npk) =  40000
     Max angular momentum in pseudopotentials (lmaxx) =  4

     gamma-point specific algorithms are used
     Message from routine setup:
     using ibrav=0 with symmetry is DISCOURAGED, use correct ibrav instead

     Subspace diagonalization in iterative solution of the eigenvalue problem:
     a serial algorithm will be used

 
     G-vector sticks info
     --------------------
     sticks:   dense  smooth     PW     G-vecs:    dense   smooth      PW
     Sum        1285     649    163                30923    10969    1363
 
     Using Slab Decomposition
 


     bravais-lattice index     =            0
     lattice parameter (alat)  =       8.8802  a.u.
     unit-cell volume          =     495.1662 (a.u.)^3
     number of atoms/cell      =            4
     number of atomic types    =            3
     number of electrons       =        70.00
     number of Kohn-Sham states=           42
     kinetic-energy cutoff     =      30.0000  Ry
     charge density cutoff     =     240.0000  Ry
     scf convergence threshold =      1.0E-06
     mixing beta               =       0.7000
     number of iterations used =            8  plain     mixing
     Exchange-correlation= PBE
                           (   1   4   3   4   0   0   0)

     celldm(1)=   8.880184  celldm(2)=   0.000000  celldm(3)=   0.000000
     celldm(4)=   0.000000  celldm(5)=   0.000000  celldm(6)=   0.000000

     crystal axes: (cart. coord. in units of alat)
               a(1) = (   1.000000   0.000000   0.000000 )  
               a(2) = (   0.500000   0.866025   0.000000 )  
               a(3) = (   0.500000   0.288675   0.816497 )  

     reciprocal axes: (cart. coord. in units 2 pi/alat)
               b(1) = (  1.000000 -0.577350 -0.408248 )  
               b(2) = (  0.000000  1.154701 -0.408248 )  
               b(3) = (  0.000000  0.000000  1.224745 )  


     PseudoPot. # 1 for Zr read from file:
     /home/pragov/projects/rrg-bengioy-ad/pragov/crystal_structure_design/SSSP/Zr_pbe_v1.uspp.F.UPF
     MD5 check sum: 5db81b1e868ab7776c4564c113de050b
     Pseudo is Ultrasoft + core correction, Zval = 12.0
     Generated by new atomic code, or converted to UPF format
     Using radial grid of  887 points,  6 beta functions with: 
                l(1) =   0
                l(2) =   0
                l(3) =   1
                l(4) =   1
                l(5) =   2
                l(6) =   2
     Q(r) pseudized with  6 coefficients,  rinner =    1.200   1.200   1.200
                                                       1.200   1.200

     PseudoPot. # 2 for Zn read from file:
     /home/pragov/projects/rrg-bengioy-ad/pragov/crystal_structure_design/SSSP/Zn_pbe_v1.uspp.F.UPF
     MD5 check sum: df62231357ef9e81f77b2b3087fa5675
     Pseudo is Ultrasoft, Zval = 20.0
     Generated by new atomic code, or converted to UPF format
     Using radial grid of  943 points,  6 beta functions with: 
                l(1) =   0
                l(2) =   0
                l(3) =   1
                l(4) =   1
                l(5) =   2
                l(6) =   2
     Q(r) pseudized with  8 coefficients,  rinner =    1.100   1.100   1.100
                                                       1.100   1.100

     PseudoPot. # 3 for Au read from file:
     /home/pragov/projects/rrg-bengioy-ad/pragov/crystal_structure_design/SSSP/Au_ONCV_PBE-1.0.oncvpsp.upf
     MD5 check sum: d14007822ba0e19f0206237467fc06c2
     Pseudo is Norm-conserving, Zval = 19.0
     Generated using ONCVPSP code by D. R. Hamann
     Using radial grid of 1278 points,  8 beta functions with: 
                l(1) =   0
                l(2) =   0
                l(3) =   1
                l(4) =   1
                l(5) =   2
                l(6) =   2
                l(7) =   3
                l(8) =   3

     atomic species   valence    mass     pseudopotential
        Zr            12.00    91.22400     Zr( 1.00)
        Zn            20.00    65.38000     Zn( 1.00)
        Au            19.00   196.96657     Au( 1.00)

     12 Sym. Ops., with inversion, found


                                    s                        frac. trans.

      isym =  1     identity                                     

 cryst.   s( 1) = (     1          0          0      )
                  (     0          1          0      )
                  (     0          0          1      )

 cart.    s( 1) = (  1.0000000  0.0000000  0.0000000 )
                  (  0.0000000  1.0000000 -0.0000000 )
                  (  0.0000000  0.0000000  1.0000000 )


      isym =  2     180 deg rotation - cart. axis [1,0,0]        

 cryst.   s( 2) = (     1          0          0      )
                  (     1         -1          0      )
                  (     1          0         -1      )

 cart.    s( 2) = (  1.0000000  0.0000000  0.0000000 )
                  (  0.0000000 -1.0000000  0.0000000 )
                  (  0.0000000  0.0000000 -1.0000000 )


      isym =  3     120 deg rotation - cryst. axis [0,0,1]       

 cryst.   s( 3) = (    -1          1          0      )
                  (    -1          0          0      )
                  (    -1          0          1      )

 cart.    s( 3) = ( -0.5000000 -0.8660254  0.0000000 )
                  (  0.8660254 -0.5000000  0.0000000 )
                  (  0.0000000  0.0000000  1.0000000 )


      isym =  4     120 deg rotation - cryst. axis [0,0,-1]      

 cryst.   s( 4) = (     0         -1          0      )
                  (     1         -1          0      )
                  (     0         -1          1      )

 cart.    s( 4) = ( -0.5000000  0.8660254 -0.0000000 )
                  ( -0.8660254 -0.5000000  0.0000000 )
                  (  0.0000000  0.0000000  1.0000000 )


      isym =  5     180 deg rotation - cryst. axis [0,1,0]       

 cryst.   s( 5) = (     0         -1          0      )
                  (    -1          0          0      )
                  (     0          0         -1      )

 cart.    s( 5) = ( -0.5000000 -0.8660254  0.0000000 )
                  ( -0.8660254  0.5000000 -0.0000000 )
                  (  0.0000000  0.0000000 -1.0000000 )


      isym =  6     180 deg rotation - cryst. axis [1,1,0]       

 cryst.   s( 6) = (    -1          1          0      )
                  (     0          1          0      )
                  (     0          1         -1      )

 cart.    s( 6) = ( -0.5000000  0.8660254 -0.0000000 )
                  (  0.8660254  0.5000000 -0.0000000 )
                  (  0.0000000  0.0000000 -1.0000000 )


      isym =  7     inversion                                    

 cryst.   s( 7) = (    -1          0          0      )
                  (     0         -1          0      )
                  (     0          0         -1      )

 cart.    s( 7) = ( -1.0000000  0.0000000 -0.0000000 )
                  (  0.0000000 -1.0000000  0.0000000 )
                  (  0.0000000  0.0000000 -1.0000000 )


      isym =  8     inv. 180 deg rotation - cart. axis [1,0,0]   

 cryst.   s( 8) = (    -1          0          0      )
                  (    -1          1          0      )
                  (    -1          0          1      )

 cart.    s( 8) = ( -1.0000000  0.0000000  0.0000000 )
                  (  0.0000000  1.0000000 -0.0000000 )
                  (  0.0000000  0.0000000  1.0000000 )


      isym =  9     inv. 120 deg rotation - cryst. axis [0,0,1]  

 cryst.   s( 9) = (     1         -1          0      )
                  (     1          0          0      )
                  (     1          0         -1      )

 cart.    s( 9) = (  0.5000000  0.8660254 -0.0000000 )
                  ( -0.8660254  0.5000000 -0.0000000 )
                  (  0.0000000  0.0000000 -1.0000000 )


      isym = 10     inv. 120 deg rotation - cryst. axis [0,0,-1] 

 cryst.   s(10) = (     0          1          0      )
                  (    -1          1          0      )
                  (     0          1         -1      )

 cart.    s(10) = (  0.5000000 -0.8660254  0.0000000 )
                  (  0.8660254  0.5000000 -0.0000000 )
                  (  0.0000000  0.0000000 -1.0000000 )


      isym = 11     inv. 180 deg rotation - cryst. axis [0,1,0]  

 cryst.   s(11) = (     0          1          0      )
                  (     1          0          0      )
                  (     0          0          1      )

 cart.    s(11) = (  0.5000000  0.8660254 -0.0000000 )
                  (  0.8660254 -0.5000000  0.0000000 )
                  (  0.0000000  0.0000000  1.0000000 )


      isym = 12     inv. 180 deg rotation - cryst. axis [1,1,0]  

 cryst.   s(12) = (     1         -1          0      )
                  (     0         -1          0      )
                  (     0         -1          1      )

 cart.    s(12) = (  0.5000000 -0.8660254  0.0000000 )
                  ( -0.8660254 -0.5000000  0.0000000 )
                  (  0.0000000  0.0000000  1.0000000 )


   Cartesian axes

     site n.     atom                  positions (alat units)
         1           Zr  tau(   1) = (   0.0000000   0.0000000   0.0000000  )
         2           Zn  tau(   2) = (   1.0000000   0.5773503   0.4082483  )
         3           Au  tau(   3) = (   0.5000000   0.2886751   0.2041241  )
         4           Au  tau(   4) = (   1.5000000   0.8660254   0.6123724  )

   Crystallographic axes

     site n.     atom                  positions (cryst. coord.)
         1           Zr  tau(   1) = (  0.0000000  0.0000000  0.0000000  )
         2           Zn  tau(   2) = (  0.5000000  0.5000000  0.5000000  )
         3           Au  tau(   3) = (  0.2500000  0.2500000  0.2500000  )
         4           Au  tau(   4) = (  0.7500000  0.7500000  0.7500000  )

     number of k points=     1  Methfessel-Paxton smearing, width (Ry)=  0.0010
                       cart. coord. in units 2pi/alat
        k(    1) = (   0.0000000   0.0000000   0.0000000), wk =   2.0000000

                       cryst. coord.
        k(    1) = (   0.0000000   0.0000000   0.0000000), wk =   2.0000000

     Dense  grid:    15462 G-vectors     FFT dimensions: (  45,  45,  45)

     Smooth grid:     5485 G-vectors     FFT dimensions: (  32,  32,  32)

     Dynamical RAM for                 wfc:       0.44 MB

     Dynamical RAM for     wfc (w. buffer):       0.44 MB

     Dynamical RAM for           str. fact:       0.71 MB

     Dynamical RAM for           local pot:       0.00 MB

     Dynamical RAM for          nlocal pot:       1.05 MB

     Dynamical RAM for                qrad:       8.96 MB

     Dynamical RAM for          rho,v,vnew:       2.79 MB

     Dynamical RAM for               rhoin:       0.93 MB

     Dynamical RAM for            rho*nmix:       3.77 MB

     Dynamical RAM for           G-vectors:       0.93 MB

     Dynamical RAM for          h,s,v(r/c):       0.16 MB

     Dynamical RAM for          <psi|beta>:       0.03 MB

     Dynamical RAM for                 psi:       0.88 MB

     Dynamical RAM for                hpsi:       0.88 MB

     Dynamical RAM for                spsi:       0.88 MB

     Dynamical RAM for      wfcinit/wfcrot:       1.01 MB

     Dynamical RAM for           addusdens:      46.95 MB

     Dynamical RAM for          addusforce:      47.07 MB

     Dynamical RAM for         addusstress:      53.08 MB

     Estimated static dynamical RAM per process >      20.22 MB

     Estimated max dynamical RAM per process >      77.08 MB

     Check: negative core charge=   -0.000003

     Initial potential from superposition of free atoms

     starting charge      69.9975, renormalised to      70.0000

     negative rho (up, down):  6.192E-02 0.000E+00
     Starting wfcs are   46 randomized atomic wfcs

     total cpu time spent up to now is        2.5 secs

     Self-consistent Calculation

     iteration #  1     ecut=    30.00 Ry     beta= 0.70
     Davidson diagonalization with overlap

---- Real-time Memory Report at c_bands before calling an iterative solver
           257 MiB given to the printing process from OS
             0 MiB allocation reported by mallinfo(arena+hblkhd)
        124724 MiB available memory on the node where the printing process lives
------------------
     ethr =  1.00E-02,  avg # of iterations =  2.0

     Threshold (ethr) on eigenvalues was too large:
     Diagonalizing with lowered threshold

     Davidson diagonalization with overlap

---- Real-time Memory Report at c_bands before calling an iterative solver
           270 MiB given to the printing process from OS
             0 MiB allocation reported by mallinfo(arena+hblkhd)
        124726 MiB available memory on the node where the printing process lives
------------------
     ethr =  8.70E-04,  avg # of iterations =  1.0

     negative rho (up, down):  5.886E-02 0.000E+00

     total cpu time spent up to now is        2.9 secs

     total energy              =   -1109.13274920 Ry
     estimated scf accuracy    <       0.57293372 Ry

     iteration #  2     ecut=    30.00 Ry     beta= 0.70
     Davidson diagonalization with overlap

---- Real-time Memory Report at c_bands before calling an iterative solver
           282 MiB given to the printing process from OS
             0 MiB allocation reported by mallinfo(arena+hblkhd)
        124665 MiB available memory on the node where the printing process lives
------------------
     ethr =  8.18E-04,  avg # of iterations =  3.0

     negative rho (up, down):  5.861E-02 0.000E+00

     total cpu time spent up to now is        3.0 secs

     total energy              =   -1109.27905196 Ry
     estimated scf accuracy    <       0.65481224 Ry

     iteration #  3     ecut=    30.00 Ry     beta= 0.70
     Davidson diagonalization with overlap

---- Real-time Memory Report at c_bands before calling an iterative solver
           284 MiB given to the printing process from OS
             0 MiB allocation reported by mallinfo(arena+hblkhd)
        124665 MiB available memory on the node where the printing process lives
------------------
     ethr =  8.18E-04,  avg # of iterations =  2.0

     negative rho (up, down):  5.916E-02 0.000E+00

     total cpu time spent up to now is        3.2 secs

     total energy              =   -1109.40004286 Ry
     estimated scf accuracy    <       0.00625240 Ry

     iteration #  4     ecut=    30.00 Ry     beta= 0.70
     Davidson diagonalization with overlap

---- Real-time Memory Report at c_bands before calling an iterative solver
           284 MiB given to the printing process from OS
             0 MiB allocation reported by mallinfo(arena+hblkhd)
        124664 MiB available memory on the node where the printing process lives
------------------
     ethr =  8.93E-06,  avg # of iterations =  4.0

     negative rho (up, down):  5.910E-02 0.000E+00

     total cpu time spent up to now is        3.3 secs

     total energy              =   -1109.40244772 Ry
     estimated scf accuracy    <       0.00395204 Ry

     iteration #  5     ecut=    30.00 Ry     beta= 0.70
     Davidson diagonalization with overlap

---- Real-time Memory Report at c_bands before calling an iterative solver
           284 MiB given to the printing process from OS
             0 MiB allocation reported by mallinfo(arena+hblkhd)
        124663 MiB available memory on the node where the printing process lives
------------------
     ethr =  5.65E-06,  avg # of iterations =  2.0

     negative rho (up, down):  5.897E-02 0.000E+00

     total cpu time spent up to now is        3.5 secs

     total energy              =   -1109.40292187 Ry
     estimated scf accuracy    <       0.00047928 Ry

     iteration #  6     ecut=    30.00 Ry     beta= 0.70
     Davidson diagonalization with overlap

---- Real-time Memory Report at c_bands before calling an iterative solver
           284 MiB given to the printing process from OS
             0 MiB allocation reported by mallinfo(arena+hblkhd)
        124661 MiB available memory on the node where the printing process lives
------------------
     ethr =  6.85E-07,  avg # of iterations =  3.0

     negative rho (up, down):  5.891E-02 0.000E+00

     total cpu time spent up to now is        3.7 secs

     total energy              =   -1109.40304990 Ry
     estimated scf accuracy    <       0.00007026 Ry

     iteration #  7     ecut=    30.00 Ry     beta= 0.70
     Davidson diagonalization with overlap

---- Real-time Memory Report at c_bands before calling an iterative solver
           285 MiB given to the printing process from OS
             0 MiB allocation reported by mallinfo(arena+hblkhd)
        124661 MiB available memory on the node where the printing process lives
------------------
     ethr =  1.00E-07,  avg # of iterations =  2.0

     negative rho (up, down):  5.892E-02 0.000E+00

     total cpu time spent up to now is        3.8 secs

     total energy              =   -1109.40305757 Ry
     estimated scf accuracy    <       0.00002752 Ry

     iteration #  8     ecut=    30.00 Ry     beta= 0.70
     Davidson diagonalization with overlap

---- Real-time Memory Report at c_bands before calling an iterative solver
           285 MiB given to the printing process from OS
             0 MiB allocation reported by mallinfo(arena+hblkhd)
        124661 MiB available memory on the node where the printing process lives
------------------
     ethr =  3.93E-08,  avg # of iterations =  3.0

     negative rho (up, down):  5.892E-02 0.000E+00

     total cpu time spent up to now is        4.0 secs

     End of self-consistent calculation

          k = 0.0000 0.0000 0.0000 (   682 PWs)   bands (ev):

  -110.4217 -90.0921 -90.0884 -64.5592 -64.5592 -64.5592 -41.0883 -41.0883
   -41.0883 -41.0716 -41.0716 -41.0716 -29.9430  -8.1339  -8.1339  -8.1338
     7.8269   8.5279   8.5279   8.5689   8.5689   8.5689  11.3720  11.3720
    11.4116  11.4116  11.4116  12.7743  12.7743  12.7744  13.6797  13.6797
    17.0370  17.0370  17.0370  18.7415  19.6328  20.4070  20.4070  20.8477
    20.8477  20.8477

     occupation numbers 
     1.0000   1.0000   1.0000   1.0000   1.0000   1.0000   1.0000   1.0000
     1.0000   1.0000   1.0000   1.0000   1.0000   1.0000   1.0000   1.0000
     1.0000   1.0000   1.0000   1.0000   1.0000   1.0000   1.0000   1.0000
     1.0000   1.0000   1.0000   1.0000   1.0000   1.0000   1.0000   1.0000
     1.0000   1.0000   1.0000  -0.0000  -0.0000  -0.0000  -0.0000  -0.0000
    -0.0000  -0.0000

     the Fermi energy is    17.9007 ev

!    total energy              =   -1109.40306103 Ry
     estimated scf accuracy    <       0.00000072 Ry
     smearing contrib. (-TS)   =       0.00000000 Ry
     internal energy E=F+TS    =   -1109.40306103 Ry

     The total energy is F=E-TS. E is the sum of the following terms:
     one-electron contribution =    -609.01109085 Ry
     hartree contribution      =     332.20322555 Ry
     xc contribution           =    -110.80366268 Ry
     ewald contribution        =    -721.79153305 Ry

     convergence has been achieved in   8 iterations

     negative rho (up, down):  5.892E-02 0.000E+00

     Forces acting on atoms (cartesian axes, Ry/au):

     atom    1 type  1   force =    -0.00000000   -0.00000000    0.00000000
     atom    2 type  2   force =    -0.00000000    0.00000000    0.00000000
     atom    3 type  3   force =     0.00000000    0.00000000   -0.00001220
     atom    4 type  3   force =     0.00000000    0.00000000    0.00001220
     The non-local contrib.  to forces
     atom    1 type  1   force =    -0.00000000    0.00000000    0.00000000
     atom    2 type  2   force =     0.00000000    0.00000000    0.00000000
     atom    3 type  3   force =     0.00000000    0.00000000    0.00000352
     atom    4 type  3   force =     0.00000000    0.00000000   -0.00000352
     The ionic contribution  to forces
     atom    1 type  1   force =    -0.00000000    0.00000000    0.00000000
     atom    2 type  2   force =    -0.00000000   -0.00000000   -0.00000000
     atom    3 type  3   force =    -0.00000000   -0.00000000    0.00000000
     atom    4 type  3   force =    -0.00000000    0.00000000   -0.00000000
     The local contribution  to forces
     atom    1 type  1   force =     0.00001240    0.00001202   -0.00001905
     atom    2 type  2   force =    -0.00001826    0.00000554    0.00000671
     atom    3 type  3   force =     0.00001690    0.00000768   -0.00000314
     atom    4 type  3   force =    -0.00000889   -0.00001011   -0.00000439
     The core correction contribution to forces
     atom    1 type  1   force =    -0.00000005    0.00000002   -0.00000067
     atom    2 type  2   force =     0.00000000    0.00000000    0.00000000
     atom    3 type  3   force =     0.00000000    0.00000000    0.00000000
     atom    4 type  3   force =     0.00000000    0.00000000    0.00000000
     The Hubbard contrib.    to forces
     atom    1 type  1   force =     0.00000000    0.00000000    0.00000000
     atom    2 type  2   force =     0.00000000    0.00000000    0.00000000
     atom    3 type  3   force =     0.00000000    0.00000000    0.00000000
     atom    4 type  3   force =     0.00000000    0.00000000    0.00000000
     The SCF correction term to forces
     atom    1 type  1   force =    -0.00001344   -0.00001219    0.00001275
     atom    2 type  2   force =     0.00003606   -0.00001532   -0.00003715
     atom    3 type  3   force =    -0.00002207   -0.00002135   -0.00001990
     atom    4 type  3   force =     0.00000786    0.00002327    0.00001278

     Total force =     0.000017     Total SCF correction =     0.000074
     SCF correction compared to forces is large: reduce conv_thr to get better values


     Computing stress (Cartesian axis) and pressure


     negative rho (up, down):  5.892E-02 0.000E+00
          total   stress  (Ry/bohr**3)                   (kbar)     P=     -662.06
  -0.00450059   0.00000000  -0.00000000         -662.06        0.00       -0.00
   0.00000000  -0.00450059   0.00000000            0.00     -662.06        0.00
  -0.00000000   0.00000000  -0.00450057           -0.00        0.00     -662.06

     kinetic stress (kbar)  46644.49     -0.00      0.00
                                0.00  46644.49     -0.00
                                0.00     -0.00  46644.48

     local   stress (kbar)  -5242.09     -0.00      0.01
                               -0.00  -5242.11     -0.01
                                0.01     -0.01  -5242.09

     nonloc. stress (kbar)   6771.89     -0.00      0.00
                               -0.00   6771.89     -0.00
                                0.00     -0.00   6771.89

     hartree stress (kbar)  32897.22      0.00     -0.00
                                0.00  32897.23      0.00
                               -0.00      0.00  32897.23

     exc-cor stress (kbar)  -8386.30     -0.00     -0.00
                               -0.00  -8386.30      0.00
                               -0.00      0.00  -8386.30

     corecor stress (kbar)  -1870.12     -0.00      0.00
                               -0.00  -1870.12     -0.00
                                0.00     -0.00  -1870.12

     ewald   stress (kbar) -71477.15     -0.00      0.00
                               -0.00 -71477.15      0.00
                                0.00      0.00 -71477.15

     hubbard stress (kbar)      0.00      0.00      0.00
                                0.00      0.00      0.00
                                0.00      0.00      0.00

     DFT-D   stress (kbar)      0.00      0.00      0.00
                                0.00      0.00      0.00
                                0.00      0.00      0.00

     XDM     stress (kbar)      0.00      0.00      0.00
                                0.00      0.00      0.00
                                0.00      0.00      0.00

     dft-nl  stress (kbar)      0.00      0.00      0.00
                                0.00      0.00      0.00
                                0.00      0.00      0.00

     TS-vdW  stress (kbar)      0.00      0.00      0.00
                                0.00      0.00      0.00
                                0.00      0.00      0.00


                                0.00      0.00      0.00
                                0.00      0.00      0.00


                                0.00      0.00      0.00


     Writing all to output data dir new_calculations/myprefix.save/

 %%%%%%%%%%%%%%%%%%%%%%%%%%%%%%%%%%%%%%%%%%%%%%%%%%%%%%%%%%%%%%%%%%%%%%%%%%%%%%
     Error in routine write_rhog (1):
     error opening file new_calculations/myprefix.save/charge-density
 %%%%%%%%%%%%%%%%%%%%%%%%%%%%%%%%%%%%%%%%%%%%%%%%%%%%%%%%%%%%%%%%%%%%%%%%%%%%%%

     stopping ...
