
     Program PWSCF v.7.0 starts on 20May2023 at 12:44:37 

     This program is part of the open-source Quantum ESPRESSO suite
     for quantum simulation of materials; please cite
         "P. Giannozzi et al., J. Phys.:Condens. Matter 21 395502 (2009);
         "P. Giannozzi et al., J. Phys.:Condens. Matter 29 465901 (2017);
         "P. Giannozzi et al., J. Chem. Phys. 152 154105 (2020);
          URL http://www.quantum-espresso.org", 
     in publications or presentations arising from this work. More details at
     http://www.quantum-espresso.org/quote

     Parallel version (MPI & OpenMP), running on      32 processor cores
     Number of MPI processes:                 1
     Threads/MPI process:                    32

     MPI processes distributed on     1 nodes
     41174 MiB available memory on the printing compute node when the environment starts
 
     Reading input from espresso_16334.pwi
Warning: card &CELL ignored
Warning: card / ignored

     Current dimensions of program PWSCF are:
     Max number of different atomic species (ntypx) = 10
     Max number of k-points (npk) =  40000
     Max angular momentum in pseudopotentials (lmaxx) =  4

     gamma-point specific algorithms are used
     Message from routine setup:
     using ibrav=0 with symmetry is DISCOURAGED, use correct ibrav instead

     Subspace diagonalization in iterative solution of the eigenvalue problem:
     a serial algorithm will be used

 
     G-vector sticks info
     --------------------
     sticks:   dense  smooth     PW     G-vecs:    dense   smooth      PW
     Sum        2173    1075    271                66953    23589    2975
 
     Using Slab Decomposition
 


     bravais-lattice index     =            0
     lattice parameter (alat)  =      11.4766  a.u.
     unit-cell volume          =    1068.8657 (a.u.)^3
     number of atoms/cell      =            4
     number of atomic types    =            3
     number of electrons       =        56.00
     number of Kohn-Sham states=           34
     kinetic-energy cutoff     =      30.0000  Ry
     charge density cutoff     =     240.0000  Ry
     scf convergence threshold =      1.0E-06
     mixing beta               =       0.7000
     number of iterations used =            8  plain     mixing
     Exchange-correlation= PBE
                           (   1   4   3   4   0   0   0)

     celldm(1)=  11.476586  celldm(2)=   0.000000  celldm(3)=   0.000000
     celldm(4)=   0.000000  celldm(5)=   0.000000  celldm(6)=   0.000000

     crystal axes: (cart. coord. in units of alat)
               a(1) = (   1.000000   0.000000   0.000000 )  
               a(2) = (   0.500000   0.866025   0.000000 )  
               a(3) = (   0.500000   0.288675   0.816497 )  

     reciprocal axes: (cart. coord. in units 2 pi/alat)
               b(1) = (  1.000000 -0.577350 -0.408248 )  
               b(2) = (  0.000000  1.154701 -0.408248 )  
               b(3) = (  0.000000  0.000000  1.224745 )  


     PseudoPot. # 1 for Cs read from file:
     /home/pragov/projects/rrg-bengioy-ad/pragov/crystal_structure_design/SSSP/Cs_pbe_v1.uspp.F.UPF
     MD5 check sum: 3476d69cb178dfad3ffaa59df4e07ca4
     Pseudo is Ultrasoft + core correction, Zval =  9.0
     Generated by new atomic code, or converted to UPF format
     Using radial grid of  905 points,  6 beta functions with: 
                l(1) =   0
                l(2) =   0
                l(3) =   1
                l(4) =   1
                l(5) =   2
                l(6) =   2
     Q(r) pseudized with  6 coefficients,  rinner =    1.500   1.500   1.500
                                                       1.500   1.500

     PseudoPot. # 2 for Rb read from file:
     /home/pragov/projects/rrg-bengioy-ad/pragov/crystal_structure_design/SSSP/Rb_ONCV_PBE-1.0.oncvpsp.upf
     MD5 check sum: 55a5172d6bfbce6759a58e35d43f6aa9
     Pseudo is Norm-conserving, Zval =  9.0
     Generated using ONCVPSP code by D. R. Hamann
     Using radial grid of 2308 points,  6 beta functions with: 
                l(1) =   0
                l(2) =   0
                l(3) =   1
                l(4) =   1
                l(5) =   2
                l(6) =   2

     PseudoPot. # 3 for Au read from file:
     /home/pragov/projects/rrg-bengioy-ad/pragov/crystal_structure_design/SSSP/Au_ONCV_PBE-1.0.oncvpsp.upf
     MD5 check sum: d14007822ba0e19f0206237467fc06c2
     Pseudo is Norm-conserving, Zval = 19.0
     Generated using ONCVPSP code by D. R. Hamann
     Using radial grid of 1278 points,  8 beta functions with: 
                l(1) =   0
                l(2) =   0
                l(3) =   1
                l(4) =   1
                l(5) =   2
                l(6) =   2
                l(7) =   3
                l(8) =   3

     atomic species   valence    mass     pseudopotential
        Cs             9.00   132.90545     Cs( 1.00)
        Rb             9.00    85.46780     Rb( 1.00)
        Au            19.00   196.96657     Au( 1.00)

     12 Sym. Ops., with inversion, found


                                    s                        frac. trans.

      isym =  1     identity                                     

 cryst.   s( 1) = (     1          0          0      )
                  (     0          1          0      )
                  (     0          0          1      )

 cart.    s( 1) = (  1.0000000  0.0000000  0.0000000 )
                  (  0.0000000  1.0000000  0.0000000 )
                  (  0.0000000  0.0000000  1.0000000 )


      isym =  2     180 deg rotation - cart. axis [1,0,0]        

 cryst.   s( 2) = (     1          0          0      )
                  (     1         -1          0      )
                  (     1          0         -1      )

 cart.    s( 2) = (  1.0000000  0.0000000  0.0000000 )
                  (  0.0000000 -1.0000000 -0.0000000 )
                  (  0.0000000  0.0000000 -1.0000000 )


      isym =  3     120 deg rotation - cryst. axis [0,0,1]       

 cryst.   s( 3) = (    -1          1          0      )
                  (    -1          0          0      )
                  (    -1          0          1      )

 cart.    s( 3) = ( -0.5000000 -0.8660254 -0.0000000 )
                  (  0.8660254 -0.5000000 -0.0000000 )
                  (  0.0000000  0.0000000  1.0000000 )


      isym =  4     120 deg rotation - cryst. axis [0,0,-1]      

 cryst.   s( 4) = (     0         -1          0      )
                  (     1         -1          0      )
                  (     0         -1          1      )

 cart.    s( 4) = ( -0.5000000  0.8660254  0.0000000 )
                  ( -0.8660254 -0.5000000 -0.0000000 )
                  (  0.0000000  0.0000000  1.0000000 )


      isym =  5     180 deg rotation - cryst. axis [0,1,0]       

 cryst.   s( 5) = (     0         -1          0      )
                  (    -1          0          0      )
                  (     0          0         -1      )

 cart.    s( 5) = ( -0.5000000 -0.8660254 -0.0000000 )
                  ( -0.8660254  0.5000000  0.0000000 )
                  (  0.0000000  0.0000000 -1.0000000 )


      isym =  6     180 deg rotation - cryst. axis [1,1,0]       

 cryst.   s( 6) = (    -1          1          0      )
                  (     0          1          0      )
                  (     0          1         -1      )

 cart.    s( 6) = ( -0.5000000  0.8660254  0.0000000 )
                  (  0.8660254  0.5000000  0.0000000 )
                  (  0.0000000  0.0000000 -1.0000000 )


      isym =  7     inversion                                    

 cryst.   s( 7) = (    -1          0          0      )
                  (     0         -1          0      )
                  (     0          0         -1      )

 cart.    s( 7) = ( -1.0000000  0.0000000  0.0000000 )
                  (  0.0000000 -1.0000000 -0.0000000 )
                  (  0.0000000  0.0000000 -1.0000000 )


      isym =  8     inv. 180 deg rotation - cart. axis [1,0,0]   

 cryst.   s( 8) = (    -1          0          0      )
                  (    -1          1          0      )
                  (    -1          0          1      )

 cart.    s( 8) = ( -1.0000000  0.0000000  0.0000000 )
                  (  0.0000000  1.0000000  0.0000000 )
                  (  0.0000000  0.0000000  1.0000000 )


      isym =  9     inv. 120 deg rotation - cryst. axis [0,0,1]  

 cryst.   s( 9) = (     1         -1          0      )
                  (     1          0          0      )
                  (     1          0         -1      )

 cart.    s( 9) = (  0.5000000  0.8660254  0.0000000 )
                  ( -0.8660254  0.5000000  0.0000000 )
                  (  0.0000000  0.0000000 -1.0000000 )


      isym = 10     inv. 120 deg rotation - cryst. axis [0,0,-1] 

 cryst.   s(10) = (     0          1          0      )
                  (    -1          1          0      )
                  (     0          1         -1      )

 cart.    s(10) = (  0.5000000 -0.8660254 -0.0000000 )
                  (  0.8660254  0.5000000  0.0000000 )
                  (  0.0000000  0.0000000 -1.0000000 )


      isym = 11     inv. 180 deg rotation - cryst. axis [0,1,0]  

 cryst.   s(11) = (     0          1          0      )
                  (     1          0          0      )
                  (     0          0          1      )

 cart.    s(11) = (  0.5000000  0.8660254  0.0000000 )
                  (  0.8660254 -0.5000000 -0.0000000 )
                  (  0.0000000  0.0000000  1.0000000 )


      isym = 12     inv. 180 deg rotation - cryst. axis [1,1,0]  

 cryst.   s(12) = (     1         -1          0      )
                  (     0         -1          0      )
                  (     0         -1          1      )

 cart.    s(12) = (  0.5000000 -0.8660254 -0.0000000 )
                  ( -0.8660254 -0.5000000 -0.0000000 )
                  (  0.0000000  0.0000000  1.0000000 )


   Cartesian axes

     site n.     atom                  positions (alat units)
         1           Cs  tau(   1) = (   1.0000000   0.5773503   0.4082483  )
         2           Rb  tau(   2) = (   0.0000000   0.0000000   0.0000000  )
         3           Au  tau(   3) = (   1.5000000   0.8660254   0.6123724  )
         4           Au  tau(   4) = (   0.5000000   0.2886751   0.2041241  )

   Crystallographic axes

     site n.     atom                  positions (cryst. coord.)
         1           Cs  tau(   1) = (  0.5000000  0.5000000  0.5000000  )
         2           Rb  tau(   2) = (  0.0000000  0.0000000  0.0000000  )
         3           Au  tau(   3) = (  0.7500000  0.7500000  0.7500000  )
         4           Au  tau(   4) = (  0.2500000  0.2500000  0.2500000  )

     number of k points=     1  Methfessel-Paxton smearing, width (Ry)=  0.0010
                       cart. coord. in units 2pi/alat
        k(    1) = (   0.0000000   0.0000000   0.0000000), wk =   2.0000000

                       cryst. coord.
        k(    1) = (   0.0000000   0.0000000   0.0000000), wk =   2.0000000

     Dense  grid:    33477 G-vectors     FFT dimensions: (  60,  60,  60)

     Smooth grid:    11795 G-vectors     FFT dimensions: (  45,  45,  45)

     Dynamical RAM for                 wfc:       0.77 MB

     Dynamical RAM for     wfc (w. buffer):       0.77 MB

     Dynamical RAM for           str. fact:       1.53 MB

     Dynamical RAM for           local pot:       0.00 MB

     Dynamical RAM for          nlocal pot:       2.26 MB

     Dynamical RAM for                qrad:       8.96 MB

     Dynamical RAM for          rho,v,vnew:       6.48 MB

     Dynamical RAM for               rhoin:       2.16 MB

     Dynamical RAM for            rho*nmix:       8.17 MB

     Dynamical RAM for           G-vectors:       2.01 MB

     Dynamical RAM for          h,s,v(r/c):       0.11 MB

     Dynamical RAM for          <psi|beta>:       0.03 MB

     Dynamical RAM for                 psi:       1.54 MB

     Dynamical RAM for                hpsi:       1.54 MB

     Dynamical RAM for                spsi:       1.54 MB

     Dynamical RAM for      wfcinit/wfcrot:       1.75 MB

     Dynamical RAM for           addusdens:     101.65 MB

     Dynamical RAM for          addusforce:     101.91 MB

     Dynamical RAM for         addusstress:     114.93 MB

     Estimated static dynamical RAM per process >      34.45 MB

     Estimated max dynamical RAM per process >     157.55 MB

     Initial potential from superposition of free atoms

     starting charge      55.9357, renormalised to      56.0000
     Starting wfcs are   38 randomized atomic wfcs

     total cpu time spent up to now is        8.5 secs

     Self-consistent Calculation

     iteration #  1     ecut=    30.00 Ry     beta= 0.70
     Davidson diagonalization with overlap

---- Real-time Memory Report at c_bands before calling an iterative solver
           342 MiB given to the printing process from OS
             0 MiB allocation reported by mallinfo(arena+hblkhd)
         41084 MiB available memory on the node where the printing process lives
------------------
     ethr =  1.00E-02,  avg # of iterations =  4.0

     Threshold (ethr) on eigenvalues was too large:
     Diagonalizing with lowered threshold

     Davidson diagonalization with overlap

---- Real-time Memory Report at c_bands before calling an iterative solver
           417 MiB given to the printing process from OS
             0 MiB allocation reported by mallinfo(arena+hblkhd)
         41028 MiB available memory on the node where the printing process lives
------------------
     ethr =  4.83E-04,  avg # of iterations =  1.0

     total cpu time spent up to now is       12.8 secs

     total energy              =    -660.99806027 Ry
     estimated scf accuracy    <       0.24373413 Ry

     iteration #  2     ecut=    30.00 Ry     beta= 0.70
     Davidson diagonalization with overlap

---- Real-time Memory Report at c_bands before calling an iterative solver
           448 MiB given to the printing process from OS
             0 MiB allocation reported by mallinfo(arena+hblkhd)
         40994 MiB available memory on the node where the printing process lives
------------------
     ethr =  4.35E-04,  avg # of iterations =  2.0

     total cpu time spent up to now is       15.0 secs

     total energy              =    -661.04501823 Ry
     estimated scf accuracy    <       0.20920255 Ry

     iteration #  3     ecut=    30.00 Ry     beta= 0.70
     Davidson diagonalization with overlap

---- Real-time Memory Report at c_bands before calling an iterative solver
           454 MiB given to the printing process from OS
             0 MiB allocation reported by mallinfo(arena+hblkhd)
         40989 MiB available memory on the node where the printing process lives
------------------
     ethr =  3.74E-04,  avg # of iterations =  7.0

     total cpu time spent up to now is       17.2 secs

     total energy              =    -661.09537397 Ry
     estimated scf accuracy    <       0.00306657 Ry

     iteration #  4     ecut=    30.00 Ry     beta= 0.70
     Davidson diagonalization with overlap

---- Real-time Memory Report at c_bands before calling an iterative solver
           454 MiB given to the printing process from OS
             0 MiB allocation reported by mallinfo(arena+hblkhd)
         40986 MiB available memory on the node where the printing process lives
------------------
     ethr =  5.48E-06,  avg # of iterations =  4.0

     total cpu time spent up to now is       19.0 secs

     total energy              =    -661.09585605 Ry
     estimated scf accuracy    <       0.00011209 Ry

     iteration #  5     ecut=    30.00 Ry     beta= 0.70
     Davidson diagonalization with overlap

---- Real-time Memory Report at c_bands before calling an iterative solver
           454 MiB given to the printing process from OS
             0 MiB allocation reported by mallinfo(arena+hblkhd)
         40991 MiB available memory on the node where the printing process lives
------------------
     ethr =  2.00E-07,  avg # of iterations =  3.0

     total cpu time spent up to now is       20.8 secs

     total energy              =    -661.09589740 Ry
     estimated scf accuracy    <       0.00000551 Ry

     iteration #  6     ecut=    30.00 Ry     beta= 0.70
     Davidson diagonalization with overlap

---- Real-time Memory Report at c_bands before calling an iterative solver
           458 MiB given to the printing process from OS
             0 MiB allocation reported by mallinfo(arena+hblkhd)
         40993 MiB available memory on the node where the printing process lives
------------------
     ethr =  9.84E-09,  avg # of iterations =  5.0

     total cpu time spent up to now is       21.7 secs

     total energy              =    -661.09590047 Ry
     estimated scf accuracy    <       0.00000197 Ry

     iteration #  7     ecut=    30.00 Ry     beta= 0.70
     Davidson diagonalization with overlap

---- Real-time Memory Report at c_bands before calling an iterative solver
           458 MiB given to the printing process from OS
             0 MiB allocation reported by mallinfo(arena+hblkhd)
         40991 MiB available memory on the node where the printing process lives
------------------
     ethr =  3.51E-09,  avg # of iterations =  2.0

     total cpu time spent up to now is       22.1 secs

     End of self-consistent calculation

          k = 0.0000 0.0000 0.0000 (  1488 PWs)   bands (ev):

   -97.8629 -97.8612 -48.9126 -48.9125 -48.9125 -48.9097 -48.9097 -48.9096
   -20.7996 -15.2506  -4.9080  -4.9080  -4.9079  -2.1283  -2.1283  -2.1282
     3.2079   4.0617   4.0617   4.3830   4.3830   4.3830   4.4351   4.4352
     4.4352   4.6594   4.6594   6.3434   8.1841   8.1841   8.1841  10.6502
    10.6502  12.4211

     occupation numbers 
     1.0000   1.0000   1.0000   1.0000   1.0000   1.0000   1.0000   1.0000
     1.0000   1.0000   1.0000   1.0000   1.0000   1.0000   1.0000   1.0000
     1.0000   1.0000   1.0000   1.0000   1.0000   1.0000   1.0000   1.0000
     1.0000   1.0000   1.0000   1.0000  -0.0000  -0.0000  -0.0000  -0.0000
    -0.0000  -0.0000

     the Fermi energy is     7.3748 ev

!    total energy              =    -661.09590088 Ry
     estimated scf accuracy    <       0.00000008 Ry
     smearing contrib. (-TS)   =       0.00000000 Ry
     internal energy E=F+TS    =    -661.09590088 Ry

     The total energy is F=E-TS. E is the sum of the following terms:
     one-electron contribution =    -404.93741207 Ry
     hartree contribution      =     208.86605278 Ry
     xc contribution           =     -88.36028405 Ry
     ewald contribution        =    -376.66425755 Ry

     convergence has been achieved in   7 iterations

     Forces acting on atoms (cartesian axes, Ry/au):

     atom    1 type  1   force =     0.00000000    0.00000000   -0.00000000
     atom    2 type  2   force =     0.00000000    0.00000000   -0.00000000
     atom    3 type  3   force =     0.00000000    0.00000000    0.00001782
     atom    4 type  3   force =     0.00000000    0.00000000   -0.00001782
     The non-local contrib.  to forces
     atom    1 type  1   force =     0.00000000    0.00000000   -0.00000000
     atom    2 type  2   force =    -0.00000000    0.00000000    0.00000000
     atom    3 type  3   force =     0.00000000   -0.00000000    0.00001501
     atom    4 type  3   force =    -0.00000000    0.00000000   -0.00001501
     The ionic contribution  to forces
     atom    1 type  1   force =    -0.00000000    0.00000000   -0.00000000
     atom    2 type  2   force =     0.00000000    0.00000000    0.00000000
     atom    3 type  3   force =    -0.00000000    0.00000000   -0.00000000
     atom    4 type  3   force =     0.00000000   -0.00000000    0.00000000
     The local contribution  to forces
     atom    1 type  1   force =    -0.00005873   -0.00001812   -0.00006064
     atom    2 type  2   force =     0.00003107    0.00003702    0.00004116
     atom    3 type  3   force =     0.00007446    0.00049852   -0.00009837
     atom    4 type  3   force =    -0.00016872   -0.00056343   -0.00001136
     The core correction contribution to forces
     atom    1 type  1   force =    -0.00000695    0.00000205   -0.00000124
     atom    2 type  2   force =     0.00000000    0.00000000    0.00000000
     atom    3 type  3   force =     0.00000000    0.00000000    0.00000000
     atom    4 type  3   force =     0.00000000    0.00000000    0.00000000
     The Hubbard contrib.    to forces
     atom    1 type  1   force =     0.00000000    0.00000000    0.00000000
     atom    2 type  2   force =     0.00000000    0.00000000    0.00000000
     atom    3 type  3   force =     0.00000000    0.00000000    0.00000000
     atom    4 type  3   force =     0.00000000    0.00000000    0.00000000
     The SCF correction term to forces
     atom    1 type  1   force =     0.00002462    0.00001785    0.00002291
     atom    2 type  2   force =    -0.00003171   -0.00002556   -0.00004644
     atom    3 type  3   force =    -0.00010386   -0.00066276    0.00011350
     atom    4 type  3   force =     0.00020456    0.00064900    0.00002087

     Total force =     0.000025     Total SCF correction =     0.000965
     SCF correction compared to forces is large: reduce conv_thr to get better values


     Computing stress (Cartesian axis) and pressure

          total   stress  (Ry/bohr**3)                   (kbar)     P=     -183.24
  -0.00124569   0.00000000   0.00000000         -183.25        0.00        0.00
   0.00000000  -0.00124569  -0.00000000            0.00     -183.25       -0.00
   0.00000000  -0.00000000  -0.00124564            0.00       -0.00     -183.24

     kinetic stress (kbar)  17668.79      0.00      0.00
                                0.00  17668.79      0.00
                                0.00      0.00  17668.79

     local   stress (kbar) -10841.88     -0.01     -0.00
                               -0.01 -10841.87     -0.01
                               -0.00     -0.01 -10841.86

     nonloc. stress (kbar)   3693.85     -0.00     -0.00
                               -0.00   3693.85      0.00
                               -0.00      0.00   3693.85

     hartree stress (kbar)   9581.89     -0.00      0.00
                               -0.00   9581.89     -0.00
                                0.00     -0.00   9581.89

     exc-cor stress (kbar)    291.59      0.00     -0.00
                                0.00    291.59      0.00
                               -0.00      0.00    291.59

     corecor stress (kbar)  -3297.73     -0.00      0.00
                               -0.00  -3297.73     -0.00
                                0.00     -0.00  -3297.73

     ewald   stress (kbar) -17279.76      0.00      0.00
                                0.00 -17279.76      0.00
                                0.00      0.00 -17279.76

     hubbard stress (kbar)      0.00      0.00      0.00
                                0.00      0.00      0.00
                                0.00      0.00      0.00

     DFT-D   stress (kbar)      0.00      0.00      0.00
                                0.00      0.00      0.00
                                0.00      0.00      0.00

     XDM     stress (kbar)      0.00      0.00      0.00
                                0.00      0.00      0.00
                                0.00      0.00      0.00

     dft-nl  stress (kbar)      0.00      0.00      0.00
                                0.00      0.00      0.00
                                0.00      0.00      0.00

     TS-vdW  stress (kbar)      0.00      0.00      0.00
                                0.00      0.00      0.00
                                0.00      0.00      0.00


                                0.00      0.00      0.00
                                0.00      0.00      0.00


                                0.00      0.00      0.00


     Writing all to output data dir new_calculations/myprefix.save/
 
     init_run     :    211.59s CPU      8.30s WALL (       1 calls)
     electrons    :    398.28s CPU     13.70s WALL (       1 calls)
     forces       :      2.69s CPU      0.09s WALL (       1 calls)
     stress       :      5.85s CPU      0.19s WALL (       1 calls)

     Called by init_run:
     wfcinit      :     93.79s CPU      3.49s WALL (       1 calls)
     wfcinit:atom :      0.02s CPU      0.00s WALL (       1 calls)
     wfcinit:wfcr :     93.53s CPU      3.48s WALL (       1 calls)
     potinit      :     45.70s CPU      1.76s WALL (       1 calls)
     hinit0       :     70.45s CPU      2.97s WALL (       1 calls)

     Called by electrons:
     c_bands      :    313.40s CPU     10.78s WALL (       8 calls)
     sum_band     :     66.56s CPU      2.28s WALL (       8 calls)
     v_of_rho     :      5.94s CPU      0.21s WALL (       8 calls)
     v_h          :      0.42s CPU      0.02s WALL (       8 calls)
     v_xc         :      6.48s CPU      0.23s WALL (      10 calls)
     newd         :     11.36s CPU      0.40s WALL (       8 calls)
     mix_rho      :      1.01s CPU      0.04s WALL (       8 calls)

     Called by c_bands:
     init_us_2    :      0.34s CPU      0.02s WALL (      17 calls)
     init_us_2:cp :      0.31s CPU      0.02s WALL (      17 calls)
     regterg      :    312.43s CPU     10.75s WALL (       8 calls)

     Called by sum_band:
     sum_band:wei :      0.01s CPU      0.00s WALL (       8 calls)
     sum_band:loo :     49.77s CPU      1.69s WALL (       8 calls)
     sum_band:buf :      0.01s CPU      0.00s WALL (       8 calls)
     sum_band:ini :      0.10s CPU      0.00s WALL (       8 calls)
     sum_band:cal :      0.58s CPU      0.02s WALL (       8 calls)
     sum_band:bec :      0.02s CPU      0.00s WALL (       8 calls)
     addusdens    :     15.57s CPU      0.55s WALL (       8 calls)
     addusd:skk   :      0.03s CPU      0.00s WALL (       8 calls)
     addusd:dgemm :      3.50s CPU      0.13s WALL (       8 calls)
     addusd:qvan2 :      9.57s CPU      0.33s WALL (       8 calls)

     Called by *egterg:
     rdiaghg      :      1.70s CPU      0.06s WALL (      35 calls)
     regterg:over :      4.49s CPU      0.15s WALL (      28 calls)
     regterg:upda :      0.24s CPU      0.01s WALL (      28 calls)
     regterg:last :      0.41s CPU      0.02s WALL (      16 calls)
     h_psi        :    396.31s CPU     13.89s WALL (      37 calls)
     s_psi        :      0.11s CPU      0.00s WALL (      37 calls)
     g_psi        :      0.07s CPU      0.00s WALL (      28 calls)

     Called by h_psi:
     h_psi:calbec :      6.05s CPU      0.21s WALL (      37 calls)
     vloc_psi     :    389.85s CPU     13.66s WALL (      37 calls)
     add_vuspsi   :      0.19s CPU      0.01s WALL (      37 calls)

     General routines
     calbec       :      6.59s CPU      0.23s WALL (      50 calls)
     fft          :     62.32s CPU      2.48s WALL (     107 calls)
     ffts         :     44.67s CPU      1.71s WALL (      16 calls)
     fftw         :    430.48s CPU     15.03s WALL (     872 calls)
     interpolate  :     45.03s CPU      1.73s WALL (       8 calls)
 
     Parallel routines
 
     PWSCF        :  10m25.65s CPU     22.85s WALL

 
   This run was terminated on:  12:45: 0  20May2023            

=------------------------------------------------------------------------------=
   JOB DONE.
=------------------------------------------------------------------------------=
