
     Program PWSCF v.7.0 starts on 21May2023 at 19:37:39 

     This program is part of the open-source Quantum ESPRESSO suite
     for quantum simulation of materials; please cite
         "P. Giannozzi et al., J. Phys.:Condens. Matter 21 395502 (2009);
         "P. Giannozzi et al., J. Phys.:Condens. Matter 29 465901 (2017);
         "P. Giannozzi et al., J. Chem. Phys. 152 154105 (2020);
          URL http://www.quantum-espresso.org", 
     in publications or presentations arising from this work. More details at
     http://www.quantum-espresso.org/quote

     Parallel version (MPI & OpenMP), running on      32 processor cores
     Number of MPI processes:                 1
     Threads/MPI process:                    32

     MPI processes distributed on     1 nodes
     48142 MiB available memory on the printing compute node when the environment starts
 
     Reading input from espresso_20821.pwi
Warning: card &CELL ignored
Warning: card / ignored

     Current dimensions of program PWSCF are:
     Max number of different atomic species (ntypx) = 10
     Max number of k-points (npk) =  40000
     Max angular momentum in pseudopotentials (lmaxx) =  4

     gamma-point specific algorithms are used
     Message from routine setup:
     using ibrav=0 with symmetry is DISCOURAGED, use correct ibrav instead

     Subspace diagonalization in iterative solution of the eigenvalue problem:
     a serial algorithm will be used

 
     G-vector sticks info
     --------------------
     sticks:   dense  smooth     PW     G-vecs:    dense   smooth      PW
     Sum         571     283     73                11737     4121     527
 
     Using Slab Decomposition
 


     bravais-lattice index     =            0
     lattice parameter (alat)  =       5.8519  a.u.
     unit-cell volume          =     187.3293 (a.u.)^3
     number of atoms/cell      =            3
     number of atomic types    =            2
     number of electrons       =        19.00
     number of Kohn-Sham states=           14
     kinetic-energy cutoff     =      30.0000  Ry
     charge density cutoff     =     240.0000  Ry
     scf convergence threshold =      1.0E-06
     mixing beta               =       0.7000
     number of iterations used =            8  plain     mixing
     Exchange-correlation=  SLA  PW   PBX  PBC
                           (   1   4   3   4   0   0   0)

     celldm(1)=   5.851878  celldm(2)=   0.000000  celldm(3)=   0.000000
     celldm(4)=   0.000000  celldm(5)=   0.000000  celldm(6)=   0.000000

     crystal axes: (cart. coord. in units of alat)
               a(1) = (   1.000000   0.000000   0.000000 )  
               a(2) = (  -0.500000   0.866025   0.000000 )  
               a(3) = (   0.000000   0.000000   1.079417 )  

     reciprocal axes: (cart. coord. in units 2 pi/alat)
               b(1) = (  1.000000  0.577350  0.000000 )  
               b(2) = (  0.000000  1.154701  0.000000 )  
               b(3) = (  0.000000  0.000000  0.926426 )  


     PseudoPot. # 1 for Ta read from file:
     /home/pragov/projects/rrg-bengioy-ad/pragov/crystal_structure_design/SSSP/Ta_pbe_v1.uspp.F.UPF
     MD5 check sum: f8bbe9446314a3b8ea5d9f3e3836c939
     Pseudo is Ultrasoft + core correction, Zval = 13.0
     Generated by new atomic code, or converted to UPF format
     Using radial grid of  921 points,  7 beta functions with: 
                l(1) =   0
                l(2) =   0
                l(3) =   1
                l(4) =   1
                l(5) =   2
                l(6) =   2
                l(7) =   3
     Q(r) pseudized with  6 coefficients,  rinner =    1.300   1.300   1.300
                                                       1.300   1.300   1.300
                                                       1.300

     PseudoPot. # 2 for B  read from file:
     /home/pragov/projects/rrg-bengioy-ad/pragov/crystal_structure_design/SSSP/b_pbe_v1.4.uspp.F.UPF
     MD5 check sum: cc6de2960df11db49a60e589f9ebb39b
     Pseudo is Ultrasoft + core correction, Zval =  3.0
     Generated by new atomic code, or converted to UPF format
     Using radial grid of  781 points,  4 beta functions with: 
                l(1) =   0
                l(2) =   0
                l(3) =   1
                l(4) =   1
     Q(r) pseudized with  8 coefficients,  rinner =    1.100   1.100   1.100


     atomic species   valence    mass     pseudopotential
        Ta            13.00   180.94788     Ta( 1.00)
        B              3.00    10.81000     B ( 1.00)

     24 Sym. Ops., with inversion, found


                                    s                        frac. trans.

      isym =  1     identity                                     

 cryst.   s( 1) = (     1          0          0      )
                  (     0          1          0      )
                  (     0          0          1      )

 cart.    s( 1) = (  1.0000000  0.0000000  0.0000000 )
                  (  0.0000000  1.0000000  0.0000000 )
                  (  0.0000000  0.0000000  1.0000000 )


      isym =  2     180 deg rotation - cart. axis [0,0,1]        

 cryst.   s( 2) = (    -1          0          0      )
                  (     0         -1          0      )
                  (     0          0          1      )

 cart.    s( 2) = ( -1.0000000 -0.0000000  0.0000000 )
                  (  0.0000000 -1.0000000  0.0000000 )
                  (  0.0000000  0.0000000  1.0000000 )


      isym =  3     180 deg rotation - cart. axis [0,1,0]        

 cryst.   s( 3) = (    -1          0          0      )
                  (     1          1          0      )
                  (     0          0         -1      )

 cart.    s( 3) = ( -1.0000000 -0.0000003  0.0000000 )
                  (  0.0000000  1.0000000  0.0000000 )
                  (  0.0000000  0.0000000 -1.0000000 )


      isym =  4     180 deg rotation - cart. axis [1,0,0]        

 cryst.   s( 4) = (     1          0          0      )
                  (    -1         -1          0      )
                  (     0          0         -1      )

 cart.    s( 4) = (  1.0000000  0.0000003  0.0000000 )
                  (  0.0000000 -1.0000000  0.0000000 )
                  (  0.0000000  0.0000000 -1.0000000 )


      isym =  5      60 deg rotation - cryst. axis [0,0,1]       

 cryst.   s( 5) = (     1          1          0      )
                  (    -1          0          0      )
                  (     0          0          1      )

 cart.    s( 5) = (  0.4999999 -0.8660255  0.0000000 )
                  (  0.8660253  0.5000001  0.0000000 )
                  (  0.0000000  0.0000000  1.0000000 )


      isym =  6      60 deg rotation - cryst. axis [0,0,-1]      

 cryst.   s( 6) = (     0         -1          0      )
                  (     1          1          0      )
                  (     0          0          1      )

 cart.    s( 6) = (  0.5000001  0.8660255  0.0000000 )
                  ( -0.8660253  0.4999999  0.0000000 )
                  (  0.0000000  0.0000000  1.0000000 )


      isym =  7     120 deg rotation - cryst. axis [0,0,1]       

 cryst.   s( 7) = (     0          1          0      )
                  (    -1         -1          0      )
                  (     0          0          1      )

 cart.    s( 7) = ( -0.5000001 -0.8660255  0.0000000 )
                  (  0.8660253 -0.4999999  0.0000000 )
                  (  0.0000000  0.0000000  1.0000000 )


      isym =  8     120 deg rotation - cryst. axis [0,0,-1]      

 cryst.   s( 8) = (    -1         -1          0      )
                  (     1          0          0      )
                  (     0          0          1      )

 cart.    s( 8) = ( -0.4999999  0.8660255  0.0000000 )
                  ( -0.8660253 -0.5000001  0.0000000 )
                  (  0.0000000  0.0000000  1.0000000 )


      isym =  9     180 deg rotation - cryst. axis [1,-1,0]      

 cryst.   s( 9) = (     0         -1          0      )
                  (    -1          0          0      )
                  (     0          0         -1      )

 cart.    s( 9) = (  0.5000001 -0.8660253  0.0000000 )
                  ( -0.8660253 -0.5000001  0.0000000 )
                  (  0.0000000  0.0000000 -1.0000000 )


      isym = 10     180 deg rotation - cryst. axis [2,1,0]       

 cryst.   s(10) = (     1          1          0      )
                  (     0         -1          0      )
                  (     0          0         -1      )

 cart.    s(10) = (  0.4999999  0.8660256  0.0000000 )
                  (  0.8660253 -0.4999999  0.0000000 )
                  (  0.0000000  0.0000000 -1.0000000 )


      isym = 11     180 deg rotation - cryst. axis [0,1,0]       

 cryst.   s(11) = (    -1         -1          0      )
                  (     0          1          0      )
                  (     0          0         -1      )

 cart.    s(11) = ( -0.4999999 -0.8660256  0.0000000 )
                  ( -0.8660253  0.4999999  0.0000000 )
                  (  0.0000000  0.0000000 -1.0000000 )


      isym = 12     180 deg rotation - cryst. axis [1,1,0]       

 cryst.   s(12) = (     0          1          0      )
                  (     1          0          0      )
                  (     0          0         -1      )

 cart.    s(12) = ( -0.5000001  0.8660253  0.0000000 )
                  (  0.8660253  0.5000001  0.0000000 )
                  (  0.0000000  0.0000000 -1.0000000 )


      isym = 13     inversion                                    

 cryst.   s(13) = (    -1          0          0      )
                  (     0         -1          0      )
                  (     0          0         -1      )

 cart.    s(13) = ( -1.0000000 -0.0000000  0.0000000 )
                  (  0.0000000 -1.0000000  0.0000000 )
                  (  0.0000000  0.0000000 -1.0000000 )


      isym = 14     inv. 180 deg rotation - cart. axis [0,0,1]   

 cryst.   s(14) = (     1          0          0      )
                  (     0          1          0      )
                  (     0          0         -1      )

 cart.    s(14) = (  1.0000000  0.0000000  0.0000000 )
                  (  0.0000000  1.0000000  0.0000000 )
                  (  0.0000000  0.0000000 -1.0000000 )


      isym = 15     inv. 180 deg rotation - cart. axis [0,1,0]   

 cryst.   s(15) = (     1          0          0      )
                  (    -1         -1          0      )
                  (     0          0          1      )

 cart.    s(15) = (  1.0000000  0.0000003  0.0000000 )
                  (  0.0000000 -1.0000000  0.0000000 )
                  (  0.0000000  0.0000000  1.0000000 )


      isym = 16     inv. 180 deg rotation - cart. axis [1,0,0]   

 cryst.   s(16) = (    -1          0          0      )
                  (     1          1          0      )
                  (     0          0          1      )

 cart.    s(16) = ( -1.0000000 -0.0000003  0.0000000 )
                  (  0.0000000  1.0000000  0.0000000 )
                  (  0.0000000  0.0000000  1.0000000 )


      isym = 17     inv.  60 deg rotation - cryst. axis [0,0,1]  

 cryst.   s(17) = (    -1         -1          0      )
                  (     1          0          0      )
                  (     0          0         -1      )

 cart.    s(17) = ( -0.4999999  0.8660255  0.0000000 )
                  ( -0.8660253 -0.5000001  0.0000000 )
                  (  0.0000000  0.0000000 -1.0000000 )


      isym = 18     inv.  60 deg rotation - cryst. axis [0,0,-1] 

 cryst.   s(18) = (     0          1          0      )
                  (    -1         -1          0      )
                  (     0          0         -1      )

 cart.    s(18) = ( -0.5000001 -0.8660255  0.0000000 )
                  (  0.8660253 -0.4999999  0.0000000 )
                  (  0.0000000  0.0000000 -1.0000000 )


      isym = 19     inv. 120 deg rotation - cryst. axis [0,0,1]  

 cryst.   s(19) = (     0         -1          0      )
                  (     1          1          0      )
                  (     0          0         -1      )

 cart.    s(19) = (  0.5000001  0.8660255  0.0000000 )
                  ( -0.8660253  0.4999999  0.0000000 )
                  (  0.0000000  0.0000000 -1.0000000 )


      isym = 20     inv. 120 deg rotation - cryst. axis [0,0,-1] 

 cryst.   s(20) = (     1          1          0      )
                  (    -1          0          0      )
                  (     0          0         -1      )

 cart.    s(20) = (  0.4999999 -0.8660255  0.0000000 )
                  (  0.8660253  0.5000001  0.0000000 )
                  (  0.0000000  0.0000000 -1.0000000 )


      isym = 21     inv. 180 deg rotation - cryst. axis [1,-1,0] 

 cryst.   s(21) = (     0          1          0      )
                  (     1          0          0      )
                  (     0          0          1      )

 cart.    s(21) = ( -0.5000001  0.8660253  0.0000000 )
                  (  0.8660253  0.5000001  0.0000000 )
                  (  0.0000000  0.0000000  1.0000000 )


      isym = 22     inv. 180 deg rotation - cryst. axis [2,1,0]  

 cryst.   s(22) = (    -1         -1          0      )
                  (     0          1          0      )
                  (     0          0          1      )

 cart.    s(22) = ( -0.4999999 -0.8660256  0.0000000 )
                  ( -0.8660253  0.4999999  0.0000000 )
                  (  0.0000000  0.0000000  1.0000000 )


      isym = 23     inv. 180 deg rotation - cryst. axis [0,1,0]  

 cryst.   s(23) = (     1          1          0      )
                  (     0         -1          0      )
                  (     0          0          1      )

 cart.    s(23) = (  0.4999999  0.8660256  0.0000000 )
                  (  0.8660253 -0.4999999  0.0000000 )
                  (  0.0000000  0.0000000  1.0000000 )


      isym = 24     inv. 180 deg rotation - cryst. axis [1,1,0]  

 cryst.   s(24) = (     0         -1          0      )
                  (    -1          0          0      )
                  (     0          0          1      )

 cart.    s(24) = (  0.5000001 -0.8660253  0.0000000 )
                  ( -0.8660253 -0.5000001  0.0000000 )
                  (  0.0000000  0.0000000  1.0000000 )


   Cartesian axes

     site n.     atom                  positions (alat units)
         1           Ta  tau(   1) = (   0.0000000   0.0000000   0.0000000  )
         2           B   tau(   2) = (   0.5000005   0.2886748   0.5397086  )
         3           B   tau(   3) = (  -0.0000006   0.5773505   0.5397086  )

   Crystallographic axes

     site n.     atom                  positions (cryst. coord.)
         1           Ta  tau(   1) = (  0.0000000  0.0000000  0.0000000  )
         2           B   tau(   2) = (  0.6666670  0.3333330  0.5000000  )
         3           B   tau(   3) = (  0.3333330  0.6666670  0.5000000  )

     number of k points=     1  Methfessel-Paxton smearing, width (Ry)=  0.0010
                       cart. coord. in units 2pi/alat
        k(    1) = (   0.0000000   0.0000000   0.0000000), wk =   2.0000000

                       cryst. coord.
        k(    1) = (   0.0000000   0.0000000   0.0000000), wk =   2.0000000

     Dense  grid:     5869 G-vectors     FFT dimensions: (  30,  30,  32)

     Smooth grid:     2061 G-vectors     FFT dimensions: (  24,  24,  24)

     Dynamical RAM for                 wfc:       0.06 MB

     Dynamical RAM for     wfc (w. buffer):       0.06 MB

     Dynamical RAM for           str. fact:       0.18 MB

     Dynamical RAM for           local pot:       0.00 MB

     Dynamical RAM for          nlocal pot:       0.16 MB

     Dynamical RAM for                qrad:       4.64 MB

     Dynamical RAM for          rho,v,vnew:       0.93 MB

     Dynamical RAM for               rhoin:       0.31 MB

     Dynamical RAM for            rho*nmix:       1.43 MB

     Dynamical RAM for           G-vectors:       0.35 MB

     Dynamical RAM for          h,s,v(r/c):       0.02 MB

     Dynamical RAM for          <psi|beta>:       0.00 MB

     Dynamical RAM for                 psi:       0.11 MB

     Dynamical RAM for                hpsi:       0.11 MB

     Dynamical RAM for                spsi:       0.11 MB

     Dynamical RAM for      wfcinit/wfcrot:       0.18 MB

     Dynamical RAM for           addusdens:      31.70 MB

     Dynamical RAM for          addusforce:      31.94 MB

     Dynamical RAM for         addusstress:      33.94 MB

     Estimated static dynamical RAM per process >       8.00 MB

     Estimated max dynamical RAM per process >      43.37 MB

     Initial potential from superposition of free atoms

     starting charge      18.9983, renormalised to      19.0000

     negative rho (up, down):  9.218E-02 0.000E+00
     Starting wfcs are   21 randomized atomic wfcs

     total cpu time spent up to now is        2.4 secs

     Self-consistent Calculation

     iteration #  1     ecut=    30.00 Ry     beta= 0.70
     Davidson diagonalization with overlap

---- Real-time Memory Report at c_bands before calling an iterative solver
           236 MiB given to the printing process from OS
             0 MiB allocation reported by mallinfo(arena+hblkhd)
         48131 MiB available memory on the node where the printing process lives
------------------
     ethr =  1.00E-02,  avg # of iterations =  2.0

     Threshold (ethr) on eigenvalues was too large:
     Diagonalizing with lowered threshold

     Davidson diagonalization with overlap

---- Real-time Memory Report at c_bands before calling an iterative solver
           238 MiB given to the printing process from OS
             0 MiB allocation reported by mallinfo(arena+hblkhd)
         48129 MiB available memory on the node where the printing process lives
------------------
     ethr =  4.92E-04,  avg # of iterations =  2.0

     negative rho (up, down):  9.272E-02 0.000E+00

     total cpu time spent up to now is        2.5 secs

     total energy              =    -154.02863130 Ry
     estimated scf accuracy    <       0.09486476 Ry

     iteration #  2     ecut=    30.00 Ry     beta= 0.70
     Davidson diagonalization with overlap

---- Real-time Memory Report at c_bands before calling an iterative solver
           245 MiB given to the printing process from OS
             0 MiB allocation reported by mallinfo(arena+hblkhd)
         48122 MiB available memory on the node where the printing process lives
------------------
     ethr =  4.99E-04,  avg # of iterations =  2.0

     negative rho (up, down):  9.301E-02 0.000E+00

     total cpu time spent up to now is        2.6 secs

     total energy              =    -154.03282313 Ry
     estimated scf accuracy    <       0.06617370 Ry

     iteration #  3     ecut=    30.00 Ry     beta= 0.70
     Davidson diagonalization with overlap

---- Real-time Memory Report at c_bands before calling an iterative solver
           246 MiB given to the printing process from OS
             0 MiB allocation reported by mallinfo(arena+hblkhd)
         48122 MiB available memory on the node where the printing process lives
------------------
     ethr =  3.48E-04,  avg # of iterations =  2.0

     negative rho (up, down):  9.305E-02 0.000E+00

     total cpu time spent up to now is        2.7 secs

     total energy              =    -154.04774802 Ry
     estimated scf accuracy    <       0.03983884 Ry

     iteration #  4     ecut=    30.00 Ry     beta= 0.70
     Davidson diagonalization with overlap

---- Real-time Memory Report at c_bands before calling an iterative solver
           248 MiB given to the printing process from OS
             0 MiB allocation reported by mallinfo(arena+hblkhd)
         48124 MiB available memory on the node where the printing process lives
------------------
     ethr =  2.10E-04,  avg # of iterations =  1.0

     negative rho (up, down):  9.309E-02 0.000E+00

     total cpu time spent up to now is        2.8 secs

     total energy              =    -154.05077159 Ry
     estimated scf accuracy    <       0.03969846 Ry

     iteration #  5     ecut=    30.00 Ry     beta= 0.70
     Davidson diagonalization with overlap

---- Real-time Memory Report at c_bands before calling an iterative solver
           249 MiB given to the printing process from OS
             0 MiB allocation reported by mallinfo(arena+hblkhd)
         48122 MiB available memory on the node where the printing process lives
------------------
     ethr =  2.09E-04,  avg # of iterations =  1.0

     negative rho (up, down):  9.308E-02 0.000E+00

     total cpu time spent up to now is        2.9 secs

     total energy              =    -154.05121148 Ry
     estimated scf accuracy    <       0.00235803 Ry

     iteration #  6     ecut=    30.00 Ry     beta= 0.70
     Davidson diagonalization with overlap

---- Real-time Memory Report at c_bands before calling an iterative solver
           249 MiB given to the printing process from OS
             0 MiB allocation reported by mallinfo(arena+hblkhd)
         48122 MiB available memory on the node where the printing process lives
------------------
     ethr =  1.24E-05,  avg # of iterations =  2.0

     negative rho (up, down):  9.308E-02 0.000E+00

     total cpu time spent up to now is        3.0 secs

     total energy              =    -154.05171724 Ry
     estimated scf accuracy    <       0.03182076 Ry

     iteration #  7     ecut=    30.00 Ry     beta= 0.70
     Davidson diagonalization with overlap

---- Real-time Memory Report at c_bands before calling an iterative solver
           249 MiB given to the printing process from OS
             0 MiB allocation reported by mallinfo(arena+hblkhd)
         48156 MiB available memory on the node where the printing process lives
------------------
     ethr =  1.24E-05,  avg # of iterations =  1.0

     negative rho (up, down):  9.308E-02 0.000E+00

     total cpu time spent up to now is        3.1 secs

     total energy              =    -154.05108627 Ry
     estimated scf accuracy    <       0.02824461 Ry

     iteration #  8     ecut=    30.00 Ry     beta= 0.70
     Davidson diagonalization with overlap

---- Real-time Memory Report at c_bands before calling an iterative solver
           249 MiB given to the printing process from OS
             0 MiB allocation reported by mallinfo(arena+hblkhd)
         48121 MiB available memory on the node where the printing process lives
------------------
     ethr =  1.24E-05,  avg # of iterations =  1.0

     negative rho (up, down):  9.307E-02 0.000E+00

     total cpu time spent up to now is        3.2 secs

     total energy              =    -154.05140291 Ry
     estimated scf accuracy    <       0.00555385 Ry

     iteration #  9     ecut=    30.00 Ry     beta= 0.70
     Davidson diagonalization with overlap

---- Real-time Memory Report at c_bands before calling an iterative solver
           249 MiB given to the printing process from OS
             0 MiB allocation reported by mallinfo(arena+hblkhd)
         48103 MiB available memory on the node where the printing process lives
------------------
     ethr =  1.24E-05,  avg # of iterations =  1.0

     negative rho (up, down):  9.307E-02 0.000E+00

     total cpu time spent up to now is        3.3 secs

     total energy              =    -154.05145609 Ry
     estimated scf accuracy    <       0.00076337 Ry

     iteration # 10     ecut=    30.00 Ry     beta= 0.70
     Davidson diagonalization with overlap

---- Real-time Memory Report at c_bands before calling an iterative solver
           249 MiB given to the printing process from OS
             0 MiB allocation reported by mallinfo(arena+hblkhd)
         48103 MiB available memory on the node where the printing process lives
------------------
     ethr =  4.02E-06,  avg # of iterations =  1.0

     negative rho (up, down):  9.307E-02 0.000E+00

     total cpu time spent up to now is        3.4 secs

     total energy              =    -154.05146303 Ry
     estimated scf accuracy    <       0.00056340 Ry

     iteration # 11     ecut=    30.00 Ry     beta= 0.70
     Davidson diagonalization with overlap

---- Real-time Memory Report at c_bands before calling an iterative solver
           249 MiB given to the printing process from OS
             0 MiB allocation reported by mallinfo(arena+hblkhd)
         48103 MiB available memory on the node where the printing process lives
------------------
     ethr =  2.97E-06,  avg # of iterations =  1.0

     negative rho (up, down):  9.307E-02 0.000E+00

     total cpu time spent up to now is        3.4 secs

     total energy              =    -154.05147082 Ry
     estimated scf accuracy    <       0.00012470 Ry

     iteration # 12     ecut=    30.00 Ry     beta= 0.70
     Davidson diagonalization with overlap

---- Real-time Memory Report at c_bands before calling an iterative solver
           249 MiB given to the printing process from OS
             0 MiB allocation reported by mallinfo(arena+hblkhd)
         48102 MiB available memory on the node where the printing process lives
------------------
     ethr =  6.56E-07,  avg # of iterations =  4.0

     negative rho (up, down):  9.307E-02 0.000E+00

     total cpu time spent up to now is        3.5 secs

     total energy              =    -154.05147109 Ry
     estimated scf accuracy    <       0.00003736 Ry

     iteration # 13     ecut=    30.00 Ry     beta= 0.70
     Davidson diagonalization with overlap

---- Real-time Memory Report at c_bands before calling an iterative solver
           249 MiB given to the printing process from OS
             0 MiB allocation reported by mallinfo(arena+hblkhd)
         48102 MiB available memory on the node where the printing process lives
------------------
     ethr =  1.97E-07,  avg # of iterations =  1.0

     negative rho (up, down):  9.307E-02 0.000E+00

     total cpu time spent up to now is        3.6 secs

     total energy              =    -154.05147071 Ry
     estimated scf accuracy    <       0.00002510 Ry

     iteration # 14     ecut=    30.00 Ry     beta= 0.70
     Davidson diagonalization with overlap

---- Real-time Memory Report at c_bands before calling an iterative solver
           249 MiB given to the printing process from OS
             0 MiB allocation reported by mallinfo(arena+hblkhd)
         48103 MiB available memory on the node where the printing process lives
------------------
     ethr =  1.32E-07,  avg # of iterations =  1.0

     negative rho (up, down):  9.307E-02 0.000E+00

     total cpu time spent up to now is        3.7 secs

     total energy              =    -154.05147103 Ry
     estimated scf accuracy    <       0.00000199 Ry

     iteration # 15     ecut=    30.00 Ry     beta= 0.70
     Davidson diagonalization with overlap

---- Real-time Memory Report at c_bands before calling an iterative solver
           249 MiB given to the printing process from OS
             0 MiB allocation reported by mallinfo(arena+hblkhd)
         48103 MiB available memory on the node where the printing process lives
------------------
     ethr =  1.05E-08,  avg # of iterations =  7.0

     negative rho (up, down):  9.307E-02 0.000E+00

     total cpu time spent up to now is        3.8 secs

     End of self-consistent calculation

          k = 0.0000 0.0000 0.0000 (   264 PWs)   bands (ev):

   -48.0595 -14.7336 -14.5361 -14.5361   3.5426  14.4904  14.4905  15.0938
    15.2311  21.8331  21.8331  22.5966  22.5967  22.8277

     occupation numbers 
     1.0000   1.0000   1.0000   1.0000   1.0000   1.0000   1.0000   1.0000
     1.0000   0.2505   0.2495  -0.0000  -0.0000  -0.0000

     the Fermi energy is    21.8289 ev

!    total energy              =    -154.05147116 Ry
     estimated scf accuracy    <       0.00000040 Ry
     smearing contrib. (-TS)   =      -0.00041261 Ry
     internal energy E=F+TS    =    -154.05105855 Ry

     The total energy is F=E-TS. E is the sum of the following terms:
     one-electron contribution =      -7.41561477 Ry
     hartree contribution      =      15.86776696 Ry
     xc contribution           =     -48.57539219 Ry
     ewald contribution        =    -113.92781855 Ry

     convergence has been achieved in  15 iterations

     negative rho (up, down):  9.307E-02 0.000E+00

     Forces acting on atoms (cartesian axes, Ry/au):

     atom    1 type  1   force =     0.00000000    0.00000000    0.00000000
     atom    2 type  2   force =     0.00000000   -0.00000000   -0.00000000
     atom    3 type  2   force =     0.00000000    0.00000000    0.00000000
     The non-local contrib.  to forces
     atom    1 type  1   force =     0.00000000    0.00000000   -0.00000000
     atom    2 type  2   force =     0.00000000   -0.00000000   -0.00000000
     atom    3 type  2   force =    -0.00000000    0.00000000    0.00000000
     The ionic contribution  to forces
     atom    1 type  1   force =     0.00000000   -0.00000000    0.00000000
     atom    2 type  2   force =    -0.00000901    0.00000520   -0.00000000
     atom    3 type  2   force =     0.00000901   -0.00000520   -0.00000000
     The local contribution  to forces
     atom    1 type  1   force =     0.00000278   -0.00000471    0.00186803
     atom    2 type  2   force =     0.00006494   -0.00019654   -0.00052506
     atom    3 type  2   force =    -0.00006977    0.00019361   -0.00052960
     The core correction contribution to forces
     atom    1 type  1   force =    -0.00000035   -0.00000131   -0.00003333
     atom    2 type  2   force =     0.00000024   -0.00000017   -0.00000357
     atom    3 type  2   force =    -0.00000030    0.00000008   -0.00000371
     The Hubbard contrib.    to forces
     atom    1 type  1   force =     0.00000000    0.00000000    0.00000000
     atom    2 type  2   force =     0.00000000    0.00000000    0.00000000
     atom    3 type  2   force =     0.00000000    0.00000000    0.00000000
     The SCF correction term to forces
     atom    1 type  1   force =    -0.00000067    0.00001258   -0.00200264
     atom    2 type  2   force =    -0.00002522    0.00008723    0.00034000
     atom    3 type  2   force =     0.00002702   -0.00008650    0.00034116

     Total force =     0.000000     Total SCF correction =     0.002064


     Computing stress (Cartesian axis) and pressure


     negative rho (up, down):  9.307E-02 0.000E+00
          total   stress  (Ry/bohr**3)                   (kbar)     P=      360.86
   0.00260985   0.00000000   0.00000000          383.92        0.00        0.00
   0.00000000   0.00260985   0.00000000            0.00      383.92        0.00
   0.00000000  -0.00000000   0.00213946            0.00       -0.00      314.72

     kinetic stress (kbar)  26156.93      0.00      0.00
                                0.00  26156.94      0.00
                                0.00      0.00  26374.94

     local   stress (kbar)  20885.15      0.50      0.03
                                0.50  20888.73     -0.06
                                0.03     -0.06  22885.47

     nonloc. stress (kbar) -14294.27     -0.00      0.00
                               -0.00 -14294.27     -0.00
                                0.00     -0.00 -14706.13

     hartree stress (kbar)   4522.91     -0.20     -0.01
                               -0.20   4521.46      0.02
                               -0.01      0.02   3416.20

     exc-cor stress (kbar)  16616.15     -0.01     -0.00
                               -0.01  16616.08      0.00
                               -0.00      0.00  16621.23

     corecor stress (kbar) -23903.55      0.03      0.00
                                0.03 -23903.35     -0.00
                                0.00     -0.00 -24013.34

     ewald   stress (kbar) -29600.53     -0.00     -0.00
                               -0.00 -29600.54     -0.00
                               -0.00     -0.00 -30263.64

     hubbard stress (kbar)      0.00      0.00      0.00
                                0.00      0.00      0.00
                                0.00      0.00      0.00

     DFT-D   stress (kbar)      0.00      0.00      0.00
                                0.00      0.00      0.00
                                0.00      0.00      0.00

     XDM     stress (kbar)      0.00      0.00      0.00
                                0.00      0.00      0.00
                                0.00      0.00      0.00

     dft-nl  stress (kbar)      0.00      0.00      0.00
                                0.00      0.00      0.00
                                0.00      0.00      0.00

     TS-vdW  stress (kbar)      0.00      0.00      0.00
                                0.00      0.00      0.00
                                0.00      0.00      0.00


                                0.00      0.00      0.00
                                0.00      0.00      0.00


                                0.00      0.00      0.00


     Writing all to output data dir new_calculations/myprefix.save/
 
     init_run     :     53.22s CPU      2.22s WALL (       1 calls)
     electrons    :     43.92s CPU      1.44s WALL (       1 calls)
     forces       :      1.34s CPU      0.05s WALL (       1 calls)
     stress       :      7.26s CPU      0.25s WALL (       1 calls)

     Called by init_run:
     wfcinit      :     12.45s CPU      0.41s WALL (       1 calls)
     wfcinit:atom :      0.01s CPU      0.00s WALL (       1 calls)
     wfcinit:wfcr :     12.40s CPU      0.41s WALL (       1 calls)
     potinit      :     11.80s CPU      0.39s WALL (       1 calls)
     hinit0       :     27.72s CPU      1.38s WALL (       1 calls)

     Called by electrons:
     c_bands      :     13.02s CPU      0.42s WALL (      16 calls)
     sum_band     :     12.48s CPU      0.41s WALL (      16 calls)
     v_of_rho     :      1.64s CPU      0.05s WALL (      16 calls)
     v_h          :      0.16s CPU      0.01s WALL (      16 calls)
     v_xc         :      1.62s CPU      0.05s WALL (      18 calls)
     newd         :     16.86s CPU      0.56s WALL (      16 calls)
     mix_rho      :      0.50s CPU      0.02s WALL (      16 calls)

     Called by c_bands:
     init_us_2    :      0.23s CPU      0.01s WALL (      33 calls)
     init_us_2:cp :      0.18s CPU      0.01s WALL (      33 calls)
     regterg      :     12.55s CPU      0.40s WALL (      16 calls)

     Called by sum_band:
     sum_band:wei :      0.04s CPU      0.00s WALL (      16 calls)
     sum_band:loo :      2.59s CPU      0.08s WALL (      16 calls)
     sum_band:buf :      0.01s CPU      0.00s WALL (      16 calls)
     sum_band:ini :      0.13s CPU      0.00s WALL (      16 calls)
     sum_band:cal :      0.03s CPU      0.00s WALL (      16 calls)
     sum_band:bec :      0.03s CPU      0.00s WALL (      16 calls)
     addusdens    :      9.52s CPU      0.32s WALL (      16 calls)
     addusd:skk   :      0.04s CPU      0.00s WALL (      32 calls)
     addusd:dgemm :      1.13s CPU      0.05s WALL (      32 calls)
     addusd:qvan2 :      6.93s CPU      0.22s WALL (      32 calls)

     Called by *egterg:
     rdiaghg      :      0.40s CPU      0.01s WALL (      45 calls)
     regterg:over :      0.04s CPU      0.00s WALL (      30 calls)
     regterg:upda :      0.04s CPU      0.00s WALL (      30 calls)
     regterg:last :      0.05s CPU      0.00s WALL (      23 calls)
     h_psi        :     23.86s CPU      0.77s WALL (      47 calls)
     s_psi        :      0.04s CPU      0.00s WALL (      47 calls)
     g_psi        :      0.04s CPU      0.00s WALL (      30 calls)

     Called by h_psi:
     h_psi:calbec :      0.15s CPU      0.00s WALL (      47 calls)
     vloc_psi     :     23.41s CPU      0.75s WALL (      47 calls)
     add_vuspsi   :      0.09s CPU      0.00s WALL (      47 calls)

     General routines
     calbec       :      0.12s CPU      0.00s WALL (      68 calls)
     fft          :     18.97s CPU      0.65s WALL (     195 calls)
     ffts         :     11.66s CPU      0.38s WALL (      32 calls)
     fftw         :     24.47s CPU      0.79s WALL (     626 calls)
     interpolate  :     11.77s CPU      0.39s WALL (      16 calls)
 
     Parallel routines
 
     PWSCF        :   1m51.66s CPU      4.40s WALL

 
   This run was terminated on:  19:37:44  21May2023            

=------------------------------------------------------------------------------=
   JOB DONE.
=------------------------------------------------------------------------------=
